D = 2;
n = [ 4 4 ];
N = 77;
d = [1 1 1 1 1 1 1 1 1 1 1 1 1 1 1 1 1 1 1 1 1 1 1 1 1 1 1 1 1 1 1 1 1 1 1 1 1 1 2 2 2 2 2 2 2 2 2 2 2 2 2 2 2 2 2 2 2 2 2 2 2 2 2 2 2 2 2 2 2 2 2 2 2 2 2 2 2 ];
m = [
[1.00 0.35 0.06 0.01 0.84 0.40 0.49 0.07 0.94 0.09 0.54 0.52 0.91 0.63 0.78 0.86 0.28 0.04 0.70 0.14 0.12 0.92 0.53 0.79 0.29 0.44 0.75 0.04 0.60 0.49 0.26 0.00 0.29 0.94 0.16 0.43 0.17 0.27 0.36 0.37 0.74 0.71 0.87 0.68 0.70 0.99 0.17 0.12 0.84 0.52 0.59 0.58 0.70 0.90 0.11 0.51 0.59 0.63 0.56 0.41 0.80 0.66 0.72 0.58 0.75 0.30 0.74 0.04 0.93 0.88 0.17 0.44 0.11 0.03 0.23 0.26 0.60 ]
[0.35 1.00 0.79 0.65 0.17 0.95 0.98 0.83 0.30 0.53 0.05 0.48 0.14 0.55 0.77 0.42 0.58 0.55 0.07 0.06 0.72 0.21 0.72 0.55 0.95 0.57 0.85 0.71 0.45 0.75 0.09 0.53 0.42 0.35 0.94 0.21 0.81 0.70 0.29 0.56 0.83 0.40 0.76 0.95 0.26 0.75 0.64 0.16 0.76 0.92 0.91 0.80 0.42 0.40 0.57 0.80 0.65 0.09 0.43 0.72 0.19 0.12 0.17 0.57 0.77 0.07 0.65 0.58 0.28 0.43 0.89 0.10 0.11 0.37 0.73 0.44 0.87 ]
[0.06 0.79 1.00 0.16 0.85 0.25 0.09 0.46 0.49 0.59 0.20 0.11 0.41 0.73 0.90 0.46 0.83 0.06 0.96 0.50 0.68 0.18 0.68 0.57 0.63 0.95 0.96 0.84 0.65 0.51 0.06 0.04 0.19 0.31 0.16 0.27 0.08 0.00 0.97 0.12 0.36 0.37 0.61 0.88 0.20 0.52 0.98 0.19 0.92 0.52 0.94 0.39 0.79 0.17 0.58 0.17 0.31 0.60 0.40 0.81 0.92 0.61 0.19 0.05 0.67 0.63 0.44 0.77 0.91 0.45 0.09 0.09 0.25 0.57 0.62 0.90 0.72 ]
[0.01 0.65 0.16 1.00 0.91 0.34 0.69 0.19 0.95 0.46 0.59 0.79 0.04 0.67 0.44 0.66 0.44 0.96 0.96 0.65 0.22 0.63 0.20 0.84 0.62 0.30 0.78 0.73 0.38 0.14 0.11 0.28 0.37 0.94 0.44 0.19 0.27 0.61 0.68 0.30 0.26 0.64 0.68 0.92 0.95 0.98 0.86 0.12 0.79 0.30 0.64 0.95 0.57 0.30 0.91 0.31 0.80 0.62 0.72 0.26 0.93 0.55 0.68 0.57 0.81 0.58 0.53 0.01 0.64 0.92 0.59 0.73 0.85 0.85 0.03 0.84 0.99 ]
[0.84 0.17 0.85 0.91 1.00 0.04 0.82 0.04 0.29 0.38 0.07 0.39 0.27 0.25 0.09 0.23 0.43 0.59 0.45 0.82 0.49 0.31 0.01 0.36 0.55 0.37 0.64 0.03 0.54 0.49 0.16 0.67 0.40 0.98 0.49 0.06 0.08 0.86 0.54 1.00 0.63 0.60 0.18 0.90 0.11 0.21 0.35 0.25 0.77 0.45 0.16 0.95 0.10 0.30 0.66 1.00 0.82 0.53 0.39 0.75 0.65 0.80 0.42 0.83 0.51 0.42 0.71 0.83 0.86 0.03 0.81 0.23 0.77 0.98 0.09 0.56 0.20 ]
[0.40 0.95 0.25 0.34 0.04 1.00 0.15 0.53 0.67 0.98 0.35 0.78 0.63 0.32 0.79 0.65 0.28 0.01 0.68 0.62 0.40 0.26 0.61 0.15 0.16 0.33 0.42 0.91 0.80 0.57 0.93 0.12 0.01 0.15 0.24 0.06 0.95 0.52 0.94 0.64 0.85 0.90 0.05 0.43 0.32 0.36 0.97 0.32 0.00 0.22 0.82 0.77 0.70 0.50 0.32 0.47 0.87 0.90 0.07 0.22 0.09 0.18 0.22 0.92 0.93 0.25 0.49 0.25 0.17 0.02 0.44 0.51 0.72 0.36 0.62 0.65 0.12 ]
[0.49 0.98 0.09 0.69 0.82 0.15 1.00 0.09 0.97 0.90 0.26 0.27 0.70 0.68 0.30 0.77 0.12 0.88 0.39 0.89 0.81 0.59 0.96 0.80 0.08 0.63 0.82 0.34 0.63 0.90 0.36 0.49 1.00 0.96 0.77 0.28 0.41 0.47 0.89 0.25 0.28 0.18 0.91 0.66 0.79 0.07 0.01 0.82 0.65 0.43 0.68 0.81 0.38 0.69 0.16 0.28 0.65 0.86 0.65 0.11 0.82 0.86 1.00 0.52 0.42 0.83 0.52 0.36 0.56 0.75 0.91 0.53 0.15 0.42 0.24 0.69 0.83 ]
[0.07 0.83 0.46 0.19 0.04 0.53 0.09 1.00 0.99 0.36 0.75 0.25 0.03 0.34 0.64 0.75 0.02 0.29 0.67 0.59 0.54 0.23 0.28 1.00 0.06 0.83 0.36 0.25 0.67 0.18 0.89 0.03 0.75 0.32 0.12 0.54 0.87 0.54 0.44 0.70 0.95 0.83 0.71 0.75 0.55 0.17 0.71 0.15 1.00 0.40 0.54 0.71 0.28 0.15 0.79 0.28 0.51 0.49 0.98 0.63 0.07 0.02 0.33 0.40 0.48 0.03 0.52 0.65 0.54 0.89 0.00 0.60 0.82 0.04 0.92 0.69 0.76 ]
[0.94 0.30 0.49 0.95 0.29 0.67 0.97 0.99 1.00 0.29 0.69 0.63 0.84 0.87 0.19 0.74 0.43 0.29 0.52 0.32 0.95 0.60 0.36 0.40 0.01 0.24 0.60 0.39 0.08 0.86 0.59 0.41 0.12 0.80 0.63 0.11 0.03 0.48 0.78 0.46 0.73 0.71 0.92 0.02 0.33 0.64 0.55 0.40 0.90 0.43 0.65 0.42 0.25 0.74 0.08 0.70 0.30 0.57 0.30 0.42 0.72 0.58 0.21 0.99 0.38 0.24 0.38 0.55 0.83 0.78 0.51 0.68 0.50 0.97 0.73 0.11 0.41 ]
[0.09 0.53 0.59 0.46 0.38 0.98 0.90 0.36 0.29 1.00 0.79 0.26 0.09 0.89 0.18 0.27 0.05 0.84 0.90 0.49 0.45 0.49 0.19 0.54 0.73 0.32 0.93 0.69 0.11 0.43 0.33 0.41 0.50 0.89 0.56 0.60 0.41 0.24 0.27 0.74 0.74 0.13 0.27 0.90 0.61 0.96 0.89 0.59 0.93 0.19 0.36 0.24 0.47 0.20 0.07 0.43 0.55 0.01 0.59 0.69 0.97 0.48 0.12 0.22 0.66 0.84 0.51 0.41 0.48 0.95 0.34 0.58 0.17 0.68 0.14 0.36 0.19 ]
[0.54 0.05 0.20 0.59 0.07 0.35 0.26 0.75 0.69 0.79 1.00 0.11 0.08 0.72 0.40 0.64 0.97 0.54 0.36 0.59 0.77 0.09 0.85 0.77 0.74 0.22 0.06 0.05 0.66 0.24 0.54 0.74 0.59 0.79 0.59 0.10 0.54 0.17 0.16 1.00 0.37 0.99 0.14 0.10 0.98 0.79 0.72 0.09 0.58 0.99 0.24 0.68 0.56 0.24 0.33 0.61 0.48 0.86 0.25 0.33 0.95 0.53 0.94 0.80 0.50 0.33 0.07 0.00 0.43 0.62 0.64 0.59 0.69 0.57 0.37 0.73 0.23 ]
[0.52 0.48 0.11 0.79 0.39 0.78 0.27 0.25 0.63 0.26 0.11 1.00 0.63 0.10 0.08 0.15 0.18 0.04 0.19 0.39 0.63 0.17 0.93 0.33 0.03 0.53 0.68 0.30 0.15 0.51 0.62 0.77 0.87 0.59 0.00 0.67 0.95 0.18 0.80 0.12 0.41 0.96 0.15 0.80 0.13 0.38 0.23 0.38 0.76 0.36 0.54 0.09 0.00 0.80 0.23 0.18 0.09 0.97 0.93 0.94 0.03 0.79 0.43 0.69 0.03 0.78 0.57 0.40 0.04 0.87 0.72 0.61 0.26 0.93 0.52 0.24 0.57 ]
[0.91 0.14 0.41 0.04 0.27 0.63 0.70 0.03 0.84 0.09 0.08 0.63 1.00 0.12 0.16 0.21 0.52 0.18 0.09 0.48 0.76 0.57 0.87 0.52 0.43 0.69 0.80 0.96 0.75 0.91 0.94 0.12 0.35 0.82 0.85 0.02 0.82 0.14 0.28 0.37 0.84 0.60 0.19 0.06 0.02 0.10 0.70 0.28 0.77 0.31 0.73 0.01 0.56 0.03 0.40 0.72 0.73 0.89 0.89 0.83 0.70 0.45 0.33 0.12 0.88 0.14 0.91 0.27 0.62 0.01 0.21 0.95 0.84 0.79 0.24 0.50 0.22 ]
[0.63 0.55 0.73 0.67 0.25 0.32 0.68 0.34 0.87 0.89 0.72 0.10 0.12 1.00 0.23 0.40 0.08 0.33 0.96 0.92 0.06 0.34 0.46 0.14 0.03 0.70 0.72 0.19 0.93 0.73 0.32 0.78 0.17 0.78 0.30 0.31 0.39 0.64 0.17 0.80 0.99 0.98 0.30 0.26 0.89 0.52 0.28 0.63 0.42 0.89 0.96 0.51 0.24 0.56 0.98 0.72 0.64 0.55 0.21 0.74 0.79 0.22 0.03 0.05 0.78 0.07 0.59 0.17 0.28 0.50 0.32 0.45 0.64 0.01 0.72 0.74 0.53 ]
[0.78 0.77 0.90 0.44 0.09 0.79 0.30 0.64 0.19 0.18 0.40 0.08 0.16 0.23 1.00 0.74 0.23 0.18 0.60 0.39 0.15 0.48 0.56 0.80 0.20 0.80 0.28 0.73 0.89 0.78 0.54 0.01 0.82 0.26 0.40 0.76 0.66 0.36 0.21 0.01 0.14 0.86 0.73 0.76 0.23 0.77 0.06 0.98 0.57 0.78 0.58 0.97 0.08 0.48 0.70 0.70 0.92 0.10 0.09 0.11 0.36 0.67 0.11 0.35 1.00 0.54 0.21 0.98 0.11 0.72 0.45 0.33 0.97 0.58 0.12 0.49 0.67 ]
[0.86 0.42 0.46 0.66 0.23 0.65 0.77 0.75 0.74 0.27 0.64 0.15 0.21 0.40 0.74 1.00 0.49 0.55 0.85 0.80 0.05 0.04 0.77 0.12 0.80 0.35 0.19 0.01 0.57 0.08 0.81 0.82 0.40 0.23 0.71 0.78 0.05 0.01 0.90 0.79 0.93 0.95 0.87 0.86 0.52 0.40 0.25 0.76 0.63 0.44 0.46 0.63 0.79 0.58 0.71 0.78 0.87 0.08 0.25 0.80 0.97 0.22 0.35 0.80 0.90 0.18 0.24 0.13 0.45 0.99 0.65 0.02 0.53 0.92 0.66 0.14 0.60 ]
[0.28 0.58 0.83 0.44 0.43 0.28 0.12 0.02 0.43 0.05 0.97 0.18 0.52 0.08 0.23 0.49 1.00 0.31 0.00 0.88 0.58 0.54 0.96 0.90 0.03 0.74 0.71 0.44 0.67 0.70 0.44 0.81 0.79 0.03 0.02 0.64 0.21 0.17 0.64 0.36 0.44 0.11 0.46 0.08 0.29 0.18 0.97 0.38 0.04 0.23 0.12 0.79 0.06 0.08 0.81 0.58 0.41 0.61 0.83 0.43 0.97 0.18 0.37 0.80 0.17 0.30 0.66 0.54 0.85 0.80 0.89 0.56 0.94 0.86 0.70 0.61 0.81 ]
[0.04 0.55 0.06 0.96 0.59 0.01 0.88 0.29 0.29 0.84 0.54 0.04 0.18 0.33 0.18 0.55 0.31 1.00 0.97 0.90 0.01 0.13 0.70 0.18 0.85 0.55 0.14 0.10 0.09 0.46 0.40 0.07 0.78 0.77 0.65 0.82 0.46 0.48 0.75 0.57 0.47 0.92 0.64 0.30 0.99 0.91 0.68 0.32 0.86 0.03 0.64 0.40 0.96 0.87 0.58 0.10 0.02 0.36 0.75 0.67 0.33 0.11 0.46 0.44 0.79 0.43 0.25 0.81 0.51 0.31 0.60 0.78 0.81 0.00 0.49 0.39 0.45 ]
[0.70 0.07 0.96 0.96 0.45 0.68 0.39 0.67 0.52 0.90 0.36 0.19 0.09 0.96 0.60 0.85 0.00 0.97 1.00 0.18 0.69 0.56 0.98 0.06 0.58 0.15 0.29 0.56 0.29 0.18 0.03 0.27 0.16 0.64 0.91 0.58 0.99 0.77 0.61 1.00 0.75 0.13 0.60 0.66 0.85 0.54 0.32 0.42 0.37 0.02 0.27 0.40 0.76 0.16 0.40 0.32 0.80 0.93 0.44 0.90 0.03 0.95 0.13 0.89 0.76 0.64 0.79 0.83 0.77 0.65 0.06 0.68 0.54 0.12 0.35 0.64 0.56 ]
[0.14 0.06 0.50 0.65 0.82 0.62 0.89 0.59 0.32 0.49 0.59 0.39 0.48 0.92 0.39 0.80 0.88 0.90 0.18 1.00 0.07 0.79 0.53 0.48 0.03 0.87 0.17 0.17 0.71 0.13 0.77 0.97 0.05 0.78 0.21 0.38 0.20 0.52 0.34 0.51 0.33 0.98 0.34 0.90 0.83 0.73 0.61 0.07 0.21 0.26 0.74 0.87 0.40 0.16 0.25 0.11 0.23 0.04 0.91 0.00 0.79 0.28 0.08 0.92 0.91 0.26 0.96 0.90 0.54 0.41 0.50 0.24 0.81 0.42 0.05 0.87 0.37 ]
[0.12 0.72 0.68 0.22 0.49 0.40 0.81 0.54 0.95 0.45 0.77 0.63 0.76 0.06 0.15 0.05 0.58 0.01 0.69 0.07 1.00 0.09 0.88 0.37 0.05 0.08 0.36 0.33 0.28 0.13 0.72 0.90 0.29 0.27 0.07 0.85 0.90 0.36 0.14 0.46 0.14 0.73 0.63 0.27 1.00 0.78 1.00 0.89 0.97 0.82 0.65 0.20 0.72 0.76 1.00 0.07 0.15 0.06 0.12 0.58 0.50 0.11 0.80 0.50 0.64 0.05 0.48 0.41 0.92 0.58 0.80 0.05 0.07 0.01 0.44 0.43 0.95 ]
[0.92 0.21 0.18 0.63 0.31 0.26 0.59 0.23 0.60 0.49 0.09 0.17 0.57 0.34 0.48 0.04 0.54 0.13 0.56 0.79 0.09 1.00 0.84 0.71 0.97 0.56 0.52 0.86 0.40 0.77 0.55 0.47 0.11 0.59 0.36 0.17 0.73 0.53 0.91 0.75 0.30 0.05 0.95 0.92 0.95 0.50 0.61 0.08 0.42 0.44 0.39 0.60 0.80 0.84 0.73 0.57 0.46 0.04 0.37 0.95 0.49 0.49 0.88 0.41 0.16 0.03 0.12 0.66 0.54 0.95 0.21 0.45 0.91 0.03 0.03 0.68 0.50 ]
[0.53 0.72 0.68 0.20 0.01 0.61 0.96 0.28 0.36 0.19 0.85 0.93 0.87 0.46 0.56 0.77 0.96 0.70 0.98 0.53 0.88 0.84 1.00 0.92 0.31 0.98 0.28 0.82 0.20 0.88 0.74 0.09 0.54 0.02 0.78 0.06 0.78 0.17 0.65 0.63 0.47 0.04 0.23 0.36 0.25 0.71 0.31 1.00 0.88 0.45 0.19 0.96 0.38 0.49 0.50 0.19 0.86 0.37 0.09 0.23 0.01 0.53 0.21 0.40 0.13 0.38 0.38 0.68 0.76 0.51 0.01 0.15 0.79 0.86 0.88 0.39 0.96 ]
[0.79 0.55 0.57 0.84 0.36 0.15 0.80 1.00 0.40 0.54 0.77 0.33 0.52 0.14 0.80 0.12 0.90 0.18 0.06 0.48 0.37 0.71 0.92 1.00 0.95 0.85 0.93 0.83 0.56 0.08 0.66 0.91 0.53 0.33 0.41 0.34 0.35 0.21 0.19 0.12 0.34 0.12 0.05 0.69 0.57 0.75 0.06 0.13 0.89 0.03 0.80 0.27 0.59 0.49 0.60 0.53 0.53 0.65 0.30 0.51 0.23 0.57 0.93 0.13 0.84 0.49 0.89 0.52 0.94 0.38 0.39 0.30 0.28 0.90 0.11 0.15 0.43 ]
[0.29 0.95 0.63 0.62 0.55 0.16 0.08 0.06 0.01 0.73 0.74 0.03 0.43 0.03 0.20 0.80 0.03 0.85 0.58 0.03 0.05 0.97 0.31 0.95 1.00 0.25 0.11 0.09 0.47 0.56 0.41 0.83 0.76 0.25 0.56 0.41 0.65 0.70 0.56 0.30 0.67 0.54 0.94 0.19 0.34 0.61 0.13 0.28 0.26 0.01 0.52 0.83 0.01 0.88 0.95 0.24 0.92 0.73 0.71 0.26 0.85 0.12 0.31 0.53 0.07 0.66 0.76 0.67 0.59 0.92 0.70 0.95 0.14 0.73 0.61 0.09 0.37 ]
[0.44 0.57 0.95 0.30 0.37 0.33 0.63 0.83 0.24 0.32 0.22 0.53 0.69 0.70 0.80 0.35 0.74 0.55 0.15 0.87 0.08 0.56 0.98 0.85 0.25 1.00 0.53 0.93 0.76 0.49 0.17 0.84 0.10 0.97 0.81 0.44 0.19 0.38 0.00 0.42 0.59 0.49 0.08 0.79 0.81 0.48 0.38 0.50 0.89 0.86 0.99 0.79 0.29 0.72 0.69 0.08 0.13 0.97 0.23 0.81 0.89 0.62 0.52 0.61 0.17 1.00 0.14 0.56 0.16 0.84 0.93 0.78 0.16 0.01 0.00 0.05 0.73 ]
[0.75 0.85 0.96 0.78 0.64 0.42 0.82 0.36 0.60 0.93 0.06 0.68 0.80 0.72 0.28 0.19 0.71 0.14 0.29 0.17 0.36 0.52 0.28 0.93 0.11 0.53 1.00 0.54 0.67 0.87 0.15 0.59 0.82 0.11 0.79 0.15 0.56 0.59 0.71 1.00 0.63 0.45 0.68 0.92 0.09 0.20 0.71 0.54 0.73 0.38 0.37 0.60 0.06 0.39 0.37 0.91 0.99 0.80 0.06 0.12 0.20 0.36 0.64 0.38 0.03 0.29 0.30 0.66 0.26 0.57 0.78 0.02 0.45 0.57 0.91 0.12 0.83 ]
[0.04 0.71 0.84 0.73 0.03 0.91 0.34 0.25 0.39 0.69 0.05 0.30 0.96 0.19 0.73 0.01 0.44 0.10 0.56 0.17 0.33 0.86 0.82 0.83 0.09 0.93 0.54 1.00 0.86 0.98 0.74 0.48 0.96 0.43 0.41 0.58 0.12 0.79 0.58 0.50 0.78 0.97 0.52 0.94 0.65 0.41 0.08 0.40 0.37 0.72 0.98 0.65 0.17 0.27 0.22 0.09 0.22 0.28 0.56 0.03 0.82 0.85 0.44 0.25 0.96 0.42 0.16 0.49 0.44 0.36 0.71 0.68 0.87 0.94 0.23 0.67 0.42 ]
[0.60 0.45 0.65 0.38 0.54 0.80 0.63 0.67 0.08 0.11 0.66 0.15 0.75 0.93 0.89 0.57 0.67 0.09 0.29 0.71 0.28 0.40 0.20 0.56 0.47 0.76 0.67 0.86 1.00 0.71 0.08 0.91 0.13 0.25 0.33 0.76 0.48 0.51 0.35 0.59 0.85 0.05 0.16 0.69 0.94 0.95 0.76 0.36 0.54 0.43 0.32 0.28 0.16 0.15 0.88 0.24 0.30 0.57 0.97 0.27 0.13 0.86 0.92 0.62 0.72 0.64 0.51 0.83 0.26 0.33 0.46 0.91 0.99 0.78 0.58 0.34 0.41 ]
[0.49 0.75 0.51 0.14 0.49 0.57 0.90 0.18 0.86 0.43 0.24 0.51 0.91 0.73 0.78 0.08 0.70 0.46 0.18 0.13 0.13 0.77 0.88 0.08 0.56 0.49 0.87 0.98 0.71 1.00 0.12 0.30 0.27 0.18 0.30 0.37 0.50 0.21 0.77 0.43 0.40 0.17 0.38 0.12 0.32 0.15 0.66 0.22 0.91 0.04 0.47 0.48 0.57 0.55 0.65 0.56 0.29 0.63 0.85 0.61 0.46 0.30 0.24 0.04 0.44 0.52 0.96 0.35 0.92 0.40 0.09 0.62 0.49 0.95 0.87 0.24 0.24 ]
[0.26 0.09 0.06 0.11 0.16 0.93 0.36 0.89 0.59 0.33 0.54 0.62 0.94 0.32 0.54 0.81 0.44 0.40 0.03 0.77 0.72 0.55 0.74 0.66 0.41 0.17 0.15 0.74 0.08 0.12 1.00 0.13 0.19 0.81 0.02 0.80 0.51 0.18 0.85 0.81 0.82 0.51 0.51 0.33 0.18 0.46 0.29 0.50 0.51 0.02 0.53 0.50 0.17 0.10 0.29 0.60 0.76 0.23 0.61 0.73 0.99 0.05 0.32 0.54 0.25 0.92 0.04 0.37 0.54 0.57 0.95 0.30 0.01 0.38 0.84 0.67 0.30 ]
[0.00 0.53 0.04 0.28 0.67 0.12 0.49 0.03 0.41 0.41 0.74 0.77 0.12 0.78 0.01 0.82 0.81 0.07 0.27 0.97 0.90 0.47 0.09 0.91 0.83 0.84 0.59 0.48 0.91 0.30 0.13 1.00 0.34 0.66 0.70 0.36 0.35 0.11 0.43 0.36 0.08 0.30 0.41 0.36 0.45 0.98 0.19 0.07 0.14 0.33 0.25 0.34 0.06 0.04 0.14 0.41 0.66 0.71 0.02 0.10 0.24 0.70 0.53 0.48 0.03 0.13 0.73 0.12 0.55 0.33 0.13 0.54 0.54 0.96 0.39 0.78 0.16 ]
[0.29 0.42 0.19 0.37 0.40 0.01 1.00 0.75 0.12 0.50 0.59 0.87 0.35 0.17 0.82 0.40 0.79 0.78 0.16 0.05 0.29 0.11 0.54 0.53 0.76 0.10 0.82 0.96 0.13 0.27 0.19 0.34 1.00 0.27 0.82 0.95 0.11 0.15 0.44 0.10 0.90 0.11 0.63 0.35 0.19 0.07 0.24 0.43 0.33 0.25 0.18 0.91 0.29 1.00 0.03 0.47 0.96 0.03 0.70 0.91 0.29 0.78 0.54 0.30 0.60 0.07 0.19 0.37 0.94 0.63 0.60 0.51 0.77 0.11 0.29 0.24 0.91 ]
[0.94 0.35 0.31 0.94 0.98 0.15 0.96 0.32 0.80 0.89 0.79 0.59 0.82 0.78 0.26 0.23 0.03 0.77 0.64 0.78 0.27 0.59 0.02 0.33 0.25 0.97 0.11 0.43 0.25 0.18 0.81 0.66 0.27 1.00 0.84 0.79 0.44 1.00 0.39 0.14 0.21 0.45 1.00 0.21 0.67 0.38 0.28 0.97 0.70 0.84 0.20 0.19 0.33 0.15 0.54 1.00 0.36 1.00 0.41 0.88 0.13 0.23 0.50 0.42 0.10 0.92 0.24 0.92 0.78 0.62 0.08 0.25 0.73 0.43 0.12 0.68 0.43 ]
[0.16 0.94 0.16 0.44 0.49 0.24 0.77 0.12 0.63 0.56 0.59 0.00 0.85 0.30 0.40 0.71 0.02 0.65 0.91 0.21 0.07 0.36 0.78 0.41 0.56 0.81 0.79 0.41 0.33 0.30 0.02 0.70 0.82 0.84 1.00 0.49 0.21 0.04 0.48 0.72 0.38 0.85 0.99 0.97 0.76 0.94 0.29 0.43 0.99 0.27 0.81 0.20 0.96 0.11 0.00 0.21 0.35 0.54 0.25 0.55 0.18 0.55 0.63 0.55 0.93 0.96 0.39 0.93 0.10 0.02 0.73 0.63 0.85 0.11 0.88 0.02 0.03 ]
[0.43 0.21 0.27 0.19 0.06 0.06 0.28 0.54 0.11 0.60 0.10 0.67 0.02 0.31 0.76 0.78 0.64 0.82 0.58 0.38 0.85 0.17 0.06 0.34 0.41 0.44 0.15 0.58 0.76 0.37 0.80 0.36 0.95 0.79 0.49 1.00 0.44 0.04 0.36 0.06 0.42 0.16 0.61 0.73 0.08 0.03 0.59 0.66 0.44 0.58 0.65 0.85 0.17 0.27 0.31 0.77 0.80 0.42 0.05 0.59 0.42 0.60 0.04 0.64 0.94 0.68 0.25 0.56 0.25 0.89 0.17 0.16 0.61 0.46 0.20 0.01 0.61 ]
[0.17 0.81 0.08 0.27 0.08 0.95 0.41 0.87 0.03 0.41 0.54 0.95 0.82 0.39 0.66 0.05 0.21 0.46 0.99 0.20 0.90 0.73 0.78 0.35 0.65 0.19 0.56 0.12 0.48 0.50 0.51 0.35 0.11 0.44 0.21 0.44 1.00 0.04 0.72 0.05 0.42 0.02 0.71 0.11 0.95 0.89 0.64 0.43 0.53 0.11 0.97 0.22 0.54 0.18 0.63 0.08 0.05 0.85 0.56 0.64 0.78 0.97 0.08 0.62 0.01 0.99 0.89 0.30 0.10 0.55 0.76 0.82 0.39 0.84 0.69 0.79 0.87 ]
[0.27 0.70 0.00 0.61 0.86 0.52 0.47 0.54 0.48 0.24 0.17 0.18 0.14 0.64 0.36 0.01 0.17 0.48 0.77 0.52 0.36 0.53 0.17 0.21 0.70 0.38 0.59 0.79 0.51 0.21 0.18 0.11 0.15 1.00 0.04 0.04 0.04 1.00 0.17 0.32 0.66 0.20 0.28 0.44 0.68 0.62 0.70 0.96 0.60 0.19 0.17 0.55 0.34 0.09 0.66 0.35 0.21 0.46 0.76 0.77 0.22 0.04 0.55 0.23 0.16 0.21 0.27 0.57 0.75 0.44 0.04 0.24 0.18 0.16 0.60 0.68 0.82 ]
[0.36 0.29 0.97 0.68 0.54 0.94 0.89 0.44 0.78 0.27 0.16 0.80 0.28 0.17 0.21 0.90 0.64 0.75 0.61 0.34 0.14 0.91 0.65 0.19 0.56 0.00 0.71 0.58 0.35 0.77 0.85 0.43 0.44 0.39 0.48 0.36 0.72 0.17 1.00 0.27 0.18 0.03 0.18 0.98 0.53 0.70 0.12 0.51 0.57 0.66 0.36 0.05 0.90 0.52 0.25 0.25 0.12 0.23 0.38 0.21 0.06 0.45 0.35 0.86 0.52 0.49 0.30 0.73 0.96 0.61 0.71 0.90 0.27 0.64 0.42 0.64 0.62 ]
[0.37 0.56 0.12 0.30 1.00 0.64 0.25 0.70 0.46 0.74 1.00 0.12 0.37 0.80 0.01 0.79 0.36 0.57 1.00 0.51 0.46 0.75 0.63 0.12 0.30 0.42 1.00 0.50 0.59 0.43 0.81 0.36 0.10 0.14 0.72 0.06 0.05 0.32 0.27 1.00 0.42 0.04 0.54 0.50 0.63 0.19 0.29 0.73 0.79 0.28 0.68 0.19 0.80 0.08 0.44 0.74 0.02 0.45 0.41 0.20 0.51 0.99 0.28 0.51 0.51 0.14 0.92 0.63 0.88 0.87 0.41 0.03 0.73 0.54 0.35 0.66 0.33 ]
[0.74 0.83 0.36 0.26 0.63 0.85 0.28 0.95 0.73 0.74 0.37 0.41 0.84 0.99 0.14 0.93 0.44 0.47 0.75 0.33 0.14 0.30 0.47 0.34 0.67 0.59 0.63 0.78 0.85 0.40 0.82 0.08 0.90 0.21 0.38 0.42 0.42 0.66 0.18 0.42 1.00 0.24 0.08 0.03 0.75 0.47 0.52 0.09 0.17 0.02 0.13 0.99 0.54 0.60 0.28 0.36 0.02 0.93 0.39 0.34 0.95 0.04 0.41 0.64 0.98 0.49 0.67 0.83 0.69 0.23 0.51 0.59 0.50 0.94 0.82 0.16 0.54 ]
[0.71 0.40 0.37 0.64 0.60 0.90 0.18 0.83 0.71 0.13 0.99 0.96 0.60 0.98 0.86 0.95 0.11 0.92 0.13 0.98 0.73 0.05 0.04 0.12 0.54 0.49 0.45 0.97 0.05 0.17 0.51 0.30 0.11 0.45 0.85 0.16 0.02 0.20 0.03 0.04 0.24 1.00 0.34 0.10 0.22 0.43 0.21 0.64 0.23 0.88 0.33 0.53 0.85 0.34 0.26 0.97 0.72 0.61 0.30 0.69 0.28 0.75 0.30 0.19 0.66 0.34 0.65 0.47 0.71 0.66 0.04 0.01 0.89 0.41 0.89 0.62 1.00 ]
[0.87 0.76 0.61 0.68 0.18 0.05 0.91 0.71 0.92 0.27 0.14 0.15 0.19 0.30 0.73 0.87 0.46 0.64 0.60 0.34 0.63 0.95 0.23 0.05 0.94 0.08 0.68 0.52 0.16 0.38 0.51 0.41 0.63 1.00 0.99 0.61 0.71 0.28 0.18 0.54 0.08 0.34 1.00 0.95 0.69 0.34 0.81 0.45 0.35 0.01 0.30 0.85 0.13 0.76 0.54 0.22 0.64 0.22 0.24 0.49 0.84 0.99 0.70 0.47 0.98 0.99 0.14 0.36 0.07 0.07 0.07 0.17 0.89 0.02 0.71 0.16 0.65 ]
[0.68 0.95 0.88 0.92 0.90 0.43 0.66 0.75 0.02 0.90 0.10 0.80 0.06 0.26 0.76 0.86 0.08 0.30 0.66 0.90 0.27 0.92 0.36 0.69 0.19 0.79 0.92 0.94 0.69 0.12 0.33 0.36 0.35 0.21 0.97 0.73 0.11 0.44 0.98 0.50 0.03 0.10 0.95 1.00 0.51 0.77 0.11 0.08 0.55 0.59 0.01 0.50 0.89 0.24 0.64 0.89 0.79 0.87 0.93 0.06 0.03 0.62 0.81 0.05 0.35 0.29 0.74 0.30 0.03 0.37 0.16 0.81 0.29 0.20 0.60 0.48 0.13 ]
[0.70 0.26 0.20 0.95 0.11 0.32 0.79 0.55 0.33 0.61 0.98 0.13 0.02 0.89 0.23 0.52 0.29 0.99 0.85 0.83 1.00 0.95 0.25 0.57 0.34 0.81 0.09 0.65 0.94 0.32 0.18 0.45 0.19 0.67 0.76 0.08 0.95 0.68 0.53 0.63 0.75 0.22 0.69 0.51 1.00 0.84 0.54 0.30 0.46 0.19 0.92 0.11 0.22 0.50 0.45 0.05 0.72 0.64 0.86 0.73 0.48 0.59 0.16 0.20 0.27 0.78 0.79 0.08 0.96 0.39 0.96 0.91 0.11 0.05 0.96 0.07 0.15 ]
[0.99 0.75 0.52 0.98 0.21 0.36 0.07 0.17 0.64 0.96 0.79 0.38 0.10 0.52 0.77 0.40 0.18 0.91 0.54 0.73 0.78 0.50 0.71 0.75 0.61 0.48 0.20 0.41 0.95 0.15 0.46 0.98 0.07 0.38 0.94 0.03 0.89 0.62 0.70 0.19 0.47 0.43 0.34 0.77 0.84 1.00 0.54 0.51 0.20 0.40 0.84 0.16 0.71 0.94 0.39 0.68 0.88 0.35 0.82 0.49 0.09 0.81 0.44 0.95 0.76 0.76 0.22 0.62 0.40 0.67 0.09 0.39 0.16 0.06 0.01 0.42 0.96 ]
[0.17 0.64 0.98 0.86 0.35 0.97 0.01 0.71 0.55 0.89 0.72 0.23 0.70 0.28 0.06 0.25 0.97 0.68 0.32 0.61 1.00 0.61 0.31 0.06 0.13 0.38 0.71 0.08 0.76 0.66 0.29 0.19 0.24 0.28 0.29 0.59 0.64 0.70 0.12 0.29 0.52 0.21 0.81 0.11 0.54 0.54 1.00 0.47 0.61 0.99 0.11 0.08 0.68 0.66 0.42 0.35 0.71 0.43 0.95 0.40 0.04 0.97 0.91 0.48 0.84 0.46 0.31 0.25 0.41 0.33 0.35 0.96 0.69 0.32 0.18 0.74 0.03 ]
[0.12 0.16 0.19 0.12 0.25 0.32 0.82 0.15 0.40 0.59 0.09 0.38 0.28 0.63 0.98 0.76 0.38 0.32 0.42 0.07 0.89 0.08 1.00 0.13 0.28 0.50 0.54 0.40 0.36 0.22 0.50 0.07 0.43 0.97 0.43 0.66 0.43 0.96 0.51 0.73 0.09 0.64 0.45 0.08 0.30 0.51 0.47 1.00 0.80 0.92 0.45 0.49 0.81 0.72 0.95 0.23 0.70 0.11 0.82 0.69 0.78 0.32 0.14 0.57 0.58 0.46 0.51 0.62 0.80 0.80 0.22 0.46 0.38 0.88 0.14 0.10 0.94 ]
[0.84 0.76 0.92 0.79 0.77 0.00 0.65 1.00 0.90 0.93 0.58 0.76 0.77 0.42 0.57 0.63 0.04 0.86 0.37 0.21 0.97 0.42 0.88 0.89 0.26 0.89 0.73 0.37 0.54 0.91 0.51 0.14 0.33 0.70 0.99 0.44 0.53 0.60 0.57 0.79 0.17 0.23 0.35 0.55 0.46 0.20 0.61 0.80 1.00 0.43 0.52 0.15 0.13 0.33 0.04 0.85 0.48 0.09 0.82 0.08 0.56 0.71 0.46 0.53 0.36 0.52 0.49 0.98 0.72 0.09 0.34 0.37 1.00 0.54 0.38 0.90 0.71 ]
[0.52 0.92 0.52 0.30 0.45 0.22 0.43 0.40 0.43 0.19 0.99 0.36 0.31 0.89 0.78 0.44 0.23 0.03 0.02 0.26 0.82 0.44 0.45 0.03 0.01 0.86 0.38 0.72 0.43 0.04 0.02 0.33 0.25 0.84 0.27 0.58 0.11 0.19 0.66 0.28 0.02 0.88 0.01 0.59 0.19 0.40 0.99 0.92 0.43 1.00 0.16 0.88 0.04 0.65 0.56 0.99 0.35 0.10 0.21 0.58 0.82 0.56 1.00 0.25 0.26 0.75 0.76 0.26 0.14 0.32 0.62 1.00 0.52 0.13 0.80 1.00 0.77 ]
[0.59 0.91 0.94 0.64 0.16 0.82 0.68 0.54 0.65 0.36 0.24 0.54 0.73 0.96 0.58 0.46 0.12 0.64 0.27 0.74 0.65 0.39 0.19 0.80 0.52 0.99 0.37 0.98 0.32 0.47 0.53 0.25 0.18 0.20 0.81 0.65 0.97 0.17 0.36 0.68 0.13 0.33 0.30 0.01 0.92 0.84 0.11 0.45 0.52 0.16 1.00 0.29 0.29 0.65 0.59 0.33 0.81 0.28 0.25 0.58 0.31 0.84 0.40 0.04 0.25 0.46 0.67 0.45 0.52 0.13 1.00 0.78 0.65 0.22 0.51 0.83 0.74 ]
[0.58 0.80 0.39 0.95 0.95 0.77 0.81 0.71 0.42 0.24 0.68 0.09 0.01 0.51 0.97 0.63 0.79 0.40 0.40 0.87 0.20 0.60 0.96 0.27 0.83 0.79 0.60 0.65 0.28 0.48 0.50 0.34 0.91 0.19 0.20 0.85 0.22 0.55 0.05 0.19 0.99 0.53 0.85 0.50 0.11 0.16 0.08 0.49 0.15 0.88 0.29 1.00 0.20 0.80 0.23 0.04 0.58 0.71 0.26 0.31 0.05 0.44 0.46 0.52 0.94 0.72 0.62 0.25 0.43 0.66 0.08 0.34 0.51 0.32 0.05 0.35 0.19 ]
[0.70 0.42 0.79 0.57 0.10 0.70 0.38 0.28 0.25 0.47 0.56 0.00 0.56 0.24 0.08 0.79 0.06 0.96 0.76 0.40 0.72 0.80 0.38 0.59 0.01 0.29 0.06 0.17 0.16 0.57 0.17 0.06 0.29 0.33 0.96 0.17 0.54 0.34 0.90 0.80 0.54 0.85 0.13 0.89 0.22 0.71 0.68 0.81 0.13 0.04 0.29 0.20 1.00 0.20 0.61 0.31 0.68 0.13 0.16 0.94 0.22 0.16 0.99 0.17 0.44 0.08 0.55 0.50 0.84 0.75 0.70 0.30 0.95 0.62 0.61 0.80 0.73 ]
[0.90 0.40 0.17 0.30 0.30 0.50 0.69 0.15 0.74 0.20 0.24 0.80 0.03 0.56 0.48 0.58 0.08 0.87 0.16 0.16 0.76 0.84 0.49 0.49 0.88 0.72 0.39 0.27 0.15 0.55 0.10 0.04 1.00 0.15 0.11 0.27 0.18 0.09 0.52 0.08 0.60 0.34 0.76 0.24 0.50 0.94 0.66 0.72 0.33 0.65 0.65 0.80 0.20 1.00 0.77 0.01 0.22 0.48 0.27 0.48 0.22 0.71 0.19 0.16 0.17 0.46 0.86 0.91 0.84 0.11 0.48 0.04 0.12 0.65 0.52 0.31 0.79 ]
[0.11 0.57 0.58 0.91 0.66 0.32 0.16 0.79 0.08 0.07 0.33 0.23 0.40 0.98 0.70 0.71 0.81 0.58 0.40 0.25 1.00 0.73 0.50 0.60 0.95 0.69 0.37 0.22 0.88 0.65 0.29 0.14 0.03 0.54 0.00 0.31 0.63 0.66 0.25 0.44 0.28 0.26 0.54 0.64 0.45 0.39 0.42 0.95 0.04 0.56 0.59 0.23 0.61 0.77 1.00 0.67 0.35 0.26 0.43 0.77 0.68 0.66 0.44 0.94 0.61 0.80 0.06 0.34 0.39 0.88 0.81 0.93 0.36 0.40 0.26 0.89 0.91 ]
[0.51 0.80 0.17 0.31 1.00 0.47 0.28 0.28 0.70 0.43 0.61 0.18 0.72 0.72 0.70 0.78 0.58 0.10 0.32 0.11 0.07 0.57 0.19 0.53 0.24 0.08 0.91 0.09 0.24 0.56 0.60 0.41 0.47 1.00 0.21 0.77 0.08 0.35 0.25 0.74 0.36 0.97 0.22 0.89 0.05 0.68 0.35 0.23 0.85 0.99 0.33 0.04 0.31 0.01 0.67 1.00 0.97 0.89 0.40 0.84 0.37 0.65 0.67 0.46 0.34 0.91 0.25 0.25 0.30 0.51 0.23 0.73 0.09 0.42 0.04 0.63 0.03 ]
[0.59 0.65 0.31 0.80 0.82 0.87 0.65 0.51 0.30 0.55 0.48 0.09 0.73 0.64 0.92 0.87 0.41 0.02 0.80 0.23 0.15 0.46 0.86 0.53 0.92 0.13 0.99 0.22 0.30 0.29 0.76 0.66 0.96 0.36 0.35 0.80 0.05 0.21 0.12 0.02 0.02 0.72 0.64 0.79 0.72 0.88 0.71 0.70 0.48 0.35 0.81 0.58 0.68 0.22 0.35 0.97 1.00 0.23 0.54 0.55 0.29 0.43 0.81 0.44 0.33 0.13 0.54 0.39 0.81 0.47 0.42 0.57 0.53 0.48 0.66 0.91 0.28 ]
[0.63 0.09 0.60 0.62 0.53 0.90 0.86 0.49 0.57 0.01 0.86 0.97 0.89 0.55 0.10 0.08 0.61 0.36 0.93 0.04 0.06 0.04 0.37 0.65 0.73 0.97 0.80 0.28 0.57 0.63 0.23 0.71 0.03 1.00 0.54 0.42 0.85 0.46 0.23 0.45 0.93 0.61 0.22 0.87 0.64 0.35 0.43 0.11 0.09 0.10 0.28 0.71 0.13 0.48 0.26 0.89 0.23 1.00 0.06 0.62 0.82 0.03 0.26 0.00 0.63 0.22 0.38 0.78 0.26 0.54 0.91 0.92 0.68 0.34 0.89 0.14 0.81 ]
[0.56 0.43 0.40 0.72 0.39 0.07 0.65 0.98 0.30 0.59 0.25 0.93 0.89 0.21 0.09 0.25 0.83 0.75 0.44 0.91 0.12 0.37 0.09 0.30 0.71 0.23 0.06 0.56 0.97 0.85 0.61 0.02 0.70 0.41 0.25 0.05 0.56 0.76 0.38 0.41 0.39 0.30 0.24 0.93 0.86 0.82 0.95 0.82 0.82 0.21 0.25 0.26 0.16 0.27 0.43 0.40 0.54 0.06 1.00 0.50 0.17 0.27 0.23 0.91 0.85 0.71 0.52 0.01 0.62 0.98 0.16 0.67 0.87 0.26 0.27 0.63 0.93 ]
[0.41 0.72 0.81 0.26 0.75 0.22 0.11 0.63 0.42 0.69 0.33 0.94 0.83 0.74 0.11 0.80 0.43 0.67 0.90 0.00 0.58 0.95 0.23 0.51 0.26 0.81 0.12 0.03 0.27 0.61 0.73 0.10 0.91 0.88 0.55 0.59 0.64 0.77 0.21 0.20 0.34 0.69 0.49 0.06 0.73 0.49 0.40 0.69 0.08 0.58 0.58 0.31 0.94 0.48 0.77 0.84 0.55 0.62 0.50 1.00 0.71 0.65 0.18 0.99 0.75 0.86 0.05 0.51 0.91 0.85 0.31 0.76 0.02 0.78 0.01 0.95 0.00 ]
[0.80 0.19 0.92 0.93 0.65 0.09 0.82 0.07 0.72 0.97 0.95 0.03 0.70 0.79 0.36 0.97 0.97 0.33 0.03 0.79 0.50 0.49 0.01 0.23 0.85 0.89 0.20 0.82 0.13 0.46 0.99 0.24 0.29 0.13 0.18 0.42 0.78 0.22 0.06 0.51 0.95 0.28 0.84 0.03 0.48 0.09 0.04 0.78 0.56 0.82 0.31 0.05 0.22 0.22 0.68 0.37 0.29 0.82 0.17 0.71 1.00 0.44 0.53 0.21 0.75 0.13 0.82 0.81 0.00 0.11 0.95 0.34 0.03 0.06 0.85 0.31 0.61 ]
[0.66 0.12 0.61 0.55 0.80 0.18 0.86 0.02 0.58 0.48 0.53 0.79 0.45 0.22 0.67 0.22 0.18 0.11 0.95 0.28 0.11 0.49 0.53 0.57 0.12 0.62 0.36 0.85 0.86 0.30 0.05 0.70 0.78 0.23 0.55 0.60 0.97 0.04 0.45 0.99 0.04 0.75 0.99 0.62 0.59 0.81 0.97 0.32 0.71 0.56 0.84 0.44 0.16 0.71 0.66 0.65 0.43 0.03 0.27 0.65 0.44 1.00 0.33 0.25 0.86 0.15 0.52 0.93 0.56 0.69 0.10 0.49 0.42 0.54 0.91 0.49 0.62 ]
[0.72 0.17 0.19 0.68 0.42 0.22 1.00 0.33 0.21 0.12 0.94 0.43 0.33 0.03 0.11 0.35 0.37 0.46 0.13 0.08 0.80 0.88 0.21 0.93 0.31 0.52 0.64 0.44 0.92 0.24 0.32 0.53 0.54 0.50 0.63 0.04 0.08 0.55 0.35 0.28 0.41 0.30 0.70 0.81 0.16 0.44 0.91 0.14 0.46 1.00 0.40 0.46 0.99 0.19 0.44 0.67 0.81 0.26 0.23 0.18 0.53 0.33 1.00 0.45 0.02 0.80 0.12 0.53 0.66 0.77 0.36 0.69 0.41 0.06 0.50 0.87 0.26 ]
[0.58 0.57 0.05 0.57 0.83 0.92 0.52 0.40 0.99 0.22 0.80 0.69 0.12 0.05 0.35 0.80 0.80 0.44 0.89 0.92 0.50 0.41 0.40 0.13 0.53 0.61 0.38 0.25 0.62 0.04 0.54 0.48 0.30 0.42 0.55 0.64 0.62 0.23 0.86 0.51 0.64 0.19 0.47 0.05 0.20 0.95 0.48 0.57 0.53 0.25 0.04 0.52 0.17 0.16 0.94 0.46 0.44 0.00 0.91 0.99 0.21 0.25 0.45 1.00 0.69 0.78 0.01 0.27 0.68 0.54 0.09 0.25 0.48 0.07 0.73 0.19 0.59 ]
[0.75 0.77 0.67 0.81 0.51 0.93 0.42 0.48 0.38 0.66 0.50 0.03 0.88 0.78 1.00 0.90 0.17 0.79 0.76 0.91 0.64 0.16 0.13 0.84 0.07 0.17 0.03 0.96 0.72 0.44 0.25 0.03 0.60 0.10 0.93 0.94 0.01 0.16 0.52 0.51 0.98 0.66 0.98 0.35 0.27 0.76 0.84 0.58 0.36 0.26 0.25 0.94 0.44 0.17 0.61 0.34 0.33 0.63 0.85 0.75 0.75 0.86 0.02 0.69 1.00 0.46 0.46 0.53 0.61 0.12 0.31 0.43 0.68 0.78 0.55 0.33 0.46 ]
[0.30 0.07 0.63 0.58 0.42 0.25 0.83 0.03 0.24 0.84 0.33 0.78 0.14 0.07 0.54 0.18 0.30 0.43 0.64 0.26 0.05 0.03 0.38 0.49 0.66 1.00 0.29 0.42 0.64 0.52 0.92 0.13 0.07 0.92 0.96 0.68 0.99 0.21 0.49 0.14 0.49 0.34 0.99 0.29 0.78 0.76 0.46 0.46 0.52 0.75 0.46 0.72 0.08 0.46 0.80 0.91 0.13 0.22 0.71 0.86 0.13 0.15 0.80 0.78 0.46 1.00 0.55 0.54 0.39 0.03 0.79 0.86 0.01 0.42 0.67 0.21 0.67 ]
[0.74 0.65 0.44 0.53 0.71 0.49 0.52 0.52 0.38 0.51 0.07 0.57 0.91 0.59 0.21 0.24 0.66 0.25 0.79 0.96 0.48 0.12 0.38 0.89 0.76 0.14 0.30 0.16 0.51 0.96 0.04 0.73 0.19 0.24 0.39 0.25 0.89 0.27 0.30 0.92 0.67 0.65 0.14 0.74 0.79 0.22 0.31 0.51 0.49 0.76 0.67 0.62 0.55 0.86 0.06 0.25 0.54 0.38 0.52 0.05 0.82 0.52 0.12 0.01 0.46 0.55 1.00 0.11 0.05 0.66 0.46 0.25 0.91 0.26 0.89 0.02 0.85 ]
[0.04 0.58 0.77 0.01 0.83 0.25 0.36 0.65 0.55 0.41 0.00 0.40 0.27 0.17 0.98 0.13 0.54 0.81 0.83 0.90 0.41 0.66 0.68 0.52 0.67 0.56 0.66 0.49 0.83 0.35 0.37 0.12 0.37 0.92 0.93 0.56 0.30 0.57 0.73 0.63 0.83 0.47 0.36 0.30 0.08 0.62 0.25 0.62 0.98 0.26 0.45 0.25 0.50 0.91 0.34 0.25 0.39 0.78 0.01 0.51 0.81 0.93 0.53 0.27 0.53 0.54 0.11 1.00 0.16 0.23 0.94 0.44 0.07 1.00 0.97 0.89 0.99 ]
[0.93 0.28 0.91 0.64 0.86 0.17 0.56 0.54 0.83 0.48 0.43 0.04 0.62 0.28 0.11 0.45 0.85 0.51 0.77 0.54 0.92 0.54 0.76 0.94 0.59 0.16 0.26 0.44 0.26 0.92 0.54 0.55 0.94 0.78 0.10 0.25 0.10 0.75 0.96 0.88 0.69 0.71 0.07 0.03 0.96 0.40 0.41 0.80 0.72 0.14 0.52 0.43 0.84 0.84 0.39 0.30 0.81 0.26 0.62 0.91 0.00 0.56 0.66 0.68 0.61 0.39 0.05 0.16 1.00 0.83 0.46 0.61 0.38 0.95 0.79 0.77 0.38 ]
[0.88 0.43 0.45 0.92 0.03 0.02 0.75 0.89 0.78 0.95 0.62 0.87 0.01 0.50 0.72 0.99 0.80 0.31 0.65 0.41 0.58 0.95 0.51 0.38 0.92 0.84 0.57 0.36 0.33 0.40 0.57 0.33 0.63 0.62 0.02 0.89 0.55 0.44 0.61 0.87 0.23 0.66 0.07 0.37 0.39 0.67 0.33 0.80 0.09 0.32 0.13 0.66 0.75 0.11 0.88 0.51 0.47 0.54 0.98 0.85 0.11 0.69 0.77 0.54 0.12 0.03 0.66 0.23 0.83 1.00 0.50 0.18 0.86 0.71 0.22 0.27 0.64 ]
[0.17 0.89 0.09 0.59 0.81 0.44 0.91 0.00 0.51 0.34 0.64 0.72 0.21 0.32 0.45 0.65 0.89 0.60 0.06 0.50 0.80 0.21 0.01 0.39 0.70 0.93 0.78 0.71 0.46 0.09 0.95 0.13 0.60 0.08 0.73 0.17 0.76 0.04 0.71 0.41 0.51 0.04 0.07 0.16 0.96 0.09 0.35 0.22 0.34 0.62 1.00 0.08 0.70 0.48 0.81 0.23 0.42 0.91 0.16 0.31 0.95 0.10 0.36 0.09 0.31 0.79 0.46 0.94 0.46 0.50 1.00 0.86 0.28 0.42 0.20 0.35 0.11 ]
[0.44 0.10 0.09 0.73 0.23 0.51 0.53 0.60 0.68 0.58 0.59 0.61 0.95 0.45 0.33 0.02 0.56 0.78 0.68 0.24 0.05 0.45 0.15 0.30 0.95 0.78 0.02 0.68 0.91 0.62 0.30 0.54 0.51 0.25 0.63 0.16 0.82 0.24 0.90 0.03 0.59 0.01 0.17 0.81 0.91 0.39 0.96 0.46 0.37 1.00 0.78 0.34 0.30 0.04 0.93 0.73 0.57 0.92 0.67 0.76 0.34 0.49 0.69 0.25 0.43 0.86 0.25 0.44 0.61 0.18 0.86 1.00 0.64 0.53 0.82 0.08 0.44 ]
[0.11 0.11 0.25 0.85 0.77 0.72 0.15 0.82 0.50 0.17 0.69 0.26 0.84 0.64 0.97 0.53 0.94 0.81 0.54 0.81 0.07 0.91 0.79 0.28 0.14 0.16 0.45 0.87 0.99 0.49 0.01 0.54 0.77 0.73 0.85 0.61 0.39 0.18 0.27 0.73 0.50 0.89 0.89 0.29 0.11 0.16 0.69 0.38 1.00 0.52 0.65 0.51 0.95 0.12 0.36 0.09 0.53 0.68 0.87 0.02 0.03 0.42 0.41 0.48 0.68 0.01 0.91 0.07 0.38 0.86 0.28 0.64 1.00 0.45 0.11 0.66 0.56 ]
[0.03 0.37 0.57 0.85 0.98 0.36 0.42 0.04 0.97 0.68 0.57 0.93 0.79 0.01 0.58 0.92 0.86 0.00 0.12 0.42 0.01 0.03 0.86 0.90 0.73 0.01 0.57 0.94 0.78 0.95 0.38 0.96 0.11 0.43 0.11 0.46 0.84 0.16 0.64 0.54 0.94 0.41 0.02 0.20 0.05 0.06 0.32 0.88 0.54 0.13 0.22 0.32 0.62 0.65 0.40 0.42 0.48 0.34 0.26 0.78 0.06 0.54 0.06 0.07 0.78 0.42 0.26 1.00 0.95 0.71 0.42 0.53 0.45 1.00 0.79 0.25 0.22 ]
[0.23 0.73 0.62 0.03 0.09 0.62 0.24 0.92 0.73 0.14 0.37 0.52 0.24 0.72 0.12 0.66 0.70 0.49 0.35 0.05 0.44 0.03 0.88 0.11 0.61 0.00 0.91 0.23 0.58 0.87 0.84 0.39 0.29 0.12 0.88 0.20 0.69 0.60 0.42 0.35 0.82 0.89 0.71 0.60 0.96 0.01 0.18 0.14 0.38 0.80 0.51 0.05 0.61 0.52 0.26 0.04 0.66 0.89 0.27 0.01 0.85 0.91 0.50 0.73 0.55 0.67 0.89 0.97 0.79 0.22 0.20 0.82 0.11 0.79 1.00 0.32 0.82 ]
[0.26 0.44 0.90 0.84 0.56 0.65 0.69 0.69 0.11 0.36 0.73 0.24 0.50 0.74 0.49 0.14 0.61 0.39 0.64 0.87 0.43 0.68 0.39 0.15 0.09 0.05 0.12 0.67 0.34 0.24 0.67 0.78 0.24 0.68 0.02 0.01 0.79 0.68 0.64 0.66 0.16 0.62 0.16 0.48 0.07 0.42 0.74 0.10 0.90 1.00 0.83 0.35 0.80 0.31 0.89 0.63 0.91 0.14 0.63 0.95 0.31 0.49 0.87 0.19 0.33 0.21 0.02 0.89 0.77 0.27 0.35 0.08 0.66 0.25 0.32 1.00 0.43 ]
[0.60 0.87 0.72 0.99 0.20 0.12 0.83 0.76 0.41 0.19 0.23 0.57 0.22 0.53 0.67 0.60 0.81 0.45 0.56 0.37 0.95 0.50 0.96 0.43 0.37 0.73 0.83 0.42 0.41 0.24 0.30 0.16 0.91 0.43 0.03 0.61 0.87 0.82 0.62 0.33 0.54 1.00 0.65 0.13 0.15 0.96 0.03 0.94 0.71 0.77 0.74 0.19 0.73 0.79 0.91 0.03 0.28 0.81 0.93 0.00 0.61 0.62 0.26 0.59 0.46 0.67 0.85 0.99 0.38 0.64 0.11 0.44 0.56 0.22 0.82 0.43 1.00 ]
];
