D = 2;
n = [ 3 3 ];
N = 85;
d = [1 1 1 1 1 1 1 1 1 1 1 1 1 1 1 1 1 1 1 1 1 1 1 1 1 1 1 1 1 1 1 1 1 1 1 1 1 1 1 1 1 1 2 2 2 2 2 2 2 2 2 2 2 2 2 2 2 2 2 2 2 2 2 2 2 2 2 2 2 2 2 2 2 2 2 2 2 2 2 2 2 2 2 2 2 ];
m = [
[1.00 0.93 0.93 0.88 0.21 0.17 0.09 0.27 0.76 0.62 0.61 0.52 0.40 0.38 0.20 0.51 0.88 0.78 0.48 0.18 0.02 0.35 0.58 0.44 0.93 0.66 0.20 0.90 0.49 0.41 0.78 0.02 0.06 0.06 0.76 0.98 0.75 0.09 0.70 0.63 0.47 0.89 0.49 0.77 0.85 0.52 0.25 0.12 0.95 0.26 0.67 0.99 0.10 0.40 0.22 0.01 0.64 0.94 0.11 0.47 0.43 0.55 0.12 0.24 0.71 0.23 0.38 0.44 0.54 0.09 0.78 0.09 0.22 0.19 0.70 0.52 0.32 0.43 0.61 0.22 0.25 0.27 0.28 0.21 0.12 ]
[0.93 1.00 0.97 0.68 0.88 0.52 0.29 0.91 0.80 0.35 0.37 0.96 0.88 0.01 0.52 0.68 0.35 0.62 0.32 0.21 0.76 0.91 0.31 0.32 0.68 0.88 0.29 0.05 0.73 0.82 0.41 0.80 0.81 0.73 0.50 0.35 0.26 0.55 0.01 0.26 0.03 0.28 0.92 0.42 0.34 0.65 0.27 0.16 0.16 0.37 0.14 0.71 0.96 0.31 0.67 0.37 0.97 0.73 1.00 0.83 0.11 0.57 0.76 0.72 0.59 0.28 0.92 0.48 0.46 0.24 0.32 0.57 0.17 0.78 0.44 0.33 0.01 0.78 0.70 0.95 0.35 0.99 0.92 0.58 0.34 ]
[0.93 0.97 1.00 0.09 0.14 0.42 0.61 0.38 0.77 0.85 0.87 0.58 0.97 0.27 0.97 0.77 0.74 0.54 0.86 0.45 0.45 0.36 0.12 0.08 0.30 0.42 0.62 0.02 0.54 0.08 0.15 0.64 0.06 0.22 0.49 0.48 0.40 0.68 0.37 0.57 0.10 0.95 0.12 0.38 0.17 0.51 0.90 0.12 0.64 0.90 1.00 0.27 0.20 0.36 0.44 0.90 0.89 0.90 0.74 0.03 0.55 0.94 0.24 0.26 0.50 0.46 0.18 0.06 0.70 0.80 0.09 0.80 0.06 0.84 0.40 0.34 0.12 0.59 0.15 0.31 0.32 0.58 0.82 0.19 0.39 ]
[0.88 0.68 0.09 1.00 0.27 0.91 1.00 0.00 0.49 0.16 0.21 0.06 0.22 0.15 0.41 0.28 0.19 0.33 0.23 0.27 0.90 0.11 0.11 0.32 0.82 0.45 0.72 0.14 0.64 0.76 0.80 0.35 0.74 0.92 0.81 0.00 0.16 0.30 0.63 0.42 0.83 0.96 0.54 0.99 0.10 0.91 0.98 0.94 0.29 0.08 0.65 0.47 0.57 0.72 0.44 0.35 0.50 0.16 0.28 0.74 0.75 0.99 0.33 0.22 0.08 0.37 0.74 0.12 0.52 0.56 0.87 0.46 0.44 0.87 0.44 0.69 0.40 0.40 0.59 0.53 0.41 0.49 0.08 0.79 0.15 ]
[0.21 0.88 0.14 0.27 1.00 0.16 0.86 0.81 0.27 0.49 0.26 0.48 0.57 0.44 0.30 0.38 0.76 0.00 0.22 0.83 0.67 0.77 0.69 0.59 0.59 0.98 0.57 0.83 0.87 0.50 0.31 0.34 0.35 0.08 0.29 0.99 0.21 0.87 0.43 0.24 0.69 0.90 0.31 0.81 0.80 0.98 0.61 0.93 0.91 0.47 0.20 0.67 0.71 0.05 0.79 0.63 0.54 0.05 0.18 0.38 0.64 0.67 0.07 0.97 0.17 0.01 0.52 0.25 0.67 0.02 0.40 0.10 0.23 0.60 0.25 0.97 0.57 0.36 0.47 0.31 0.13 0.15 0.93 0.80 0.51 ]
[0.17 0.52 0.42 0.91 0.16 1.00 0.10 0.75 0.07 0.75 0.95 0.02 0.08 0.86 0.40 0.80 0.37 0.24 0.94 0.90 0.45 0.58 0.59 0.14 0.59 0.93 0.94 0.84 0.65 0.01 0.41 0.02 0.25 0.07 0.57 0.22 0.33 0.93 0.92 0.54 0.48 0.84 0.77 0.25 0.79 0.40 0.67 0.25 0.24 0.93 0.76 0.23 0.88 0.06 0.05 0.74 0.38 0.97 0.05 0.97 0.58 0.24 0.51 0.89 0.00 0.95 0.58 0.06 0.32 0.76 0.15 0.64 0.70 0.97 0.83 0.35 0.77 0.41 0.66 0.65 0.15 0.51 0.30 0.68 0.94 ]
[0.09 0.29 0.61 1.00 0.86 0.10 1.00 0.89 0.50 0.12 0.59 0.50 0.20 0.76 0.31 0.61 0.99 0.99 0.54 0.96 0.74 0.01 0.66 0.56 0.20 0.18 0.63 0.90 0.99 0.05 0.47 0.98 0.40 0.31 0.82 0.13 0.67 0.29 0.03 0.10 0.35 0.92 0.09 0.42 0.70 0.84 0.45 0.13 0.13 0.44 0.38 0.91 0.40 0.97 0.68 0.07 0.32 0.54 0.76 0.75 0.51 0.07 0.92 1.00 0.04 0.92 0.82 0.70 0.93 0.08 0.38 0.02 0.66 0.20 0.79 0.42 0.87 0.73 0.83 0.38 0.06 0.37 0.93 0.75 0.75 ]
[0.27 0.91 0.38 0.00 0.81 0.75 0.89 1.00 0.69 0.38 0.85 0.46 0.95 0.32 0.20 0.14 0.58 0.42 0.87 0.33 0.78 0.76 0.06 0.83 0.23 0.65 0.67 0.98 0.72 0.94 0.37 0.14 0.24 0.44 0.66 0.42 0.19 0.92 0.50 0.69 0.90 0.83 0.65 0.91 0.44 0.50 0.01 0.62 0.61 0.15 0.39 0.76 0.44 0.78 0.28 0.68 0.60 0.39 0.82 0.62 0.26 0.11 0.01 0.56 0.88 0.21 0.75 0.91 0.29 0.94 0.79 0.01 0.29 0.75 0.47 0.33 0.77 0.69 0.38 0.86 0.82 0.67 0.99 0.25 0.97 ]
[0.76 0.80 0.77 0.49 0.27 0.07 0.50 0.69 1.00 0.55 0.63 0.05 0.30 0.56 0.51 0.51 0.06 0.33 0.09 0.45 0.68 0.96 0.46 0.68 0.25 0.59 0.02 0.38 0.91 0.05 0.91 0.97 0.48 0.95 1.00 0.49 0.05 0.90 0.29 0.11 0.91 0.15 0.37 0.88 0.29 0.18 0.34 0.83 0.54 0.27 0.32 0.10 0.86 0.70 0.79 0.94 0.15 0.73 0.34 0.67 0.31 0.12 0.93 0.89 0.35 0.33 0.38 0.96 0.94 0.46 0.27 0.07 0.25 0.88 0.45 0.04 0.12 0.46 0.18 0.93 0.55 0.05 0.17 0.48 0.83 ]
[0.62 0.35 0.85 0.16 0.49 0.75 0.12 0.38 0.55 1.00 0.20 0.05 0.65 0.34 0.25 0.19 0.93 0.66 0.12 0.92 0.30 0.89 0.90 0.95 0.07 0.89 0.98 0.67 0.44 0.52 0.73 0.40 0.35 0.80 0.14 0.13 0.81 0.08 0.84 0.48 0.32 0.59 0.11 0.52 0.61 0.95 0.87 0.65 0.89 0.65 0.32 0.26 0.75 0.87 0.22 0.43 0.28 0.72 0.22 0.32 0.01 0.67 0.00 0.08 0.06 0.22 0.25 0.29 0.65 0.86 0.26 0.79 0.52 0.85 0.65 0.62 0.70 0.70 0.43 0.63 1.00 0.39 0.07 0.30 0.51 ]
[0.61 0.37 0.87 0.21 0.26 0.95 0.59 0.85 0.63 0.20 1.00 0.96 0.61 0.90 0.75 0.68 0.79 0.05 0.67 0.72 0.22 0.14 0.63 0.87 0.12 0.15 0.49 0.82 0.71 0.20 0.63 0.65 0.12 0.08 0.44 0.77 0.67 0.86 0.66 0.66 0.90 0.33 0.78 0.90 0.24 0.33 0.14 0.32 0.89 0.87 0.17 0.64 0.79 0.65 0.38 0.04 0.87 0.21 0.13 0.50 0.55 0.90 0.42 0.36 0.06 0.32 0.12 0.76 0.54 0.76 0.01 0.80 0.10 0.83 0.80 0.78 0.64 0.28 0.45 0.34 0.87 0.57 0.33 0.17 0.56 ]
[0.52 0.96 0.58 0.06 0.48 0.02 0.50 0.46 0.05 0.05 0.96 1.00 0.53 0.12 0.53 0.99 0.29 0.70 0.17 0.97 0.64 0.83 0.91 0.63 0.15 0.88 0.16 0.07 0.23 0.86 0.47 0.83 0.71 0.09 0.85 0.39 0.16 0.61 0.92 0.31 0.25 0.80 0.52 0.10 0.75 0.71 0.49 0.79 0.01 0.15 0.23 0.22 0.10 0.95 0.69 0.48 0.86 0.87 0.71 0.51 0.68 0.93 1.00 0.30 0.28 0.65 0.50 0.90 0.58 0.91 0.31 0.09 0.46 0.41 0.39 0.76 0.12 0.78 0.86 0.87 0.84 0.82 0.70 0.06 0.64 ]
[0.40 0.88 0.97 0.22 0.57 0.08 0.20 0.95 0.30 0.65 0.61 0.53 1.00 0.64 0.17 0.29 0.52 0.69 0.66 0.11 0.92 0.95 0.46 0.48 0.49 0.66 0.80 0.49 0.09 0.30 0.32 0.41 0.22 0.04 0.43 0.70 0.32 0.62 0.00 0.86 0.68 0.60 0.11 0.84 0.92 0.01 0.22 0.18 0.74 0.59 0.35 0.64 0.32 0.59 0.47 0.69 0.16 0.18 0.19 0.32 0.92 0.62 0.18 0.64 0.25 0.57 0.92 0.98 0.78 0.77 0.07 0.68 0.59 0.27 0.29 0.72 0.98 0.24 0.96 0.66 0.83 0.82 0.30 0.89 0.92 ]
[0.38 0.01 0.27 0.15 0.44 0.86 0.76 0.32 0.56 0.34 0.90 0.12 0.64 1.00 0.25 0.95 0.39 0.65 0.94 0.89 0.44 0.31 0.47 0.25 0.41 0.71 0.43 0.17 0.43 0.97 0.11 0.43 0.66 0.63 0.72 0.50 0.35 0.64 0.04 0.33 0.97 0.72 0.07 0.35 0.74 0.57 0.94 0.94 0.04 0.22 0.65 0.71 0.89 0.29 0.39 0.15 0.16 0.62 0.27 0.24 0.83 0.92 0.98 0.36 0.44 0.82 0.08 0.83 0.68 0.61 0.51 0.30 0.09 0.15 0.50 0.77 0.34 0.52 0.67 0.21 0.42 0.34 0.36 0.86 0.26 ]
[0.20 0.52 0.97 0.41 0.30 0.40 0.31 0.20 0.51 0.25 0.75 0.53 0.17 0.25 1.00 0.21 0.91 0.13 0.12 0.95 0.51 0.82 0.96 0.64 0.95 0.09 0.25 0.61 0.13 0.08 0.50 0.17 0.62 0.21 0.41 0.99 0.68 0.19 0.86 0.66 0.66 0.52 0.40 0.37 0.20 0.85 0.19 0.23 0.61 0.91 0.80 0.43 0.96 0.43 0.06 0.48 0.03 0.66 0.08 0.02 0.45 0.17 0.61 0.69 0.30 0.64 0.49 0.60 0.27 0.71 0.63 0.50 0.66 0.47 0.82 0.23 0.91 0.36 0.47 0.50 0.62 0.16 0.64 0.50 0.22 ]
[0.51 0.68 0.77 0.28 0.38 0.80 0.61 0.14 0.51 0.19 0.68 0.99 0.29 0.95 0.21 1.00 0.48 0.81 0.89 0.38 0.27 0.98 0.81 0.71 0.81 0.95 0.92 0.29 0.20 0.48 0.50 0.26 0.63 0.98 0.97 0.67 0.20 0.30 0.52 0.94 0.06 0.89 0.02 0.73 0.33 0.12 1.00 0.25 0.40 0.44 0.50 0.96 0.94 0.63 0.81 0.63 0.26 0.57 0.03 0.04 0.03 0.17 0.93 0.83 0.34 0.82 0.43 0.05 0.92 0.47 0.76 0.60 0.98 0.32 0.67 0.56 0.87 0.10 0.73 0.79 0.56 0.08 0.14 0.03 0.01 ]
[0.88 0.35 0.74 0.19 0.76 0.37 0.99 0.58 0.06 0.93 0.79 0.29 0.52 0.39 0.91 0.48 1.00 0.81 0.96 0.03 0.28 0.26 0.22 0.99 0.44 0.86 0.78 0.67 0.14 0.01 0.68 0.19 0.09 0.84 0.42 0.02 0.27 0.93 0.31 0.25 0.16 0.60 0.04 0.81 0.30 0.37 0.62 0.40 0.93 0.46 0.19 0.35 0.05 0.43 0.10 0.31 0.71 0.41 0.51 0.73 0.26 0.45 0.83 0.70 0.35 0.89 0.61 0.42 0.58 0.65 0.12 0.58 0.59 0.67 0.92 0.90 0.12 0.54 0.56 0.21 0.11 0.41 0.20 0.26 0.46 ]
[0.78 0.62 0.54 0.33 0.00 0.24 0.99 0.42 0.33 0.66 0.05 0.70 0.69 0.65 0.13 0.81 0.81 1.00 0.37 0.26 0.16 0.50 0.51 0.24 0.96 0.92 0.52 0.20 0.47 0.60 0.83 0.60 0.70 0.20 0.37 0.24 0.20 0.31 0.80 0.05 0.22 0.03 0.24 0.96 0.16 0.75 0.48 0.02 0.54 0.25 0.23 0.60 0.32 0.28 0.61 0.31 0.10 0.38 0.26 0.07 0.96 0.38 0.32 0.61 0.68 0.73 0.66 0.64 0.11 0.85 0.60 0.03 0.02 0.31 0.78 0.15 0.24 0.72 0.54 0.72 0.43 0.52 0.73 0.94 0.52 ]
[0.48 0.32 0.86 0.23 0.22 0.94 0.54 0.87 0.09 0.12 0.67 0.17 0.66 0.94 0.12 0.89 0.96 0.37 1.00 0.74 0.06 0.01 0.89 0.72 0.16 0.26 0.72 0.38 0.36 0.74 0.08 0.93 0.17 0.23 0.97 0.42 0.81 0.72 0.30 0.45 0.85 0.31 0.24 0.14 0.41 0.24 0.68 0.28 0.10 0.09 0.95 0.84 0.35 0.59 0.08 0.79 0.20 0.77 0.86 0.51 0.61 0.60 0.38 0.31 0.43 0.76 0.34 0.05 0.70 0.05 0.76 0.92 0.30 0.43 0.99 0.06 0.71 0.39 0.70 0.28 0.16 0.85 0.95 0.53 0.02 ]
[0.18 0.21 0.45 0.27 0.83 0.90 0.96 0.33 0.45 0.92 0.72 0.97 0.11 0.89 0.95 0.38 0.03 0.26 0.74 1.00 0.99 0.19 0.53 0.10 0.81 0.95 0.52 0.04 0.61 0.29 0.11 0.60 0.30 0.95 0.07 0.90 0.29 0.96 0.17 0.40 0.27 0.04 0.99 0.94 0.85 0.25 0.15 0.35 0.57 0.53 0.17 0.98 0.35 0.59 0.73 0.25 0.72 0.60 0.19 0.31 0.86 0.55 0.67 0.04 0.04 0.68 0.07 0.44 0.53 0.97 0.28 0.13 0.40 0.72 0.50 0.10 0.33 0.18 0.87 0.76 0.24 0.89 0.90 0.37 0.32 ]
[0.02 0.76 0.45 0.90 0.67 0.45 0.74 0.78 0.68 0.30 0.22 0.64 0.92 0.44 0.51 0.27 0.28 0.16 0.06 0.99 1.00 0.60 0.18 0.37 0.20 0.18 0.54 0.93 0.21 0.77 0.42 0.36 1.00 0.20 0.87 0.61 0.99 0.74 0.95 0.85 0.27 0.17 0.71 0.67 0.11 0.40 0.55 0.51 0.37 0.66 0.17 0.13 0.45 0.16 0.46 0.45 0.61 0.28 0.11 0.37 0.28 0.07 0.84 0.01 0.92 0.72 0.93 0.31 0.37 0.77 0.44 0.31 0.50 0.71 0.84 0.96 0.43 0.10 0.99 0.08 0.78 0.28 0.36 0.34 0.11 ]
[0.35 0.91 0.36 0.11 0.77 0.58 0.01 0.76 0.96 0.89 0.14 0.83 0.95 0.31 0.82 0.98 0.26 0.50 0.01 0.19 0.60 1.00 0.86 0.21 0.14 0.15 0.02 1.00 0.65 0.99 0.50 0.34 0.79 0.51 0.68 0.49 0.31 0.19 0.58 0.21 0.43 0.20 0.71 0.47 0.86 0.55 0.12 0.75 0.20 0.79 0.33 0.08 0.55 0.78 0.13 0.15 0.93 0.84 0.66 0.03 0.90 0.13 0.35 0.47 0.10 0.23 0.29 0.15 0.29 0.56 0.73 0.26 0.65 0.47 0.51 0.40 0.88 0.80 0.13 0.82 0.85 0.02 0.02 0.20 0.05 ]
[0.58 0.31 0.12 0.11 0.69 0.59 0.66 0.06 0.46 0.90 0.63 0.91 0.46 0.47 0.96 0.81 0.22 0.51 0.89 0.53 0.18 0.86 1.00 0.79 0.11 0.21 0.67 0.90 0.47 0.67 0.33 0.92 0.15 0.59 0.98 0.52 0.52 0.24 0.58 0.96 0.85 0.69 0.37 0.71 0.69 0.99 0.00 0.74 0.85 0.38 0.17 0.49 0.18 0.16 0.34 0.47 0.81 0.78 0.87 0.82 0.82 0.22 0.46 0.30 0.70 0.54 0.40 0.18 0.42 0.91 0.64 0.55 0.45 0.01 0.53 0.45 0.94 0.36 0.97 0.99 0.37 0.60 0.25 0.24 0.70 ]
[0.44 0.32 0.08 0.32 0.59 0.14 0.56 0.83 0.68 0.95 0.87 0.63 0.48 0.25 0.64 0.71 0.99 0.24 0.72 0.10 0.37 0.21 0.79 1.00 0.10 0.34 0.41 0.25 0.59 0.60 0.94 0.77 0.50 0.60 0.70 0.32 0.66 0.13 0.63 0.55 0.12 0.76 0.58 0.96 0.32 0.89 0.06 0.30 0.55 0.14 0.62 0.62 0.68 0.67 0.99 0.20 0.41 0.58 0.78 0.09 0.94 0.65 0.21 0.77 0.12 0.66 0.19 0.62 0.99 0.39 0.87 0.72 0.44 0.63 0.68 0.44 0.15 0.35 0.17 0.18 0.27 0.31 0.64 0.98 0.18 ]
[0.93 0.68 0.30 0.82 0.59 0.59 0.20 0.23 0.25 0.07 0.12 0.15 0.49 0.41 0.95 0.81 0.44 0.96 0.16 0.81 0.20 0.14 0.11 0.10 1.00 0.88 0.78 0.49 0.33 0.51 0.85 0.89 0.02 0.67 0.22 0.34 0.07 0.28 0.87 0.27 0.96 0.59 0.17 0.39 0.16 0.58 0.49 0.50 0.52 0.37 0.20 0.63 0.17 0.13 0.03 0.14 0.96 0.53 0.08 0.08 0.80 0.59 0.58 0.77 0.80 0.80 0.85 0.42 0.07 0.41 0.91 0.89 0.38 0.04 0.33 0.54 0.66 0.29 0.88 0.37 0.91 0.81 0.07 0.89 0.55 ]
[0.66 0.88 0.42 0.45 0.98 0.93 0.18 0.65 0.59 0.89 0.15 0.88 0.66 0.71 0.09 0.95 0.86 0.92 0.26 0.95 0.18 0.15 0.21 0.34 0.88 1.00 0.40 0.96 0.38 0.86 0.97 0.82 0.88 0.41 0.86 0.39 0.21 0.23 0.39 0.98 0.22 0.14 0.70 0.56 0.52 0.97 0.46 0.83 0.73 0.74 0.94 0.56 0.51 0.08 0.57 0.94 0.03 0.64 0.40 0.83 0.44 0.82 0.55 0.11 0.51 0.40 0.50 0.70 0.12 0.54 0.39 0.64 0.45 0.61 0.00 0.62 0.37 0.94 0.29 0.17 0.57 0.08 0.96 0.60 0.17 ]
[0.20 0.29 0.62 0.72 0.57 0.94 0.63 0.67 0.02 0.98 0.49 0.16 0.80 0.43 0.25 0.92 0.78 0.52 0.72 0.52 0.54 0.02 0.67 0.41 0.78 0.40 1.00 0.14 0.42 0.19 0.92 0.02 0.04 0.13 0.04 0.52 0.60 0.77 0.14 0.24 0.17 0.16 0.75 0.69 0.16 0.35 0.02 0.64 0.42 0.99 0.54 0.54 0.51 0.34 0.81 0.90 0.06 0.39 0.68 0.94 0.63 0.57 0.84 0.75 0.90 0.72 0.91 0.45 0.69 0.41 0.95 0.59 0.89 0.20 0.01 0.03 0.74 0.57 0.36 0.27 0.73 0.67 0.87 0.68 0.89 ]
[0.90 0.05 0.02 0.14 0.83 0.84 0.90 0.98 0.38 0.67 0.82 0.07 0.49 0.17 0.61 0.29 0.67 0.20 0.38 0.04 0.93 1.00 0.90 0.25 0.49 0.96 0.14 1.00 0.03 0.96 0.91 0.75 0.93 0.64 0.08 0.92 0.52 0.23 0.11 0.92 0.37 0.26 0.15 0.98 0.64 0.87 0.86 0.17 0.17 0.38 0.04 0.06 0.92 0.16 0.33 0.72 0.01 0.90 0.04 0.74 0.01 0.08 0.25 0.81 0.78 0.82 0.27 0.41 0.16 0.39 0.51 0.06 0.92 0.10 0.34 0.61 0.82 0.82 0.94 0.55 0.46 0.50 0.74 0.82 0.32 ]
[0.49 0.73 0.54 0.64 0.87 0.65 0.99 0.72 0.91 0.44 0.71 0.23 0.09 0.43 0.13 0.20 0.14 0.47 0.36 0.61 0.21 0.65 0.47 0.59 0.33 0.38 0.42 0.03 1.00 0.82 0.98 0.26 0.76 1.00 0.86 0.59 0.89 0.54 0.95 0.32 0.29 0.58 0.59 0.25 0.18 0.15 0.60 0.36 0.67 0.01 0.40 0.06 0.11 0.26 0.48 0.19 0.39 0.62 0.08 0.15 0.72 0.84 0.59 0.00 0.20 0.70 0.79 0.15 0.31 0.20 0.44 0.52 0.96 0.24 0.04 0.89 0.61 0.49 0.90 0.11 1.00 0.73 0.03 0.13 0.40 ]
[0.41 0.82 0.08 0.76 0.50 0.01 0.05 0.94 0.05 0.52 0.20 0.86 0.30 0.97 0.08 0.48 0.01 0.60 0.74 0.29 0.77 0.99 0.67 0.60 0.51 0.86 0.19 0.96 0.82 1.00 0.48 0.21 0.88 0.83 0.57 0.28 0.71 0.06 0.01 0.98 0.85 0.97 0.59 0.44 0.70 0.82 0.35 0.79 0.37 0.52 0.18 0.47 0.31 0.35 0.91 0.95 0.67 0.13 0.04 0.50 0.53 0.55 0.21 0.22 0.51 0.64 0.99 0.62 0.82 0.86 0.83 0.38 0.33 0.68 0.61 0.41 0.05 0.71 0.32 0.60 0.86 0.55 0.30 0.50 0.21 ]
[0.78 0.41 0.15 0.80 0.31 0.41 0.47 0.37 0.91 0.73 0.63 0.47 0.32 0.11 0.50 0.50 0.68 0.83 0.08 0.11 0.42 0.50 0.33 0.94 0.85 0.97 0.92 0.91 0.98 0.48 1.00 0.28 0.55 0.41 0.85 0.77 0.06 0.12 0.33 0.04 0.14 0.83 0.53 0.85 0.64 0.05 0.06 0.38 0.23 0.51 0.69 0.17 0.98 0.09 0.31 0.80 0.75 0.42 0.08 0.61 0.77 0.74 0.72 0.88 0.07 0.34 0.72 0.57 0.13 0.54 0.38 0.10 0.35 0.96 0.16 0.19 0.65 0.50 0.83 0.66 0.16 0.33 0.80 0.70 0.33 ]
[0.02 0.80 0.64 0.35 0.34 0.02 0.98 0.14 0.97 0.40 0.65 0.83 0.41 0.43 0.17 0.26 0.19 0.60 0.93 0.60 0.36 0.34 0.92 0.77 0.89 0.82 0.02 0.75 0.26 0.21 0.28 1.00 0.05 0.34 0.23 0.30 0.36 0.57 0.04 0.44 0.61 0.21 0.03 0.50 0.86 0.21 0.72 0.55 0.97 0.99 0.77 0.23 0.12 0.09 0.38 0.35 0.86 0.99 0.07 0.79 0.30 0.15 0.93 0.19 0.46 0.95 0.78 0.14 0.07 0.25 0.82 0.05 0.16 0.28 0.81 0.38 0.85 0.04 0.93 0.08 0.27 0.50 0.76 0.73 0.48 ]
[0.06 0.81 0.06 0.74 0.35 0.25 0.40 0.24 0.48 0.35 0.12 0.71 0.22 0.66 0.62 0.63 0.09 0.70 0.17 0.30 1.00 0.79 0.15 0.50 0.02 0.88 0.04 0.93 0.76 0.88 0.55 0.05 1.00 0.47 0.06 0.55 0.12 0.60 0.63 0.62 0.33 0.02 0.97 0.14 0.14 0.74 0.54 0.42 0.58 0.57 0.13 0.60 0.98 0.27 0.65 0.97 0.19 0.05 0.99 0.88 0.03 0.38 0.84 0.22 0.10 0.99 0.53 0.25 0.40 0.73 0.01 0.24 0.18 0.04 0.01 0.41 0.50 0.01 0.63 0.46 0.47 0.22 0.35 0.75 0.82 ]
[0.06 0.73 0.22 0.92 0.08 0.07 0.31 0.44 0.95 0.80 0.08 0.09 0.04 0.63 0.21 0.98 0.84 0.20 0.23 0.95 0.20 0.51 0.59 0.60 0.67 0.41 0.13 0.64 1.00 0.83 0.41 0.34 0.47 1.00 0.76 0.63 0.21 0.60 0.09 0.45 0.44 0.84 0.88 0.04 0.69 0.19 0.08 0.25 0.13 0.52 0.68 0.80 0.65 0.98 0.07 0.29 0.83 0.55 0.74 0.40 0.72 0.93 0.36 0.17 0.96 0.33 0.38 0.55 0.41 0.16 0.81 0.63 0.72 0.39 0.48 0.78 0.89 0.59 0.52 0.24 0.67 0.50 0.18 0.23 0.63 ]
[0.76 0.50 0.49 0.81 0.29 0.57 0.82 0.66 1.00 0.14 0.44 0.85 0.43 0.72 0.41 0.97 0.42 0.37 0.97 0.07 0.87 0.68 0.98 0.70 0.22 0.86 0.04 0.08 0.86 0.57 0.85 0.23 0.06 0.76 1.00 0.35 0.35 0.22 0.11 0.72 0.81 0.59 0.53 0.32 0.51 0.74 0.06 0.38 0.72 0.45 0.79 0.04 0.57 0.14 0.14 0.08 0.68 0.46 0.79 0.66 0.36 0.25 0.21 0.12 0.38 0.57 0.37 0.79 0.51 0.45 0.14 0.18 0.69 0.06 0.04 0.13 0.77 0.24 0.63 0.13 0.21 0.42 0.03 0.52 0.13 ]
[0.98 0.35 0.48 0.00 0.99 0.22 0.13 0.42 0.49 0.13 0.77 0.39 0.70 0.50 0.99 0.67 0.02 0.24 0.42 0.90 0.61 0.49 0.52 0.32 0.34 0.39 0.52 0.92 0.59 0.28 0.77 0.30 0.55 0.63 0.35 1.00 0.45 0.23 0.91 0.72 0.07 0.57 0.79 0.88 0.79 0.80 0.46 0.06 0.28 0.53 0.95 0.78 0.36 0.84 0.27 0.23 0.33 0.44 0.96 0.28 0.64 0.80 0.38 0.69 0.79 0.01 0.55 0.26 0.58 0.94 0.87 0.50 1.00 0.62 0.54 0.17 0.48 0.80 0.11 0.27 0.24 0.41 0.05 0.18 0.45 ]
[0.75 0.26 0.40 0.16 0.21 0.33 0.67 0.19 0.05 0.81 0.67 0.16 0.32 0.35 0.68 0.20 0.27 0.20 0.81 0.29 0.99 0.31 0.52 0.66 0.07 0.21 0.60 0.52 0.89 0.71 0.06 0.36 0.12 0.21 0.35 0.45 1.00 0.72 0.56 0.09 0.48 0.77 0.53 0.81 0.60 0.70 0.92 0.93 0.24 0.09 0.72 0.74 0.35 0.07 0.38 0.15 0.57 0.13 0.73 0.61 0.77 0.55 0.65 0.04 0.12 1.00 0.60 0.52 0.96 0.52 0.65 1.00 0.54 0.42 0.85 0.79 0.48 0.46 0.00 0.72 0.01 0.83 0.56 0.31 0.35 ]
[0.09 0.55 0.68 0.30 0.87 0.93 0.29 0.92 0.90 0.08 0.86 0.61 0.62 0.64 0.19 0.30 0.93 0.31 0.72 0.96 0.74 0.19 0.24 0.13 0.28 0.23 0.77 0.23 0.54 0.06 0.12 0.57 0.60 0.60 0.22 0.23 0.72 1.00 0.88 0.41 0.27 0.09 0.41 0.87 0.49 0.08 0.87 0.13 0.40 0.75 0.40 0.64 0.02 0.05 0.88 0.15 0.48 0.11 0.66 0.84 0.82 0.17 0.75 0.10 0.07 0.76 0.18 0.69 0.93 0.50 0.02 0.05 0.07 0.65 0.77 0.18 0.27 0.07 0.14 0.65 0.66 0.19 0.40 0.74 0.44 ]
[0.70 0.01 0.37 0.63 0.43 0.92 0.03 0.50 0.29 0.84 0.66 0.92 0.00 0.04 0.86 0.52 0.31 0.80 0.30 0.17 0.95 0.58 0.58 0.63 0.87 0.39 0.14 0.11 0.95 0.01 0.33 0.04 0.63 0.09 0.11 0.91 0.56 0.88 1.00 0.53 0.27 0.48 0.78 0.50 0.66 0.40 0.39 0.11 0.35 0.11 0.09 0.42 0.79 0.00 0.01 0.48 0.76 0.41 0.18 0.44 0.03 0.96 0.21 0.73 0.63 0.54 0.90 0.53 0.27 0.37 0.59 0.37 0.95 0.96 0.58 0.62 0.10 0.20 0.24 0.97 0.08 0.02 0.15 0.42 0.36 ]
[0.63 0.26 0.57 0.42 0.24 0.54 0.10 0.69 0.11 0.48 0.66 0.31 0.86 0.33 0.66 0.94 0.25 0.05 0.45 0.40 0.85 0.21 0.96 0.55 0.27 0.98 0.24 0.92 0.32 0.98 0.04 0.44 0.62 0.45 0.72 0.72 0.09 0.41 0.53 1.00 0.37 0.12 0.55 0.59 0.36 0.18 0.00 0.19 0.12 0.32 0.63 0.76 0.20 0.10 0.25 0.63 0.82 0.89 0.84 0.09 0.27 0.26 0.97 0.48 0.09 0.44 0.91 0.46 0.70 0.14 0.35 0.71 0.38 0.98 0.93 0.02 0.43 0.70 0.75 0.78 0.96 0.50 0.01 0.36 0.69 ]
[0.47 0.03 0.10 0.83 0.69 0.48 0.35 0.90 0.91 0.32 0.90 0.25 0.68 0.97 0.66 0.06 0.16 0.22 0.85 0.27 0.27 0.43 0.85 0.12 0.96 0.22 0.17 0.37 0.29 0.85 0.14 0.61 0.33 0.44 0.81 0.07 0.48 0.27 0.27 0.37 1.00 0.65 0.24 0.96 0.25 0.19 0.50 0.78 0.70 0.25 0.49 0.81 0.39 0.43 0.28 0.32 0.53 0.33 0.30 0.20 0.59 0.16 0.14 0.50 0.55 0.20 0.67 0.90 0.75 0.58 0.67 0.31 0.47 0.27 0.94 0.11 0.52 0.75 0.44 0.51 0.97 0.87 0.74 0.81 0.19 ]
[0.89 0.28 0.95 0.96 0.90 0.84 0.92 0.83 0.15 0.59 0.33 0.80 0.60 0.72 0.52 0.89 0.60 0.03 0.31 0.04 0.17 0.20 0.69 0.76 0.59 0.14 0.16 0.26 0.58 0.97 0.83 0.21 0.02 0.84 0.59 0.57 0.77 0.09 0.48 0.12 0.65 1.00 0.66 0.02 0.99 0.30 0.58 0.48 0.71 0.84 0.80 0.27 0.62 0.52 0.37 0.24 0.51 0.40 0.83 0.41 0.62 0.33 0.69 0.45 0.61 0.57 0.90 0.87 0.09 0.29 0.29 0.14 0.80 0.39 0.95 0.67 0.18 0.50 0.09 0.01 0.86 0.54 0.31 0.13 0.44 ]
[0.49 0.92 0.12 0.54 0.31 0.77 0.09 0.65 0.37 0.11 0.78 0.52 0.11 0.07 0.40 0.02 0.04 0.24 0.24 0.99 0.71 0.71 0.37 0.58 0.17 0.70 0.75 0.15 0.59 0.59 0.53 0.03 0.97 0.88 0.53 0.79 0.53 0.41 0.78 0.55 0.24 0.66 1.00 0.03 0.68 0.72 0.53 0.39 0.64 0.76 0.22 0.92 0.39 0.52 0.92 1.00 0.31 0.07 0.03 0.77 0.41 0.14 0.69 0.53 0.89 0.92 0.07 0.69 0.94 0.28 0.40 0.48 0.75 0.96 0.67 0.23 0.77 0.79 0.98 0.61 0.20 0.31 0.34 0.70 0.74 ]
[0.77 0.42 0.38 0.99 0.81 0.25 0.42 0.91 0.88 0.52 0.90 0.10 0.84 0.35 0.37 0.73 0.81 0.96 0.14 0.94 0.67 0.47 0.71 0.96 0.39 0.56 0.69 0.98 0.25 0.44 0.85 0.50 0.14 0.04 0.32 0.88 0.81 0.87 0.50 0.59 0.96 0.02 0.03 1.00 0.96 0.47 0.74 0.64 0.63 0.06 0.77 0.37 0.73 0.82 0.58 0.41 0.63 0.47 0.75 0.39 0.60 0.44 0.67 0.58 0.00 0.46 0.67 0.12 0.28 0.69 0.61 0.13 0.28 0.09 0.12 0.43 0.20 0.56 0.41 0.44 0.47 0.30 0.96 0.75 0.77 ]
[0.85 0.34 0.17 0.10 0.80 0.79 0.70 0.44 0.29 0.61 0.24 0.75 0.92 0.74 0.20 0.33 0.30 0.16 0.41 0.85 0.11 0.86 0.69 0.32 0.16 0.52 0.16 0.64 0.18 0.70 0.64 0.86 0.14 0.69 0.51 0.79 0.60 0.49 0.66 0.36 0.25 0.99 0.68 0.96 1.00 0.59 0.40 0.56 0.34 0.21 0.09 0.48 0.63 0.16 0.78 0.24 0.21 0.26 0.38 0.17 0.09 0.95 0.72 0.82 0.40 0.48 0.92 0.02 0.88 0.61 0.74 1.00 0.59 0.24 0.61 0.16 0.19 0.80 0.40 0.74 0.55 0.92 0.19 0.92 0.62 ]
[0.52 0.65 0.51 0.91 0.98 0.40 0.84 0.50 0.18 0.95 0.33 0.71 0.01 0.57 0.85 0.12 0.37 0.75 0.24 0.25 0.40 0.55 0.99 0.89 0.58 0.97 0.35 0.87 0.15 0.82 0.05 0.21 0.74 0.19 0.74 0.80 0.70 0.08 0.40 0.18 0.19 0.30 0.72 0.47 0.59 1.00 0.26 0.59 0.47 0.41 0.95 0.51 0.35 0.24 0.28 0.58 0.99 0.24 0.76 0.01 0.65 0.77 0.19 0.75 0.75 0.40 0.33 0.16 0.85 0.41 0.36 0.50 0.01 0.49 0.17 0.46 0.87 0.09 0.86 0.40 0.74 0.44 0.39 0.54 0.57 ]
[0.25 0.27 0.90 0.98 0.61 0.67 0.45 0.01 0.34 0.87 0.14 0.49 0.22 0.94 0.19 1.00 0.62 0.48 0.68 0.15 0.55 0.12 0.00 0.06 0.49 0.46 0.02 0.86 0.60 0.35 0.06 0.72 0.54 0.08 0.06 0.46 0.92 0.87 0.39 0.00 0.50 0.58 0.53 0.74 0.40 0.26 1.00 0.94 1.00 0.04 0.65 0.45 0.10 0.79 0.13 0.18 0.26 0.22 0.33 0.04 0.56 0.44 0.68 0.45 0.75 0.94 0.07 0.99 0.50 0.27 0.88 0.91 0.62 0.46 0.43 0.40 0.70 0.92 0.71 0.64 0.22 0.54 0.71 0.83 0.29 ]
[0.12 0.16 0.12 0.94 0.93 0.25 0.13 0.62 0.83 0.65 0.32 0.79 0.18 0.94 0.23 0.25 0.40 0.02 0.28 0.35 0.51 0.75 0.74 0.30 0.50 0.83 0.64 0.17 0.36 0.79 0.38 0.55 0.42 0.25 0.38 0.06 0.93 0.13 0.11 0.19 0.78 0.48 0.39 0.64 0.56 0.59 0.94 1.00 0.07 0.27 0.99 0.56 0.45 0.92 0.22 0.78 0.25 0.62 0.60 0.04 0.27 0.82 0.81 0.75 0.34 0.32 0.83 0.02 0.86 0.57 0.96 0.13 0.37 0.88 0.99 0.93 0.40 0.55 0.51 0.01 0.22 0.13 0.11 0.40 0.99 ]
[0.95 0.16 0.64 0.29 0.91 0.24 0.13 0.61 0.54 0.89 0.89 0.01 0.74 0.04 0.61 0.40 0.93 0.54 0.10 0.57 0.37 0.20 0.85 0.55 0.52 0.73 0.42 0.17 0.67 0.37 0.23 0.97 0.58 0.13 0.72 0.28 0.24 0.40 0.35 0.12 0.70 0.71 0.64 0.63 0.34 0.47 1.00 0.07 1.00 0.66 0.17 0.78 0.16 0.30 0.39 0.34 0.59 0.29 0.46 0.84 0.93 0.86 0.97 0.19 0.90 0.45 0.35 0.65 0.95 0.77 0.17 0.94 0.42 0.05 0.62 0.28 0.48 0.70 0.33 0.08 0.37 0.76 0.84 0.69 0.11 ]
[0.26 0.37 0.90 0.08 0.47 0.93 0.44 0.15 0.27 0.65 0.87 0.15 0.59 0.22 0.91 0.44 0.46 0.25 0.09 0.53 0.66 0.79 0.38 0.14 0.37 0.74 0.99 0.38 0.01 0.52 0.51 0.99 0.57 0.52 0.45 0.53 0.09 0.75 0.11 0.32 0.25 0.84 0.76 0.06 0.21 0.41 0.04 0.27 0.66 1.00 0.63 0.93 0.52 0.09 0.98 0.01 0.99 0.72 0.85 0.58 0.97 0.80 0.42 0.55 0.76 0.77 0.51 0.31 0.97 0.49 0.02 0.54 0.84 0.44 0.02 0.37 0.53 0.51 0.51 0.47 0.63 0.90 0.47 0.24 0.78 ]
[0.67 0.14 1.00 0.65 0.20 0.76 0.38 0.39 0.32 0.32 0.17 0.23 0.35 0.65 0.80 0.50 0.19 0.23 0.95 0.17 0.17 0.33 0.17 0.62 0.20 0.94 0.54 0.04 0.40 0.18 0.69 0.77 0.13 0.68 0.79 0.95 0.72 0.40 0.09 0.63 0.49 0.80 0.22 0.77 0.09 0.95 0.65 0.99 0.17 0.63 1.00 0.79 0.45 0.14 0.92 0.83 0.78 0.91 0.96 0.59 0.07 0.97 0.32 0.85 0.32 0.17 0.62 0.10 0.25 0.30 0.73 0.49 0.25 0.97 0.42 0.85 0.35 0.56 0.09 0.38 0.73 0.79 0.29 0.76 0.72 ]
[0.99 0.71 0.27 0.47 0.67 0.23 0.91 0.76 0.10 0.26 0.64 0.22 0.64 0.71 0.43 0.96 0.35 0.60 0.84 0.98 0.13 0.08 0.49 0.62 0.63 0.56 0.54 0.06 0.06 0.47 0.17 0.23 0.60 0.80 0.04 0.78 0.74 0.64 0.42 0.76 0.81 0.27 0.92 0.37 0.48 0.51 0.45 0.56 0.78 0.93 0.79 1.00 0.83 0.12 0.48 0.53 0.94 0.15 0.52 0.41 0.42 0.44 0.98 0.92 0.73 0.55 0.20 0.75 0.65 0.56 0.43 0.48 0.49 0.39 0.04 0.37 0.86 0.64 0.19 0.21 0.36 0.42 0.45 0.92 0.05 ]
[0.10 0.96 0.20 0.57 0.71 0.88 0.40 0.44 0.86 0.75 0.79 0.10 0.32 0.89 0.96 0.94 0.05 0.32 0.35 0.35 0.45 0.55 0.18 0.68 0.17 0.51 0.51 0.92 0.11 0.31 0.98 0.12 0.98 0.65 0.57 0.36 0.35 0.02 0.79 0.20 0.39 0.62 0.39 0.73 0.63 0.35 0.10 0.45 0.16 0.52 0.45 0.83 1.00 0.20 0.05 0.15 0.47 0.08 0.90 0.36 0.85 0.65 0.04 0.64 0.80 0.72 0.32 0.56 0.23 0.67 0.27 0.16 0.41 0.93 0.68 0.18 0.52 0.45 0.95 0.20 0.98 0.28 0.24 0.74 0.48 ]
[0.40 0.31 0.36 0.72 0.05 0.06 0.97 0.78 0.70 0.87 0.65 0.95 0.59 0.29 0.43 0.63 0.43 0.28 0.59 0.59 0.16 0.78 0.16 0.67 0.13 0.08 0.34 0.16 0.26 0.35 0.09 0.09 0.27 0.98 0.14 0.84 0.07 0.05 0.00 0.10 0.43 0.52 0.52 0.82 0.16 0.24 0.79 0.92 0.30 0.09 0.14 0.12 0.20 1.00 0.60 0.42 0.00 0.14 0.94 0.23 0.52 0.10 0.40 0.61 0.34 0.70 0.72 0.62 0.21 0.22 0.57 0.08 0.86 0.28 0.32 0.61 0.13 0.20 0.23 0.48 0.57 0.46 0.11 0.51 0.28 ]
[0.22 0.67 0.44 0.44 0.79 0.05 0.68 0.28 0.79 0.22 0.38 0.69 0.47 0.39 0.06 0.81 0.10 0.61 0.08 0.73 0.46 0.13 0.34 0.99 0.03 0.57 0.81 0.33 0.48 0.91 0.31 0.38 0.65 0.07 0.14 0.27 0.38 0.88 0.01 0.25 0.28 0.37 0.92 0.58 0.78 0.28 0.13 0.22 0.39 0.98 0.92 0.48 0.05 0.60 1.00 0.65 0.47 0.79 0.71 0.51 0.27 0.01 0.68 0.85 0.58 0.94 0.59 0.63 0.46 0.53 0.05 0.44 0.27 0.18 0.73 0.06 0.86 0.88 0.27 0.53 0.48 0.49 0.86 0.79 0.29 ]
[0.01 0.37 0.90 0.35 0.63 0.74 0.07 0.68 0.94 0.43 0.04 0.48 0.69 0.15 0.48 0.63 0.31 0.31 0.79 0.25 0.45 0.15 0.47 0.20 0.14 0.94 0.90 0.72 0.19 0.95 0.80 0.35 0.97 0.29 0.08 0.23 0.15 0.15 0.48 0.63 0.32 0.24 1.00 0.41 0.24 0.58 0.18 0.78 0.34 0.01 0.83 0.53 0.15 0.42 0.65 1.00 0.12 0.27 0.81 0.31 0.58 0.58 0.37 0.81 0.02 0.75 0.54 0.21 0.62 0.00 0.52 0.46 0.49 0.39 0.44 0.62 0.23 0.56 0.77 0.97 0.26 0.05 0.78 0.97 0.27 ]
[0.64 0.97 0.89 0.50 0.54 0.38 0.32 0.60 0.15 0.28 0.87 0.86 0.16 0.16 0.03 0.26 0.71 0.10 0.20 0.72 0.61 0.93 0.81 0.41 0.96 0.03 0.06 0.01 0.39 0.67 0.75 0.86 0.19 0.83 0.68 0.33 0.57 0.48 0.76 0.82 0.53 0.51 0.31 0.63 0.21 0.99 0.26 0.25 0.59 0.99 0.78 0.94 0.47 0.00 0.47 0.12 1.00 0.20 0.44 0.88 0.48 0.86 0.30 0.41 0.61 0.59 0.74 0.78 0.10 0.59 0.37 0.60 0.04 0.90 0.38 0.37 0.51 0.25 0.21 0.76 0.11 0.06 0.77 0.57 0.80 ]
[0.94 0.73 0.90 0.16 0.05 0.97 0.54 0.39 0.73 0.72 0.21 0.87 0.18 0.62 0.66 0.57 0.41 0.38 0.77 0.60 0.28 0.84 0.78 0.58 0.53 0.64 0.39 0.90 0.62 0.13 0.42 0.99 0.05 0.55 0.46 0.44 0.13 0.11 0.41 0.89 0.33 0.40 0.07 0.47 0.26 0.24 0.22 0.62 0.29 0.72 0.91 0.15 0.08 0.14 0.79 0.27 0.20 1.00 0.30 0.20 0.86 0.23 0.97 0.61 0.75 0.97 0.07 0.65 0.62 0.25 0.85 0.64 0.96 0.70 0.38 0.57 0.96 0.33 0.05 0.95 0.57 0.60 0.20 0.09 0.57 ]
[0.11 1.00 0.74 0.28 0.18 0.05 0.76 0.82 0.34 0.22 0.13 0.71 0.19 0.27 0.08 0.03 0.51 0.26 0.86 0.19 0.11 0.66 0.87 0.78 0.08 0.40 0.68 0.04 0.08 0.04 0.08 0.07 0.99 0.74 0.79 0.96 0.73 0.66 0.18 0.84 0.30 0.83 0.03 0.75 0.38 0.76 0.33 0.60 0.46 0.85 0.96 0.52 0.90 0.94 0.71 0.81 0.44 0.30 1.00 0.57 0.54 0.81 0.19 0.18 0.50 0.02 0.73 0.50 0.66 0.37 0.42 0.07 0.48 0.62 0.61 0.83 0.27 0.53 0.25 0.80 0.54 0.79 0.17 0.27 0.33 ]
[0.47 0.83 0.03 0.74 0.38 0.97 0.75 0.62 0.67 0.32 0.50 0.51 0.32 0.24 0.02 0.04 0.73 0.07 0.51 0.31 0.37 0.03 0.82 0.09 0.08 0.83 0.94 0.74 0.15 0.50 0.61 0.79 0.88 0.40 0.66 0.28 0.61 0.84 0.44 0.09 0.20 0.41 0.77 0.39 0.17 0.01 0.04 0.04 0.84 0.58 0.59 0.41 0.36 0.23 0.51 0.31 0.88 0.20 0.57 1.00 0.73 0.58 0.87 0.70 0.86 0.19 0.85 0.20 0.08 0.69 0.58 0.58 0.79 0.08 0.22 0.64 0.67 0.22 0.30 0.95 0.76 0.72 0.21 0.05 0.20 ]
[0.43 0.11 0.55 0.75 0.64 0.58 0.51 0.26 0.31 0.01 0.55 0.68 0.92 0.83 0.45 0.03 0.26 0.96 0.61 0.86 0.28 0.90 0.82 0.94 0.80 0.44 0.63 0.01 0.72 0.53 0.77 0.30 0.03 0.72 0.36 0.64 0.77 0.82 0.03 0.27 0.59 0.62 0.41 0.60 0.09 0.65 0.56 0.27 0.93 0.97 0.07 0.42 0.85 0.52 0.27 0.58 0.48 0.86 0.54 0.73 1.00 0.86 0.50 0.12 0.59 0.98 0.24 0.80 0.56 0.05 0.28 0.61 0.73 0.53 0.08 0.28 0.15 0.87 0.85 0.25 0.30 0.83 0.26 0.08 0.53 ]
[0.55 0.57 0.94 0.99 0.67 0.24 0.07 0.11 0.12 0.67 0.90 0.93 0.62 0.92 0.17 0.17 0.45 0.38 0.60 0.55 0.07 0.13 0.22 0.65 0.59 0.82 0.57 0.08 0.84 0.55 0.74 0.15 0.38 0.93 0.25 0.80 0.55 0.17 0.96 0.26 0.16 0.33 0.14 0.44 0.95 0.77 0.44 0.82 0.86 0.80 0.97 0.44 0.65 0.10 0.01 0.58 0.86 0.23 0.81 0.58 0.86 1.00 0.15 0.53 0.34 0.94 0.03 0.46 0.56 0.42 0.79 0.71 0.45 0.31 0.78 0.62 0.23 0.86 0.80 0.84 0.13 0.19 0.55 0.90 0.67 ]
[0.12 0.76 0.24 0.33 0.07 0.51 0.92 0.01 0.93 0.00 0.42 1.00 0.18 0.98 0.61 0.93 0.83 0.32 0.38 0.67 0.84 0.35 0.46 0.21 0.58 0.55 0.84 0.25 0.59 0.21 0.72 0.93 0.84 0.36 0.21 0.38 0.65 0.75 0.21 0.97 0.14 0.69 0.69 0.67 0.72 0.19 0.68 0.81 0.97 0.42 0.32 0.98 0.04 0.40 0.68 0.37 0.30 0.97 0.19 0.87 0.50 0.15 1.00 0.64 0.92 1.00 0.41 0.45 0.24 0.19 0.15 0.80 0.96 0.17 0.41 0.39 0.43 0.25 0.62 0.77 0.26 0.37 0.25 0.99 0.31 ]
[0.24 0.72 0.26 0.22 0.97 0.89 1.00 0.56 0.89 0.08 0.36 0.30 0.64 0.36 0.69 0.83 0.70 0.61 0.31 0.04 0.01 0.47 0.30 0.77 0.77 0.11 0.75 0.81 0.00 0.22 0.88 0.19 0.22 0.17 0.12 0.69 0.04 0.10 0.73 0.48 0.50 0.45 0.53 0.58 0.82 0.75 0.45 0.75 0.19 0.55 0.85 0.92 0.64 0.61 0.85 0.81 0.41 0.61 0.18 0.70 0.12 0.53 0.64 1.00 0.95 0.86 0.64 0.82 0.63 0.81 0.28 0.85 0.09 0.54 0.45 0.23 0.94 0.28 0.83 0.63 0.23 0.31 0.81 0.12 0.18 ]
[0.71 0.59 0.50 0.08 0.17 0.00 0.04 0.88 0.35 0.06 0.06 0.28 0.25 0.44 0.30 0.34 0.35 0.68 0.43 0.04 0.92 0.10 0.70 0.12 0.80 0.51 0.90 0.78 0.20 0.51 0.07 0.46 0.10 0.96 0.38 0.79 0.12 0.07 0.63 0.09 0.55 0.61 0.89 0.00 0.40 0.75 0.75 0.34 0.90 0.76 0.32 0.73 0.80 0.34 0.58 0.02 0.61 0.75 0.50 0.86 0.59 0.34 0.92 0.95 1.00 0.17 0.22 0.22 0.72 0.64 0.03 0.01 0.44 0.96 0.36 0.53 0.93 1.00 0.42 0.31 0.20 0.45 0.08 0.22 0.21 ]
[0.23 0.28 0.46 0.37 0.01 0.95 0.92 0.21 0.33 0.22 0.32 0.65 0.57 0.82 0.64 0.82 0.89 0.73 0.76 0.68 0.72 0.23 0.54 0.66 0.80 0.40 0.72 0.82 0.70 0.64 0.34 0.95 0.99 0.33 0.57 0.01 1.00 0.76 0.54 0.44 0.20 0.57 0.92 0.46 0.48 0.40 0.94 0.32 0.45 0.77 0.17 0.55 0.72 0.70 0.94 0.75 0.59 0.97 0.02 0.19 0.98 0.94 1.00 0.86 0.17 1.00 0.73 0.15 0.28 0.03 0.37 0.25 0.21 0.46 0.64 0.34 0.12 0.76 0.04 0.42 0.46 0.66 0.87 0.46 0.79 ]
[0.38 0.92 0.18 0.74 0.52 0.58 0.82 0.75 0.38 0.25 0.12 0.50 0.92 0.08 0.49 0.43 0.61 0.66 0.34 0.07 0.93 0.29 0.40 0.19 0.85 0.50 0.91 0.27 0.79 0.99 0.72 0.78 0.53 0.38 0.37 0.55 0.60 0.18 0.90 0.91 0.67 0.90 0.07 0.67 0.92 0.33 0.07 0.83 0.35 0.51 0.62 0.20 0.32 0.72 0.59 0.54 0.74 0.07 0.73 0.85 0.24 0.03 0.41 0.64 0.22 0.73 1.00 0.37 0.48 0.07 0.04 0.64 0.23 0.94 0.68 0.32 0.23 0.09 0.39 0.43 0.84 0.67 0.62 0.72 0.31 ]
[0.44 0.48 0.06 0.12 0.25 0.06 0.70 0.91 0.96 0.29 0.76 0.90 0.98 0.83 0.60 0.05 0.42 0.64 0.05 0.44 0.31 0.15 0.18 0.62 0.42 0.70 0.45 0.41 0.15 0.62 0.57 0.14 0.25 0.55 0.79 0.26 0.52 0.69 0.53 0.46 0.90 0.87 0.69 0.12 0.02 0.16 0.99 0.02 0.65 0.31 0.10 0.75 0.56 0.62 0.63 0.21 0.78 0.65 0.50 0.20 0.80 0.46 0.45 0.82 0.22 0.15 0.37 1.00 0.86 0.22 0.15 0.46 0.16 0.27 0.42 0.16 0.90 0.82 0.14 0.82 0.30 0.49 0.67 0.62 0.28 ]
[0.54 0.46 0.70 0.52 0.67 0.32 0.93 0.29 0.94 0.65 0.54 0.58 0.78 0.68 0.27 0.92 0.58 0.11 0.70 0.53 0.37 0.29 0.42 0.99 0.07 0.12 0.69 0.16 0.31 0.82 0.13 0.07 0.40 0.41 0.51 0.58 0.96 0.93 0.27 0.70 0.75 0.09 0.94 0.28 0.88 0.85 0.50 0.86 0.95 0.97 0.25 0.65 0.23 0.21 0.46 0.62 0.10 0.62 0.66 0.08 0.56 0.56 0.24 0.63 0.72 0.28 0.48 0.86 1.00 0.08 0.83 0.17 0.72 0.92 0.98 0.71 1.00 0.47 0.16 0.72 0.46 0.72 0.46 0.80 0.23 ]
[0.09 0.24 0.80 0.56 0.02 0.76 0.08 0.94 0.46 0.86 0.76 0.91 0.77 0.61 0.71 0.47 0.65 0.85 0.05 0.97 0.77 0.56 0.91 0.39 0.41 0.54 0.41 0.39 0.20 0.86 0.54 0.25 0.73 0.16 0.45 0.94 0.52 0.50 0.37 0.14 0.58 0.29 0.28 0.69 0.61 0.41 0.27 0.57 0.77 0.49 0.30 0.56 0.67 0.22 0.53 0.00 0.59 0.25 0.37 0.69 0.05 0.42 0.19 0.81 0.64 0.03 0.07 0.22 0.08 1.00 0.14 0.84 0.16 0.18 0.95 0.04 0.09 0.62 0.38 0.68 0.28 0.27 0.86 0.99 0.35 ]
[0.78 0.32 0.09 0.87 0.40 0.15 0.38 0.79 0.27 0.26 0.01 0.31 0.07 0.51 0.63 0.76 0.12 0.60 0.76 0.28 0.44 0.73 0.64 0.87 0.91 0.39 0.95 0.51 0.44 0.83 0.38 0.82 0.01 0.81 0.14 0.87 0.65 0.02 0.59 0.35 0.67 0.29 0.40 0.61 0.74 0.36 0.88 0.96 0.17 0.02 0.73 0.43 0.27 0.57 0.05 0.52 0.37 0.85 0.42 0.58 0.28 0.79 0.15 0.28 0.03 0.37 0.04 0.15 0.83 0.14 1.00 0.57 0.51 0.93 0.72 0.15 0.41 0.27 0.20 0.69 0.50 0.02 0.28 0.61 0.74 ]
[0.09 0.57 0.80 0.46 0.10 0.64 0.02 0.01 0.07 0.79 0.80 0.09 0.68 0.30 0.50 0.60 0.58 0.03 0.92 0.13 0.31 0.26 0.55 0.72 0.89 0.64 0.59 0.06 0.52 0.38 0.10 0.05 0.24 0.63 0.18 0.50 1.00 0.05 0.37 0.71 0.31 0.14 0.48 0.13 1.00 0.50 0.91 0.13 0.94 0.54 0.49 0.48 0.16 0.08 0.44 0.46 0.60 0.64 0.07 0.58 0.61 0.71 0.80 0.85 0.01 0.25 0.64 0.46 0.17 0.84 0.57 1.00 0.65 0.57 0.65 0.30 0.34 0.31 0.67 0.32 0.12 0.88 0.96 0.57 0.64 ]
[0.22 0.17 0.06 0.44 0.23 0.70 0.66 0.29 0.25 0.52 0.10 0.46 0.59 0.09 0.66 0.98 0.59 0.02 0.30 0.40 0.50 0.65 0.45 0.44 0.38 0.45 0.89 0.92 0.96 0.33 0.35 0.16 0.18 0.72 0.69 1.00 0.54 0.07 0.95 0.38 0.47 0.80 0.75 0.28 0.59 0.01 0.62 0.37 0.42 0.84 0.25 0.49 0.41 0.86 0.27 0.49 0.04 0.96 0.48 0.79 0.73 0.45 0.96 0.09 0.44 0.21 0.23 0.16 0.72 0.16 0.51 0.65 1.00 0.12 0.39 0.75 0.21 0.05 0.01 0.42 0.95 0.75 0.79 0.85 0.93 ]
[0.19 0.78 0.84 0.87 0.60 0.97 0.20 0.75 0.88 0.85 0.83 0.41 0.27 0.15 0.47 0.32 0.67 0.31 0.43 0.72 0.71 0.47 0.01 0.63 0.04 0.61 0.20 0.10 0.24 0.68 0.96 0.28 0.04 0.39 0.06 0.62 0.42 0.65 0.96 0.98 0.27 0.39 0.96 0.09 0.24 0.49 0.46 0.88 0.05 0.44 0.97 0.39 0.93 0.28 0.18 0.39 0.90 0.70 0.62 0.08 0.53 0.31 0.17 0.54 0.96 0.46 0.94 0.27 0.92 0.18 0.93 0.57 0.12 1.00 0.24 0.08 0.86 0.21 0.91 0.49 0.56 0.62 0.82 0.88 0.13 ]
[0.70 0.44 0.40 0.44 0.25 0.83 0.79 0.47 0.45 0.65 0.80 0.39 0.29 0.50 0.82 0.67 0.92 0.78 0.99 0.50 0.84 0.51 0.53 0.68 0.33 0.00 0.01 0.34 0.04 0.61 0.16 0.81 0.01 0.48 0.04 0.54 0.85 0.77 0.58 0.93 0.94 0.95 0.67 0.12 0.61 0.17 0.43 0.99 0.62 0.02 0.42 0.04 0.68 0.32 0.73 0.44 0.38 0.38 0.61 0.22 0.08 0.78 0.41 0.45 0.36 0.64 0.68 0.42 0.98 0.95 0.72 0.65 0.39 0.24 1.00 0.20 0.38 0.61 0.89 0.27 0.40 0.86 0.82 0.81 0.29 ]
[0.52 0.33 0.34 0.69 0.97 0.35 0.42 0.33 0.04 0.62 0.78 0.76 0.72 0.77 0.23 0.56 0.90 0.15 0.06 0.10 0.96 0.40 0.45 0.44 0.54 0.62 0.03 0.61 0.89 0.41 0.19 0.38 0.41 0.78 0.13 0.17 0.79 0.18 0.62 0.02 0.11 0.67 0.23 0.43 0.16 0.46 0.40 0.93 0.28 0.37 0.85 0.37 0.18 0.61 0.06 0.62 0.37 0.57 0.83 0.64 0.28 0.62 0.39 0.23 0.53 0.34 0.32 0.16 0.71 0.04 0.15 0.30 0.75 0.08 0.20 1.00 0.91 0.94 0.81 0.37 0.10 0.29 0.99 0.30 0.27 ]
[0.32 0.01 0.12 0.40 0.57 0.77 0.87 0.77 0.12 0.70 0.64 0.12 0.98 0.34 0.91 0.87 0.12 0.24 0.71 0.33 0.43 0.88 0.94 0.15 0.66 0.37 0.74 0.82 0.61 0.05 0.65 0.85 0.50 0.89 0.77 0.48 0.48 0.27 0.10 0.43 0.52 0.18 0.77 0.20 0.19 0.87 0.70 0.40 0.48 0.53 0.35 0.86 0.52 0.13 0.86 0.23 0.51 0.96 0.27 0.67 0.15 0.23 0.43 0.94 0.93 0.12 0.23 0.90 1.00 0.09 0.41 0.34 0.21 0.86 0.38 0.91 1.00 0.49 0.65 0.40 0.14 0.21 0.89 0.82 0.75 ]
[0.43 0.78 0.59 0.40 0.36 0.41 0.73 0.69 0.46 0.70 0.28 0.78 0.24 0.52 0.36 0.10 0.54 0.72 0.39 0.18 0.10 0.80 0.36 0.35 0.29 0.94 0.57 0.82 0.49 0.71 0.50 0.04 0.01 0.59 0.24 0.80 0.46 0.07 0.20 0.70 0.75 0.50 0.79 0.56 0.80 0.09 0.92 0.55 0.70 0.51 0.56 0.64 0.45 0.20 0.88 0.56 0.25 0.33 0.53 0.22 0.87 0.86 0.25 0.28 1.00 0.76 0.09 0.82 0.47 0.62 0.27 0.31 0.05 0.21 0.61 0.94 0.49 1.00 0.35 0.05 0.50 0.58 0.22 0.60 0.48 ]
[0.61 0.70 0.15 0.59 0.47 0.66 0.83 0.38 0.18 0.43 0.45 0.86 0.96 0.67 0.47 0.73 0.56 0.54 0.70 0.87 0.99 0.13 0.97 0.17 0.88 0.29 0.36 0.94 0.90 0.32 0.83 0.93 0.63 0.52 0.63 0.11 0.00 0.14 0.24 0.75 0.44 0.09 0.98 0.41 0.40 0.86 0.71 0.51 0.33 0.51 0.09 0.19 0.95 0.23 0.27 0.77 0.21 0.05 0.25 0.30 0.85 0.80 0.62 0.83 0.42 0.04 0.39 0.14 0.16 0.38 0.20 0.67 0.01 0.91 0.89 0.81 0.65 0.35 1.00 0.57 0.96 0.97 0.50 0.90 0.14 ]
[0.22 0.95 0.31 0.53 0.31 0.65 0.38 0.86 0.93 0.63 0.34 0.87 0.66 0.21 0.50 0.79 0.21 0.72 0.28 0.76 0.08 0.82 0.99 0.18 0.37 0.17 0.27 0.55 0.11 0.60 0.66 0.08 0.46 0.24 0.13 0.27 0.72 0.65 0.97 0.78 0.51 0.01 0.61 0.44 0.74 0.40 0.64 0.01 0.08 0.47 0.38 0.21 0.20 0.48 0.53 0.97 0.76 0.95 0.80 0.95 0.25 0.84 0.77 0.63 0.31 0.42 0.43 0.82 0.72 0.68 0.69 0.32 0.42 0.49 0.27 0.37 0.40 0.05 0.57 1.00 0.54 0.77 0.05 0.47 0.42 ]
[0.25 0.35 0.32 0.41 0.13 0.15 0.06 0.82 0.55 1.00 0.87 0.84 0.83 0.42 0.62 0.56 0.11 0.43 0.16 0.24 0.78 0.85 0.37 0.27 0.91 0.57 0.73 0.46 1.00 0.86 0.16 0.27 0.47 0.67 0.21 0.24 0.01 0.66 0.08 0.96 0.97 0.86 0.20 0.47 0.55 0.74 0.22 0.22 0.37 0.63 0.73 0.36 0.98 0.57 0.48 0.26 0.11 0.57 0.54 0.76 0.30 0.13 0.26 0.23 0.20 0.46 0.84 0.30 0.46 0.28 0.50 0.12 0.95 0.56 0.40 0.10 0.14 0.50 0.96 0.54 1.00 0.61 0.30 0.68 0.49 ]
[0.27 0.99 0.58 0.49 0.15 0.51 0.37 0.67 0.05 0.39 0.57 0.82 0.82 0.34 0.16 0.08 0.41 0.52 0.85 0.89 0.28 0.02 0.60 0.31 0.81 0.08 0.67 0.50 0.73 0.55 0.33 0.50 0.22 0.50 0.42 0.41 0.83 0.19 0.02 0.50 0.87 0.54 0.31 0.30 0.92 0.44 0.54 0.13 0.76 0.90 0.79 0.42 0.28 0.46 0.49 0.05 0.06 0.60 0.79 0.72 0.83 0.19 0.37 0.31 0.45 0.66 0.67 0.49 0.72 0.27 0.02 0.88 0.75 0.62 0.86 0.29 0.21 0.58 0.97 0.77 0.61 1.00 0.47 0.38 0.55 ]
[0.28 0.92 0.82 0.08 0.93 0.30 0.93 0.99 0.17 0.07 0.33 0.70 0.30 0.36 0.64 0.14 0.20 0.73 0.95 0.90 0.36 0.02 0.25 0.64 0.07 0.96 0.87 0.74 0.03 0.30 0.80 0.76 0.35 0.18 0.03 0.05 0.56 0.40 0.15 0.01 0.74 0.31 0.34 0.96 0.19 0.39 0.71 0.11 0.84 0.47 0.29 0.45 0.24 0.11 0.86 0.78 0.77 0.20 0.17 0.21 0.26 0.55 0.25 0.81 0.08 0.87 0.62 0.67 0.46 0.86 0.28 0.96 0.79 0.82 0.82 0.99 0.89 0.22 0.50 0.05 0.30 0.47 1.00 0.49 0.18 ]
[0.21 0.58 0.19 0.79 0.80 0.68 0.75 0.25 0.48 0.30 0.17 0.06 0.89 0.86 0.50 0.03 0.26 0.94 0.53 0.37 0.34 0.20 0.24 0.98 0.89 0.60 0.68 0.82 0.13 0.50 0.70 0.73 0.75 0.23 0.52 0.18 0.31 0.74 0.42 0.36 0.81 0.13 0.70 0.75 0.92 0.54 0.83 0.40 0.69 0.24 0.76 0.92 0.74 0.51 0.79 0.97 0.57 0.09 0.27 0.05 0.08 0.90 0.99 0.12 0.22 0.46 0.72 0.62 0.80 0.99 0.61 0.57 0.85 0.88 0.81 0.30 0.82 0.60 0.90 0.47 0.68 0.38 0.49 1.00 0.71 ]
[0.12 0.34 0.39 0.15 0.51 0.94 0.75 0.97 0.83 0.51 0.56 0.64 0.92 0.26 0.22 0.01 0.46 0.52 0.02 0.32 0.11 0.05 0.70 0.18 0.55 0.17 0.89 0.32 0.40 0.21 0.33 0.48 0.82 0.63 0.13 0.45 0.35 0.44 0.36 0.69 0.19 0.44 0.74 0.77 0.62 0.57 0.29 0.99 0.11 0.78 0.72 0.05 0.48 0.28 0.29 0.27 0.80 0.57 0.33 0.20 0.53 0.67 0.31 0.18 0.21 0.79 0.31 0.28 0.23 0.35 0.74 0.64 0.93 0.13 0.29 0.27 0.75 0.48 0.14 0.42 0.49 0.55 0.18 0.71 1.00 ]
];
