D = 4;
n = [ 3 3 3 3 ];
N = 50;
d = [1 1 1 1 1 1 1 1 1 1 1 1 2 2 2 2 2 2 2 2 2 2 2 2 3 3 3 3 3 3 3 3 3 3 3 3 4 4 4 4 4 4 4 4 4 4 4 4 4 4 ];
m = [
[1.00 0.73 0.50 0.94 0.11 0.40 0.81 0.43 0.86 0.60 0.89 0.98 0.85 0.13 0.60 0.61 0.55 0.79 0.27 0.48 0.78 0.17 0.84 0.11 0.73 0.42 0.88 0.48 0.66 0.42 0.23 0.22 0.69 0.82 0.61 0.54 0.66 0.10 0.87 0.63 0.87 0.04 0.16 0.83 0.98 0.85 0.57 0.39 0.42 0.45 ]
[0.73 1.00 0.42 0.09 0.72 0.22 0.46 0.68 0.18 0.50 0.57 0.18 0.33 0.39 0.12 0.81 0.39 0.43 0.54 0.97 0.44 0.87 0.44 0.01 0.89 0.49 0.16 0.96 0.77 0.05 0.48 0.48 0.38 0.11 0.91 0.26 0.90 0.96 0.43 0.99 0.06 0.22 0.09 0.58 0.74 0.18 0.69 0.37 0.48 0.24 ]
[0.50 0.42 1.00 0.52 0.25 0.96 0.48 0.04 0.87 0.06 0.71 0.66 0.61 0.73 0.04 0.86 0.57 0.32 0.17 0.62 0.96 0.61 0.56 0.98 0.73 0.68 0.21 0.77 0.03 0.63 0.63 0.95 0.76 0.49 0.64 0.01 0.63 0.65 0.81 0.36 0.37 0.22 0.75 0.06 0.41 0.84 0.52 0.41 0.45 0.25 ]
[0.94 0.09 0.52 1.00 0.40 0.63 0.57 0.47 0.58 0.89 0.41 0.50 0.05 0.98 0.77 0.59 0.12 0.61 0.25 0.08 0.45 0.51 0.29 0.75 0.79 0.53 0.88 0.61 0.22 0.49 0.35 0.64 0.62 0.48 0.41 0.01 0.58 0.96 1.00 0.16 0.68 0.95 0.61 0.49 0.31 0.41 0.79 0.95 0.76 0.51 ]
[0.11 0.72 0.25 0.40 1.00 0.51 0.59 0.63 0.78 0.16 0.85 0.48 0.29 0.44 0.26 0.30 0.37 0.37 0.23 0.78 0.87 0.83 0.13 0.97 0.01 0.95 0.22 0.26 0.22 0.93 0.54 0.19 0.96 0.04 0.97 0.14 0.71 0.75 0.03 0.54 0.37 0.22 0.52 0.32 0.08 0.63 0.85 0.91 0.39 0.50 ]
[0.40 0.22 0.96 0.63 0.51 1.00 0.53 0.81 0.46 0.82 0.79 0.57 1.00 0.29 0.69 0.85 0.68 0.15 0.16 0.50 0.91 0.45 0.20 0.22 0.14 0.19 0.25 0.52 0.23 0.78 0.07 0.65 0.87 0.52 0.14 0.08 0.36 0.18 0.50 0.59 0.65 0.50 0.50 0.79 0.94 0.26 0.05 0.28 0.32 0.64 ]
[0.81 0.46 0.48 0.57 0.59 0.53 1.00 0.53 0.07 0.74 0.18 0.10 0.45 0.85 0.22 0.39 0.60 0.98 0.62 0.79 0.37 0.28 0.29 0.05 0.78 0.09 0.85 0.04 0.07 0.05 0.49 0.62 0.80 0.72 0.79 0.06 0.99 0.46 0.93 0.06 0.97 0.35 0.11 0.07 0.48 0.28 0.49 0.69 0.55 1.00 ]
[0.43 0.68 0.04 0.47 0.63 0.81 0.53 1.00 0.03 0.79 0.41 0.83 0.33 0.90 0.60 0.20 0.84 0.20 0.37 0.77 0.19 0.86 0.53 0.14 0.93 0.52 0.06 0.53 0.30 0.26 0.13 0.52 0.19 0.33 0.01 0.85 0.18 0.35 0.27 0.13 0.67 0.98 0.08 0.06 0.66 0.14 0.43 0.41 0.14 0.29 ]
[0.86 0.18 0.87 0.58 0.78 0.46 0.07 0.03 1.00 0.42 0.82 0.07 0.42 0.39 0.14 0.07 0.09 0.37 0.66 0.85 0.36 0.72 0.60 0.76 0.20 0.43 0.34 0.66 0.21 0.60 0.23 0.39 0.81 0.27 0.36 0.92 0.15 0.34 0.12 0.18 0.84 0.17 0.69 0.95 0.69 0.48 0.75 0.64 0.98 0.93 ]
[0.60 0.50 0.06 0.89 0.16 0.82 0.74 0.79 0.42 1.00 0.10 0.18 0.83 0.09 0.06 0.63 0.83 0.37 0.87 0.16 0.41 0.42 0.86 0.97 0.67 0.37 0.29 0.97 0.96 0.27 0.11 0.57 0.36 0.99 0.79 0.02 0.47 0.13 0.76 0.11 0.91 0.08 0.17 0.14 0.65 0.70 0.34 0.32 0.70 0.82 ]
[0.89 0.57 0.71 0.41 0.85 0.79 0.18 0.41 0.82 0.10 1.00 0.55 0.90 0.28 0.46 0.51 0.83 0.51 0.95 0.09 0.98 0.23 0.54 0.67 0.68 0.18 0.82 0.17 0.81 0.53 0.05 0.85 0.94 0.22 0.31 0.10 0.19 0.43 0.86 0.67 0.21 0.60 0.23 0.40 0.24 0.35 0.44 0.68 0.28 0.64 ]
[0.98 0.18 0.66 0.50 0.48 0.57 0.10 0.83 0.07 0.18 0.55 1.00 0.81 0.24 0.20 0.27 0.89 0.54 0.12 0.90 0.75 0.11 0.33 0.08 0.97 0.29 0.52 0.86 0.55 0.48 0.20 0.17 0.84 0.95 0.85 0.15 0.64 0.16 0.43 0.26 0.02 0.42 0.57 0.85 0.01 0.27 0.60 0.49 0.05 0.21 ]
[0.85 0.33 0.61 0.05 0.29 1.00 0.45 0.33 0.42 0.83 0.90 0.81 1.00 0.57 0.37 0.19 0.43 0.71 0.71 0.22 0.74 0.74 0.38 0.98 0.46 0.79 0.49 0.40 0.52 0.75 0.04 0.95 0.33 0.54 0.88 0.77 0.08 0.33 0.52 0.15 0.42 0.45 0.32 0.90 0.82 0.14 0.82 0.51 0.12 0.61 ]
[0.13 0.39 0.73 0.98 0.44 0.29 0.85 0.90 0.39 0.09 0.28 0.24 0.57 1.00 0.73 0.96 0.56 0.70 0.82 0.09 0.26 0.09 0.20 0.99 0.49 0.55 0.34 0.36 0.51 0.02 0.68 0.49 0.87 0.96 0.72 0.44 0.52 0.06 0.38 0.21 0.44 0.63 0.44 0.80 0.23 0.26 0.01 0.39 0.04 0.55 ]
[0.60 0.12 0.04 0.77 0.26 0.69 0.22 0.60 0.14 0.06 0.46 0.20 0.37 0.73 1.00 0.33 0.99 0.14 0.93 0.77 0.96 0.43 0.77 0.22 0.22 0.74 0.02 0.49 0.30 0.09 0.09 0.29 0.62 0.63 0.03 0.24 0.39 0.99 0.97 0.18 0.46 0.50 0.33 0.54 0.27 0.35 0.71 0.04 0.29 0.44 ]
[0.61 0.81 0.86 0.59 0.30 0.85 0.39 0.20 0.07 0.63 0.51 0.27 0.19 0.96 0.33 1.00 0.95 0.51 0.62 0.38 0.46 0.34 0.74 0.38 0.96 0.90 0.36 0.81 0.16 0.29 0.18 0.11 0.73 0.54 0.13 0.53 0.45 0.67 0.22 0.44 0.09 0.88 0.27 0.13 0.13 0.99 0.64 0.25 0.39 0.21 ]
[0.55 0.39 0.57 0.12 0.37 0.68 0.60 0.84 0.09 0.83 0.83 0.89 0.43 0.56 0.99 0.95 1.00 0.38 0.54 0.45 0.78 0.25 0.17 0.98 0.75 0.18 0.81 0.99 0.41 0.50 0.20 0.51 0.44 0.32 0.47 0.85 0.61 0.28 0.53 0.73 0.96 0.44 0.97 0.43 0.39 0.65 0.81 0.46 0.53 0.45 ]
[0.79 0.43 0.32 0.61 0.37 0.15 0.98 0.20 0.37 0.37 0.51 0.54 0.71 0.70 0.14 0.51 0.38 1.00 0.97 0.78 0.41 0.59 0.33 0.31 0.23 0.85 0.36 0.70 0.07 0.21 0.76 0.23 0.75 0.04 0.89 0.04 0.14 0.35 0.11 0.59 0.08 0.37 0.95 0.18 0.03 0.54 0.44 0.01 0.38 0.79 ]
[0.27 0.54 0.17 0.25 0.23 0.16 0.62 0.37 0.66 0.87 0.95 0.12 0.71 0.82 0.93 0.62 0.54 0.97 1.00 0.17 0.47 0.21 0.68 0.03 0.86 0.66 0.08 0.14 0.44 0.70 0.29 0.07 0.24 0.37 0.93 0.15 0.60 0.15 0.77 0.93 0.49 0.26 0.64 0.71 0.51 0.43 0.64 0.40 0.38 0.94 ]
[0.48 0.97 0.62 0.08 0.78 0.50 0.79 0.77 0.85 0.16 0.09 0.90 0.22 0.09 0.77 0.38 0.45 0.78 0.17 1.00 0.13 0.25 0.37 0.34 0.36 0.94 0.64 0.29 0.66 0.09 0.41 0.38 0.01 0.35 0.74 0.41 0.27 0.59 0.98 0.60 0.90 0.51 0.06 0.38 0.27 0.87 0.70 0.80 0.09 0.14 ]
[0.78 0.44 0.96 0.45 0.87 0.91 0.37 0.19 0.36 0.41 0.98 0.75 0.74 0.26 0.96 0.46 0.78 0.41 0.47 0.13 1.00 0.53 0.46 0.64 0.10 0.31 0.85 0.03 0.24 0.48 0.52 0.43 0.42 0.73 0.63 0.30 0.83 0.56 0.86 0.93 0.50 0.71 0.79 0.56 0.15 0.11 0.54 0.41 0.05 0.17 ]
[0.17 0.87 0.61 0.51 0.83 0.45 0.28 0.86 0.72 0.42 0.23 0.11 0.74 0.09 0.43 0.34 0.25 0.59 0.21 0.25 0.53 1.00 0.28 0.93 0.19 0.31 0.44 1.00 0.98 0.49 0.15 0.54 0.60 0.20 0.03 0.52 0.49 0.33 0.83 0.29 0.34 0.26 0.20 0.90 0.21 0.30 0.47 0.61 0.68 0.15 ]
[0.84 0.44 0.56 0.29 0.13 0.20 0.29 0.53 0.60 0.86 0.54 0.33 0.38 0.20 0.77 0.74 0.17 0.33 0.68 0.37 0.46 0.28 1.00 0.56 0.33 0.02 0.46 0.14 0.66 0.44 0.09 0.28 0.37 0.01 0.22 0.50 0.46 0.52 0.73 0.95 0.40 0.39 0.27 0.48 0.72 0.74 0.47 0.98 0.25 0.26 ]
[0.11 0.01 0.98 0.75 0.97 0.22 0.05 0.14 0.76 0.97 0.67 0.08 0.98 0.99 0.22 0.38 0.98 0.31 0.03 0.34 0.64 0.93 0.56 1.00 0.83 0.88 0.14 0.26 0.19 0.65 0.65 0.11 0.03 0.98 0.97 0.69 0.83 0.65 0.41 0.09 0.34 0.96 0.34 0.30 0.98 0.86 0.72 0.05 0.99 0.13 ]
[0.73 0.89 0.73 0.79 0.01 0.14 0.78 0.93 0.20 0.67 0.68 0.97 0.46 0.49 0.22 0.96 0.75 0.23 0.86 0.36 0.10 0.19 0.33 0.83 1.00 0.37 0.08 0.38 0.96 0.94 0.44 0.53 0.78 0.75 0.87 0.46 0.26 0.03 0.41 0.83 0.16 0.76 0.72 0.05 0.06 0.50 0.75 0.85 0.77 0.19 ]
[0.42 0.49 0.68 0.53 0.95 0.19 0.09 0.52 0.43 0.37 0.18 0.29 0.79 0.55 0.74 0.90 0.18 0.85 0.66 0.94 0.31 0.31 0.02 0.88 0.37 1.00 0.33 0.64 0.38 0.42 0.69 0.40 0.49 0.77 0.76 0.58 0.44 0.98 0.17 0.95 0.70 0.75 0.73 0.48 0.23 0.85 0.45 0.75 0.96 0.75 ]
[0.88 0.16 0.21 0.88 0.22 0.25 0.85 0.06 0.34 0.29 0.82 0.52 0.49 0.34 0.02 0.36 0.81 0.36 0.08 0.64 0.85 0.44 0.46 0.14 0.08 0.33 1.00 0.26 0.66 0.42 0.77 0.72 0.50 0.61 0.80 0.88 0.28 0.06 0.30 0.15 0.95 0.76 0.67 0.03 0.22 0.86 0.58 0.89 0.44 0.21 ]
[0.48 0.96 0.77 0.61 0.26 0.52 0.04 0.53 0.66 0.97 0.17 0.86 0.40 0.36 0.49 0.81 0.99 0.70 0.14 0.29 0.03 1.00 0.14 0.26 0.38 0.64 0.26 1.00 0.60 0.71 0.45 0.50 0.87 0.72 0.25 0.23 0.24 0.76 0.26 0.28 0.71 0.73 0.64 0.67 0.23 0.39 0.63 0.24 0.21 0.01 ]
[0.66 0.77 0.03 0.22 0.22 0.23 0.07 0.30 0.21 0.96 0.81 0.55 0.52 0.51 0.30 0.16 0.41 0.07 0.44 0.66 0.24 0.98 0.66 0.19 0.96 0.38 0.66 0.60 1.00 0.24 0.54 0.02 0.13 0.54 0.32 0.87 0.85 0.75 0.19 0.76 0.93 0.33 0.68 0.78 0.52 0.94 0.93 0.25 0.15 0.27 ]
[0.42 0.05 0.63 0.49 0.93 0.78 0.05 0.26 0.60 0.27 0.53 0.48 0.75 0.02 0.09 0.29 0.50 0.21 0.70 0.09 0.48 0.49 0.44 0.65 0.94 0.42 0.42 0.71 0.24 1.00 0.82 0.67 0.91 0.83 0.76 0.32 0.89 0.83 0.53 0.01 0.57 0.17 0.09 0.91 0.08 0.72 0.38 0.36 0.51 0.58 ]
[0.23 0.48 0.63 0.35 0.54 0.07 0.49 0.13 0.23 0.11 0.05 0.20 0.04 0.68 0.09 0.18 0.20 0.76 0.29 0.41 0.52 0.15 0.09 0.65 0.44 0.69 0.77 0.45 0.54 0.82 1.00 0.96 0.18 0.62 0.79 0.99 0.54 0.12 0.52 0.86 0.32 0.42 0.86 0.88 0.38 0.08 0.09 1.00 0.05 0.90 ]
[0.22 0.48 0.95 0.64 0.19 0.65 0.62 0.52 0.39 0.57 0.85 0.17 0.95 0.49 0.29 0.11 0.51 0.23 0.07 0.38 0.43 0.54 0.28 0.11 0.53 0.40 0.72 0.50 0.02 0.67 0.96 1.00 0.58 0.13 0.31 0.79 0.22 0.25 0.94 0.16 0.43 0.99 0.13 0.33 0.84 0.43 0.10 0.83 0.20 0.38 ]
[0.69 0.38 0.76 0.62 0.96 0.87 0.80 0.19 0.81 0.36 0.94 0.84 0.33 0.87 0.62 0.73 0.44 0.75 0.24 0.01 0.42 0.60 0.37 0.03 0.78 0.49 0.50 0.87 0.13 0.91 0.18 0.58 1.00 0.70 0.10 0.69 0.97 0.20 0.21 0.99 0.95 0.86 0.63 0.98 0.33 0.91 0.75 0.47 0.57 0.09 ]
[0.82 0.11 0.49 0.48 0.04 0.52 0.72 0.33 0.27 0.99 0.22 0.95 0.54 0.96 0.63 0.54 0.32 0.04 0.37 0.35 0.73 0.20 0.01 0.98 0.75 0.77 0.61 0.72 0.54 0.83 0.62 0.13 0.70 1.00 0.48 0.10 0.54 0.87 0.75 0.91 0.66 0.48 1.00 0.15 0.45 0.57 0.80 0.30 0.27 0.46 ]
[0.61 0.91 0.64 0.41 0.97 0.14 0.79 0.01 0.36 0.79 0.31 0.85 0.88 0.72 0.03 0.13 0.47 0.89 0.93 0.74 0.63 0.03 0.22 0.97 0.87 0.76 0.80 0.25 0.32 0.76 0.79 0.31 0.10 0.48 1.00 0.87 0.33 0.35 0.63 0.50 0.92 0.99 0.43 0.82 0.70 0.05 0.23 0.17 0.21 0.68 ]
[0.54 0.26 0.01 0.01 0.14 0.08 0.06 0.85 0.92 0.02 0.10 0.15 0.77 0.44 0.24 0.53 0.85 0.04 0.15 0.41 0.30 0.52 0.50 0.69 0.46 0.58 0.88 0.23 0.87 0.32 0.99 0.79 0.69 0.10 0.87 1.00 0.35 0.81 0.53 0.86 0.78 0.92 0.73 0.87 0.26 0.94 0.39 0.34 0.39 0.23 ]
[0.66 0.90 0.63 0.58 0.71 0.36 0.99 0.18 0.15 0.47 0.19 0.64 0.08 0.52 0.39 0.45 0.61 0.14 0.60 0.27 0.83 0.49 0.46 0.83 0.26 0.44 0.28 0.24 0.85 0.89 0.54 0.22 0.97 0.54 0.33 0.35 1.00 0.12 0.26 0.19 0.83 0.49 0.78 0.58 0.52 0.93 0.71 0.09 0.58 0.88 ]
[0.10 0.96 0.65 0.96 0.75 0.18 0.46 0.35 0.34 0.13 0.43 0.16 0.33 0.06 0.99 0.67 0.28 0.35 0.15 0.59 0.56 0.33 0.52 0.65 0.03 0.98 0.06 0.76 0.75 0.83 0.12 0.25 0.20 0.87 0.35 0.81 0.12 1.00 0.35 0.21 0.65 0.80 0.35 0.83 0.48 0.19 0.65 0.37 0.23 0.55 ]
[0.87 0.43 0.81 1.00 0.03 0.50 0.93 0.27 0.12 0.76 0.86 0.43 0.52 0.38 0.97 0.22 0.53 0.11 0.77 0.98 0.86 0.83 0.73 0.41 0.41 0.17 0.30 0.26 0.19 0.53 0.52 0.94 0.21 0.75 0.63 0.53 0.26 0.35 1.00 0.98 0.35 0.67 0.12 0.64 0.05 0.70 0.23 0.82 0.07 0.80 ]
[0.63 0.99 0.36 0.16 0.54 0.59 0.06 0.13 0.18 0.11 0.67 0.26 0.15 0.21 0.18 0.44 0.73 0.59 0.93 0.60 0.93 0.29 0.95 0.09 0.83 0.95 0.15 0.28 0.76 0.01 0.86 0.16 0.99 0.91 0.50 0.86 0.19 0.21 0.98 1.00 0.80 0.04 0.06 0.63 0.89 0.80 0.28 0.61 0.90 0.63 ]
[0.87 0.06 0.37 0.68 0.37 0.65 0.97 0.67 0.84 0.91 0.21 0.02 0.42 0.44 0.46 0.09 0.96 0.08 0.49 0.90 0.50 0.34 0.40 0.34 0.16 0.70 0.95 0.71 0.93 0.57 0.32 0.43 0.95 0.66 0.92 0.78 0.83 0.65 0.35 0.80 1.00 0.76 0.25 0.73 0.61 0.90 0.37 0.36 0.10 0.67 ]
[0.04 0.22 0.22 0.95 0.22 0.50 0.35 0.98 0.17 0.08 0.60 0.42 0.45 0.63 0.50 0.88 0.44 0.37 0.26 0.51 0.71 0.26 0.39 0.96 0.76 0.75 0.76 0.73 0.33 0.17 0.42 0.99 0.86 0.48 0.99 0.92 0.49 0.80 0.67 0.04 0.76 1.00 0.02 0.02 0.90 0.81 0.72 0.84 0.61 0.32 ]
[0.16 0.09 0.75 0.61 0.52 0.50 0.11 0.08 0.69 0.17 0.23 0.57 0.32 0.44 0.33 0.27 0.97 0.95 0.64 0.06 0.79 0.20 0.27 0.34 0.72 0.73 0.67 0.64 0.68 0.09 0.86 0.13 0.63 1.00 0.43 0.73 0.78 0.35 0.12 0.06 0.25 0.02 1.00 0.10 0.07 0.33 0.67 0.32 0.79 0.17 ]
[0.83 0.58 0.06 0.49 0.32 0.79 0.07 0.06 0.95 0.14 0.40 0.85 0.90 0.80 0.54 0.13 0.43 0.18 0.71 0.38 0.56 0.90 0.48 0.30 0.05 0.48 0.03 0.67 0.78 0.91 0.88 0.33 0.98 0.15 0.82 0.87 0.58 0.83 0.64 0.63 0.73 0.02 0.10 1.00 0.26 0.54 0.41 0.05 0.62 0.50 ]
[0.98 0.74 0.41 0.31 0.08 0.94 0.48 0.66 0.69 0.65 0.24 0.01 0.82 0.23 0.27 0.13 0.39 0.03 0.51 0.27 0.15 0.21 0.72 0.98 0.06 0.23 0.22 0.23 0.52 0.08 0.38 0.84 0.33 0.45 0.70 0.26 0.52 0.48 0.05 0.89 0.61 0.90 0.07 0.26 1.00 0.01 0.09 0.67 0.23 0.76 ]
[0.85 0.18 0.84 0.41 0.63 0.26 0.28 0.14 0.48 0.70 0.35 0.27 0.14 0.26 0.35 0.99 0.65 0.54 0.43 0.87 0.11 0.30 0.74 0.86 0.50 0.85 0.86 0.39 0.94 0.72 0.08 0.43 0.91 0.57 0.05 0.94 0.93 0.19 0.70 0.80 0.90 0.81 0.33 0.54 0.01 1.00 0.63 0.53 0.00 0.78 ]
[0.57 0.69 0.52 0.79 0.85 0.05 0.49 0.43 0.75 0.34 0.44 0.60 0.82 0.01 0.71 0.64 0.81 0.44 0.64 0.70 0.54 0.47 0.47 0.72 0.75 0.45 0.58 0.63 0.93 0.38 0.09 0.10 0.75 0.80 0.23 0.39 0.71 0.65 0.23 0.28 0.37 0.72 0.67 0.41 0.09 0.63 1.00 0.34 0.35 0.14 ]
[0.39 0.37 0.41 0.95 0.91 0.28 0.69 0.41 0.64 0.32 0.68 0.49 0.51 0.39 0.04 0.25 0.46 0.01 0.40 0.80 0.41 0.61 0.98 0.05 0.85 0.75 0.89 0.24 0.25 0.36 1.00 0.83 0.47 0.30 0.17 0.34 0.09 0.37 0.82 0.61 0.36 0.84 0.32 0.05 0.67 0.53 0.34 1.00 0.50 0.67 ]
[0.42 0.48 0.45 0.76 0.39 0.32 0.55 0.14 0.98 0.70 0.28 0.05 0.12 0.04 0.29 0.39 0.53 0.38 0.38 0.09 0.05 0.68 0.25 0.99 0.77 0.96 0.44 0.21 0.15 0.51 0.05 0.20 0.57 0.27 0.21 0.39 0.58 0.23 0.07 0.90 0.10 0.61 0.79 0.62 0.23 0.00 0.35 0.50 1.00 0.92 ]
[0.45 0.24 0.25 0.51 0.50 0.64 1.00 0.29 0.93 0.82 0.64 0.21 0.61 0.55 0.44 0.21 0.45 0.79 0.94 0.14 0.17 0.15 0.26 0.13 0.19 0.75 0.21 0.01 0.27 0.58 0.90 0.38 0.09 0.46 0.68 0.23 0.88 0.55 0.80 0.63 0.67 0.32 0.17 0.50 0.76 0.78 0.14 0.67 0.92 1.00 ]
];
