D = 4;
n = [ 5 5 5 5 ];
N = 73;
d = [1 1 1 1 1 1 1 1 1 1 1 1 1 1 1 1 1 1 2 2 2 2 2 2 2 2 2 2 2 2 2 2 2 2 2 2 3 3 3 3 3 3 3 3 3 3 3 3 3 3 3 3 3 3 4 4 4 4 4 4 4 4 4 4 4 4 4 4 4 4 4 4 4 ];
m = [
[1.00 0.83 0.58 0.18 0.22 0.45 0.98 0.79 0.59 0.62 0.19 0.51 0.54 0.21 0.96 0.12 0.85 0.52 0.92 0.75 0.92 0.57 0.93 0.18 0.97 0.16 0.84 0.24 0.96 0.84 0.04 0.16 0.61 0.48 0.88 0.85 0.95 0.05 0.39 0.10 0.74 0.63 0.70 0.64 0.46 0.89 0.01 0.96 0.97 0.33 0.71 0.67 0.47 0.69 0.98 0.83 0.96 0.14 0.32 0.96 0.67 0.58 0.94 0.35 0.10 0.04 0.50 0.44 0.96 0.15 0.40 0.08 0.80 ]
[0.83 1.00 0.29 0.23 0.43 0.98 0.61 0.43 0.71 0.81 0.79 0.18 0.76 0.37 0.54 0.45 0.65 0.06 0.99 0.08 0.87 0.31 0.08 0.51 0.73 0.45 0.75 0.10 0.87 0.46 0.92 0.24 0.33 0.22 0.08 0.46 0.89 0.41 0.31 0.05 0.68 0.35 0.96 0.75 0.50 0.27 0.26 0.73 0.51 0.53 0.68 0.37 0.31 0.55 0.47 0.17 0.23 0.79 0.41 0.87 0.81 0.55 0.89 0.64 0.04 0.64 0.49 0.81 0.62 0.02 0.11 0.85 0.25 ]
[0.58 0.29 1.00 0.44 0.64 0.99 0.96 0.90 0.84 0.32 0.44 0.21 0.73 0.60 0.50 0.09 0.03 0.71 0.79 0.87 0.30 0.15 0.17 0.23 0.27 0.27 0.20 0.57 0.24 0.30 0.41 0.93 0.75 0.59 0.16 0.77 0.85 0.61 0.21 0.11 0.71 0.85 0.59 0.90 0.45 0.71 0.13 0.25 0.96 0.60 0.67 0.94 0.01 0.40 0.66 0.18 0.56 0.82 0.91 0.96 0.18 0.77 0.44 0.72 0.27 0.05 0.29 0.29 0.94 0.36 0.36 0.65 0.28 ]
[0.18 0.23 0.44 1.00 0.50 0.39 0.64 0.04 0.48 0.88 0.46 0.25 0.43 0.46 0.98 0.88 0.11 0.02 0.51 0.43 0.31 0.08 0.74 0.19 0.95 0.85 0.41 0.77 0.35 0.07 0.35 0.02 0.98 0.55 0.61 0.64 0.91 0.23 0.99 0.70 0.64 0.20 0.82 0.57 0.04 0.93 0.02 0.00 0.84 0.58 0.72 0.79 0.36 0.86 0.89 0.73 0.36 0.95 0.28 0.11 0.02 0.04 0.82 0.68 0.24 0.11 0.35 0.94 0.48 0.92 0.82 0.04 0.98 ]
[0.22 0.43 0.64 0.50 1.00 0.92 0.58 0.43 0.85 0.92 0.77 0.07 0.21 0.22 0.99 0.48 0.30 0.19 0.99 0.36 0.24 0.31 0.09 1.00 0.50 0.14 0.16 0.04 0.83 0.01 0.75 0.95 0.59 0.26 0.47 0.57 0.69 0.95 0.28 0.41 0.18 0.11 0.02 0.15 0.12 0.25 0.99 0.61 0.46 0.12 0.04 0.83 0.91 0.17 0.13 0.15 0.05 0.04 0.23 0.30 0.28 0.26 0.85 0.88 0.46 0.64 0.47 0.40 0.86 0.52 0.84 0.78 0.27 ]
[0.45 0.98 0.99 0.39 0.92 1.00 0.91 0.61 0.41 0.41 0.35 0.33 0.88 0.84 0.67 0.10 0.48 0.38 0.38 0.09 0.90 0.87 0.44 0.99 0.92 0.16 0.32 0.49 0.86 0.10 0.41 0.23 0.25 0.68 0.90 0.67 0.16 0.95 0.36 0.88 0.61 0.74 0.64 0.37 0.84 0.69 0.34 0.61 0.25 0.44 0.27 0.88 0.50 0.97 0.14 0.53 0.32 0.19 0.35 0.16 0.57 0.10 0.28 0.33 0.76 0.53 0.24 0.52 0.15 0.76 0.26 0.31 0.08 ]
[0.98 0.61 0.96 0.64 0.58 0.91 1.00 0.82 0.91 0.92 0.29 0.43 0.86 0.64 0.13 0.78 0.92 0.52 0.71 0.94 0.53 0.39 0.43 0.99 0.92 0.45 0.66 0.65 0.78 0.61 0.29 0.42 0.91 0.59 0.67 0.49 0.56 0.77 0.40 0.75 0.96 0.65 0.72 0.76 0.30 0.61 0.46 0.75 0.44 0.86 0.77 0.29 0.84 0.93 0.80 0.21 0.81 0.41 0.45 0.93 0.64 0.13 0.43 0.58 0.38 0.84 0.65 0.36 0.77 0.02 0.47 0.01 0.94 ]
[0.79 0.43 0.90 0.04 0.43 0.61 0.82 1.00 0.39 0.79 0.01 0.57 0.39 0.63 0.51 0.14 0.98 0.39 0.72 0.77 0.75 0.91 0.06 1.00 0.39 0.27 0.24 0.67 0.72 0.19 0.22 0.80 0.92 0.18 0.60 0.99 0.02 0.07 0.09 0.64 0.67 0.77 0.41 0.21 0.63 0.10 0.03 0.99 0.61 0.88 0.38 0.35 0.43 0.09 0.15 0.27 0.15 0.15 0.70 0.30 0.04 0.37 0.68 0.95 0.58 0.51 0.47 0.52 0.92 0.20 0.23 0.35 0.09 ]
[0.59 0.71 0.84 0.48 0.85 0.41 0.91 0.39 1.00 0.50 0.04 0.39 0.85 0.36 0.94 0.62 0.50 0.20 0.43 0.04 0.10 0.81 0.37 0.20 0.26 0.64 0.57 0.44 0.70 0.64 0.01 0.88 0.70 0.21 0.68 0.40 0.06 0.61 0.72 0.91 0.43 0.33 0.43 0.96 0.18 0.61 0.14 0.54 0.16 0.54 0.25 0.69 0.57 0.69 0.17 0.47 0.26 0.28 0.91 0.17 0.34 0.85 0.08 0.23 0.04 0.85 0.76 0.46 0.80 0.51 0.87 0.00 0.82 ]
[0.62 0.81 0.32 0.88 0.92 0.41 0.92 0.79 0.50 1.00 0.36 0.44 0.01 0.32 0.59 0.92 0.09 0.39 0.82 1.00 0.12 0.16 0.97 0.21 0.77 0.27 0.03 0.17 0.12 0.51 0.36 0.73 0.91 0.92 0.37 0.51 0.62 0.01 0.37 0.97 0.30 0.20 0.96 0.87 0.52 0.21 0.83 0.17 0.20 0.14 0.96 0.95 0.47 0.46 0.80 0.62 0.89 0.74 0.55 0.59 0.06 0.74 0.92 0.83 0.66 0.69 0.13 0.84 0.11 0.09 0.12 0.53 0.02 ]
[0.19 0.79 0.44 0.46 0.77 0.35 0.29 0.01 0.04 0.36 1.00 0.32 0.50 0.50 0.64 0.87 0.59 0.48 0.23 0.17 0.75 0.26 0.11 0.41 0.80 0.09 0.72 0.81 0.50 0.61 0.42 0.22 0.55 0.17 0.33 0.29 0.70 0.55 0.91 0.71 0.28 0.25 0.45 0.77 0.62 0.97 0.56 0.69 0.59 0.43 0.51 0.20 0.60 0.51 0.66 0.15 0.35 0.72 0.40 0.86 0.55 0.30 0.56 0.10 0.99 0.70 0.64 0.08 0.21 0.61 0.28 0.14 0.01 ]
[0.51 0.18 0.21 0.25 0.07 0.33 0.43 0.57 0.39 0.44 0.32 1.00 0.59 0.31 0.05 0.67 0.34 0.97 0.81 0.61 0.31 0.65 0.71 0.69 0.15 0.44 0.67 0.03 0.10 0.84 0.80 0.06 0.40 0.14 0.18 0.02 0.01 0.71 0.26 0.15 0.34 0.55 0.03 0.67 0.89 0.58 0.40 0.10 0.63 0.07 0.08 0.51 0.33 0.10 0.92 0.87 0.26 0.76 0.91 0.63 0.93 0.65 0.32 0.21 0.03 0.71 0.21 0.32 0.77 0.54 0.60 0.66 0.85 ]
[0.54 0.76 0.73 0.43 0.21 0.88 0.86 0.39 0.85 0.01 0.50 0.59 1.00 0.05 0.85 0.84 0.55 0.13 0.63 0.50 0.96 0.15 0.05 0.53 0.77 0.06 0.31 0.44 0.76 0.87 0.26 0.57 0.47 0.26 0.44 0.33 0.77 0.80 0.73 0.04 0.38 0.53 0.39 0.55 0.57 0.51 0.78 0.29 0.33 0.09 0.03 0.69 0.22 0.77 0.82 0.37 0.31 0.39 0.02 0.44 0.40 0.64 0.88 0.32 0.70 0.27 0.77 0.73 0.35 0.73 0.24 0.44 0.64 ]
[0.21 0.37 0.60 0.46 0.22 0.84 0.64 0.63 0.36 0.32 0.50 0.31 0.05 1.00 0.28 0.95 0.80 0.09 0.70 0.06 0.67 0.50 0.89 0.55 0.29 0.58 0.15 0.27 0.47 0.34 0.11 0.75 0.05 0.47 0.14 0.07 0.18 0.70 0.06 0.32 0.63 0.14 0.69 0.89 0.42 0.94 0.13 0.12 0.98 0.69 0.70 0.25 0.75 0.35 0.12 0.07 0.79 0.73 0.66 0.05 0.47 0.06 0.73 0.17 0.34 0.53 0.81 0.82 0.51 0.45 0.13 0.68 0.22 ]
[0.96 0.54 0.50 0.98 0.99 0.67 0.13 0.51 0.94 0.59 0.64 0.05 0.85 0.28 1.00 0.57 0.48 0.14 0.43 0.89 0.36 0.05 0.79 0.04 0.98 0.22 0.24 0.02 0.22 0.42 0.78 0.82 0.99 0.80 0.38 0.65 0.07 0.41 0.25 0.14 0.60 0.22 0.82 0.09 0.45 0.88 0.45 0.76 0.52 0.56 0.21 0.94 0.74 0.91 0.28 0.78 0.19 0.28 0.39 0.71 0.69 0.93 0.73 0.55 0.26 0.09 0.82 0.93 0.16 0.37 0.76 0.22 0.50 ]
[0.12 0.45 0.09 0.88 0.48 0.10 0.78 0.14 0.62 0.92 0.87 0.67 0.84 0.95 0.57 1.00 0.48 0.88 0.91 0.13 0.19 0.99 0.96 0.23 0.39 0.20 0.45 0.53 0.49 0.78 0.84 0.79 0.52 0.79 0.59 0.91 0.63 0.27 0.11 0.83 0.22 0.12 0.91 0.47 0.96 0.58 0.20 0.13 0.90 0.60 0.01 0.81 0.01 0.02 0.79 0.50 0.19 0.85 0.91 0.15 0.46 0.87 0.92 0.33 0.83 0.97 1.00 0.81 0.97 0.86 0.36 0.69 0.11 ]
[0.85 0.65 0.03 0.11 0.30 0.48 0.92 0.98 0.50 0.09 0.59 0.34 0.55 0.80 0.48 0.48 1.00 0.02 0.08 0.38 0.95 0.18 0.93 0.25 0.87 0.41 0.51 0.68 0.77 0.30 0.36 0.30 1.00 0.29 0.79 0.37 0.67 0.76 0.88 0.17 0.47 0.35 0.73 0.64 0.19 0.79 0.86 0.18 0.85 0.37 0.26 0.46 0.30 0.93 0.80 0.45 0.89 0.64 0.71 0.75 0.46 0.68 0.42 0.11 0.78 0.07 0.33 0.22 0.39 0.95 0.81 0.80 0.70 ]
[0.52 0.06 0.71 0.02 0.19 0.38 0.52 0.39 0.20 0.39 0.48 0.97 0.13 0.09 0.14 0.88 0.02 1.00 0.31 0.53 0.07 0.79 0.25 0.79 0.04 0.20 0.92 0.10 0.14 0.84 0.01 0.96 0.32 0.10 0.92 0.02 0.76 0.69 0.21 0.65 0.92 0.35 0.49 0.10 0.50 0.53 0.48 0.72 0.95 0.20 0.91 0.02 0.93 0.74 0.23 0.13 0.43 0.94 0.87 0.63 0.66 0.65 0.64 0.46 0.10 0.78 0.25 0.30 0.63 0.35 0.32 0.04 0.51 ]
[0.92 0.99 0.79 0.51 0.99 0.38 0.71 0.72 0.43 0.82 0.23 0.81 0.63 0.70 0.43 0.91 0.08 0.31 1.00 0.72 0.10 0.28 0.23 0.12 0.40 0.70 0.58 0.29 0.18 0.58 0.03 0.35 0.92 0.55 0.19 0.86 0.14 0.63 0.02 0.65 0.59 0.09 0.40 0.82 0.71 0.50 0.02 0.99 0.18 0.85 0.15 0.06 0.80 0.72 0.85 0.83 0.56 0.16 0.32 0.37 0.94 0.39 0.73 0.25 0.21 0.45 0.43 0.20 0.28 0.14 0.07 0.60 0.74 ]
[0.75 0.08 0.87 0.43 0.36 0.09 0.94 0.77 0.04 1.00 0.17 0.61 0.50 0.06 0.89 0.13 0.38 0.53 0.72 1.00 0.58 0.12 0.73 0.75 0.12 0.15 0.54 0.88 0.02 0.89 0.84 0.08 0.37 0.77 0.06 0.08 0.88 0.25 0.97 0.42 0.71 0.23 0.08 0.33 0.57 0.01 0.69 0.37 0.24 0.01 0.06 0.80 0.18 0.09 0.57 0.47 0.25 0.55 0.90 0.69 0.60 0.51 0.00 0.65 0.36 0.17 0.92 0.10 0.39 0.17 0.01 0.25 0.58 ]
[0.92 0.87 0.30 0.31 0.24 0.90 0.53 0.75 0.10 0.12 0.75 0.31 0.96 0.67 0.36 0.19 0.95 0.07 0.10 0.58 1.00 0.06 0.19 0.82 0.00 0.47 0.10 0.88 0.60 0.66 0.44 0.58 0.35 0.30 0.26 0.10 0.86 0.81 0.52 0.61 0.41 0.29 0.09 0.54 0.37 0.49 0.97 0.81 0.45 0.65 0.73 0.70 0.36 0.38 0.34 0.82 0.74 0.47 0.67 0.48 0.19 0.23 0.87 0.92 0.43 0.93 0.05 0.45 0.08 0.44 0.64 0.93 0.24 ]
[0.57 0.31 0.15 0.08 0.31 0.87 0.39 0.91 0.81 0.16 0.26 0.65 0.15 0.50 0.05 0.99 0.18 0.79 0.28 0.12 0.06 1.00 0.40 0.28 0.87 0.51 0.16 0.97 0.38 0.48 0.61 0.70 0.38 0.05 0.68 0.16 0.22 0.50 0.25 0.29 0.90 0.37 0.17 0.25 0.93 0.24 0.45 0.45 0.89 0.42 0.91 0.51 0.94 0.97 0.02 0.80 0.91 0.35 0.46 0.47 0.88 0.36 0.39 0.35 0.18 0.66 0.02 0.68 0.15 0.22 0.23 0.65 0.85 ]
[0.93 0.08 0.17 0.74 0.09 0.44 0.43 0.06 0.37 0.97 0.11 0.71 0.05 0.89 0.79 0.96 0.93 0.25 0.23 0.73 0.19 0.40 1.00 0.66 0.98 0.29 0.78 0.06 0.34 0.31 0.39 0.90 0.97 0.18 0.32 0.30 0.09 0.17 0.47 0.06 0.68 0.43 0.44 0.08 0.44 0.69 0.11 0.25 0.66 0.84 0.61 0.37 0.71 0.78 0.67 0.28 0.37 0.36 0.72 0.20 0.41 0.63 0.92 0.60 0.56 0.93 0.76 0.38 0.86 0.81 0.01 0.15 0.64 ]
[0.18 0.51 0.23 0.19 1.00 0.99 0.99 1.00 0.20 0.21 0.41 0.69 0.53 0.55 0.04 0.23 0.25 0.79 0.12 0.75 0.82 0.28 0.66 1.00 0.81 0.10 0.03 0.85 0.36 0.34 0.13 0.89 0.37 0.18 0.97 0.64 0.64 0.66 0.56 0.45 0.29 0.92 0.46 0.83 0.37 0.46 0.19 0.63 0.97 0.75 0.49 0.07 0.72 0.42 0.29 0.56 0.73 0.73 0.64 0.83 0.89 0.76 0.10 0.11 0.35 0.32 0.46 0.57 0.73 0.71 0.85 0.35 0.10 ]
[0.97 0.73 0.27 0.95 0.50 0.92 0.92 0.39 0.26 0.77 0.80 0.15 0.77 0.29 0.98 0.39 0.87 0.04 0.40 0.12 0.00 0.87 0.98 0.81 1.00 0.03 0.10 0.95 0.06 0.00 0.85 0.39 0.07 0.05 0.82 0.75 0.38 0.96 0.43 0.23 0.83 0.96 0.97 0.30 0.24 0.71 0.61 0.22 0.09 0.26 0.05 0.75 0.81 0.76 0.99 0.04 0.95 0.97 0.40 0.11 0.45 0.42 0.85 0.49 0.90 0.30 0.60 0.23 0.14 0.70 0.19 0.08 0.08 ]
[0.16 0.45 0.27 0.85 0.14 0.16 0.45 0.27 0.64 0.27 0.09 0.44 0.06 0.58 0.22 0.20 0.41 0.20 0.70 0.15 0.47 0.51 0.29 0.10 0.03 1.00 0.98 0.15 0.93 0.69 0.53 0.20 0.88 0.76 0.28 0.94 0.07 0.80 0.33 0.19 0.03 0.56 0.73 0.84 0.17 0.72 0.87 0.69 1.00 0.18 0.12 0.17 0.87 0.98 0.79 0.85 0.53 0.83 0.77 0.18 0.18 0.00 0.67 0.59 0.51 0.46 0.22 0.98 0.39 0.20 0.75 0.86 0.49 ]
[0.84 0.75 0.20 0.41 0.16 0.32 0.66 0.24 0.57 0.03 0.72 0.67 0.31 0.15 0.24 0.45 0.51 0.92 0.58 0.54 0.10 0.16 0.78 0.03 0.10 0.98 1.00 0.04 0.66 0.60 0.79 0.36 0.99 0.53 0.37 0.53 0.30 0.07 0.04 0.61 0.00 0.02 0.95 0.44 0.87 0.97 0.80 0.29 0.22 0.57 0.88 0.24 0.25 0.35 0.66 0.77 0.65 0.01 0.75 0.71 0.04 0.57 0.24 0.00 0.23 0.72 0.50 0.59 0.82 0.15 0.83 0.85 0.05 ]
[0.24 0.10 0.57 0.77 0.04 0.49 0.65 0.67 0.44 0.17 0.81 0.03 0.44 0.27 0.02 0.53 0.68 0.10 0.29 0.88 0.88 0.97 0.06 0.85 0.95 0.15 0.04 1.00 0.68 0.73 0.96 0.91 0.39 0.31 0.86 0.89 0.49 0.42 0.53 0.74 0.24 0.45 0.19 0.89 0.39 1.00 0.93 0.58 0.85 0.29 0.34 0.39 0.08 0.42 0.72 0.48 0.02 0.89 0.49 0.71 0.66 0.74 0.33 0.69 0.81 0.10 0.34 0.56 0.23 0.67 0.90 0.31 0.40 ]
[0.96 0.87 0.24 0.35 0.83 0.86 0.78 0.72 0.70 0.12 0.50 0.10 0.76 0.47 0.22 0.49 0.77 0.14 0.18 0.02 0.60 0.38 0.34 0.36 0.06 0.93 0.66 0.68 1.00 0.65 0.67 0.66 0.15 0.46 0.07 0.26 0.27 0.34 0.61 0.77 0.12 0.85 0.49 0.46 0.01 0.17 0.74 0.24 0.05 0.53 0.77 0.06 0.54 0.02 0.55 0.95 0.04 0.37 0.45 0.90 0.91 0.68 0.78 0.83 0.94 0.43 0.36 0.34 0.88 0.68 0.14 0.45 0.32 ]
[0.84 0.46 0.30 0.07 0.01 0.10 0.61 0.19 0.64 0.51 0.61 0.84 0.87 0.34 0.42 0.78 0.30 0.84 0.58 0.89 0.66 0.48 0.31 0.34 0.00 0.69 0.60 0.73 0.65 1.00 0.41 0.90 0.82 0.55 0.29 0.83 0.70 0.18 0.83 0.76 0.07 0.28 0.77 0.18 0.25 0.50 0.16 0.18 0.61 0.39 0.04 0.63 0.98 0.93 0.58 0.94 0.53 0.06 0.52 0.58 0.65 0.29 0.18 0.26 0.73 0.06 0.42 0.79 0.90 0.50 0.02 0.01 0.88 ]
[0.04 0.92 0.41 0.35 0.75 0.41 0.29 0.22 0.01 0.36 0.42 0.80 0.26 0.11 0.78 0.84 0.36 0.01 0.03 0.84 0.44 0.61 0.39 0.13 0.85 0.53 0.79 0.96 0.67 0.41 1.00 0.23 0.42 0.32 0.96 0.18 0.13 0.18 0.92 0.90 0.02 0.68 0.78 0.56 0.00 0.60 0.17 0.14 0.34 0.65 0.10 0.86 0.98 0.07 0.83 0.59 0.25 0.98 0.62 0.09 0.43 0.84 0.60 0.51 0.76 0.65 0.18 0.16 0.27 0.73 0.70 0.34 0.79 ]
[0.16 0.24 0.93 0.02 0.95 0.23 0.42 0.80 0.88 0.73 0.22 0.06 0.57 0.75 0.82 0.79 0.30 0.96 0.35 0.08 0.58 0.70 0.90 0.89 0.39 0.20 0.36 0.91 0.66 0.90 0.23 1.00 0.34 0.68 0.56 0.58 0.44 0.15 0.80 0.80 0.44 0.46 0.89 0.71 0.11 0.72 0.98 0.21 0.11 0.51 0.77 0.99 0.88 0.10 0.89 0.09 0.64 0.73 0.96 0.34 0.30 0.06 0.64 0.43 0.56 0.20 0.56 0.08 0.87 0.95 0.18 0.41 0.41 ]
[0.61 0.33 0.75 0.98 0.59 0.25 0.91 0.92 0.70 0.91 0.55 0.40 0.47 0.05 0.99 0.52 1.00 0.32 0.92 0.37 0.35 0.38 0.97 0.37 0.07 0.88 0.99 0.39 0.15 0.82 0.42 0.34 1.00 0.59 0.00 0.68 0.99 0.17 0.71 0.82 0.98 0.27 0.95 0.73 0.43 0.58 0.35 0.25 0.63 0.54 0.72 0.30 0.24 0.62 0.74 0.61 0.25 0.66 0.94 0.75 0.70 0.89 0.17 0.07 0.97 0.79 0.10 0.81 0.04 0.05 0.69 0.48 0.24 ]
[0.48 0.22 0.59 0.55 0.26 0.68 0.59 0.18 0.21 0.92 0.17 0.14 0.26 0.47 0.80 0.79 0.29 0.10 0.55 0.77 0.30 0.05 0.18 0.18 0.05 0.76 0.53 0.31 0.46 0.55 0.32 0.68 0.59 1.00 0.45 0.83 0.76 0.67 0.51 0.09 0.13 0.97 0.17 0.10 0.34 0.17 0.47 0.45 0.02 0.74 0.42 0.27 0.65 0.13 0.27 0.96 0.69 0.80 0.59 0.26 0.28 0.07 0.90 0.62 0.51 0.74 0.06 0.76 0.14 0.99 0.58 0.45 0.59 ]
[0.88 0.08 0.16 0.61 0.47 0.90 0.67 0.60 0.68 0.37 0.33 0.18 0.44 0.14 0.38 0.59 0.79 0.92 0.19 0.06 0.26 0.68 0.32 0.97 0.82 0.28 0.37 0.86 0.07 0.29 0.96 0.56 0.00 0.45 1.00 0.33 0.26 0.86 0.62 0.42 0.76 0.23 0.71 0.32 0.77 0.41 0.50 0.48 0.51 0.93 0.85 0.71 0.48 0.14 0.93 0.84 0.19 0.97 0.44 0.27 0.11 0.66 0.06 0.52 0.08 0.76 0.88 0.11 0.55 0.78 0.51 0.69 0.74 ]
[0.85 0.46 0.77 0.64 0.57 0.67 0.49 0.99 0.40 0.51 0.29 0.02 0.33 0.07 0.65 0.91 0.37 0.02 0.86 0.08 0.10 0.16 0.30 0.64 0.75 0.94 0.53 0.89 0.26 0.83 0.18 0.58 0.68 0.83 0.33 1.00 0.08 0.01 0.87 0.21 0.43 0.87 0.82 0.01 0.42 0.47 0.30 0.89 0.66 0.97 0.75 0.98 0.06 0.63 0.10 0.01 0.92 0.77 0.23 0.84 0.30 0.97 0.67 0.45 0.56 0.96 0.27 0.49 0.45 0.31 0.61 0.58 0.78 ]
[0.95 0.89 0.85 0.91 0.69 0.16 0.56 0.02 0.06 0.62 0.70 0.01 0.77 0.18 0.07 0.63 0.67 0.76 0.14 0.88 0.86 0.22 0.09 0.64 0.38 0.07 0.30 0.49 0.27 0.70 0.13 0.44 0.99 0.76 0.26 0.08 1.00 0.62 0.46 0.56 0.63 0.36 0.85 0.28 0.74 0.73 0.27 0.07 0.97 0.24 0.30 0.28 0.92 0.16 0.51 0.54 0.31 0.79 0.25 0.97 0.49 0.44 0.42 0.27 0.81 0.33 0.91 0.49 0.59 0.02 0.38 0.80 0.27 ]
[0.05 0.41 0.61 0.23 0.95 0.95 0.77 0.07 0.61 0.01 0.55 0.71 0.80 0.70 0.41 0.27 0.76 0.69 0.63 0.25 0.81 0.50 0.17 0.66 0.96 0.80 0.07 0.42 0.34 0.18 0.18 0.15 0.17 0.67 0.86 0.01 0.62 1.00 0.23 0.74 0.97 0.12 0.95 0.61 0.08 0.72 0.40 0.59 0.17 0.07 0.06 0.06 0.90 0.55 0.10 0.34 0.13 1.00 0.21 0.12 0.98 0.22 0.76 0.23 0.63 0.15 0.02 0.72 0.15 0.07 0.56 0.21 0.67 ]
[0.39 0.31 0.21 0.99 0.28 0.36 0.40 0.09 0.72 0.37 0.91 0.26 0.73 0.06 0.25 0.11 0.88 0.21 0.02 0.97 0.52 0.25 0.47 0.56 0.43 0.33 0.04 0.53 0.61 0.83 0.92 0.80 0.71 0.51 0.62 0.87 0.46 0.23 1.00 0.06 0.87 0.12 0.72 0.91 0.31 0.83 0.69 0.58 0.40 0.28 0.85 0.37 0.14 0.92 0.25 0.26 0.73 0.53 0.87 0.44 1.00 0.24 0.01 0.42 0.21 0.96 0.58 0.66 0.55 0.19 0.10 0.68 0.54 ]
[0.10 0.05 0.11 0.70 0.41 0.88 0.75 0.64 0.91 0.97 0.71 0.15 0.04 0.32 0.14 0.83 0.17 0.65 0.65 0.42 0.61 0.29 0.06 0.45 0.23 0.19 0.61 0.74 0.77 0.76 0.90 0.80 0.82 0.09 0.42 0.21 0.56 0.74 0.06 1.00 0.61 0.33 0.71 0.29 0.08 0.88 0.17 0.97 0.34 0.52 0.21 0.75 0.08 0.42 0.96 0.82 0.68 0.45 0.42 0.85 0.44 0.07 0.68 0.28 0.37 0.53 0.63 0.61 0.79 0.16 0.25 0.52 0.49 ]
[0.74 0.68 0.71 0.64 0.18 0.61 0.96 0.67 0.43 0.30 0.28 0.34 0.38 0.63 0.60 0.22 0.47 0.92 0.59 0.71 0.41 0.90 0.68 0.29 0.83 0.03 0.00 0.24 0.12 0.07 0.02 0.44 0.98 0.13 0.76 0.43 0.63 0.97 0.87 0.61 1.00 0.62 0.69 0.27 0.76 0.77 0.95 0.27 0.06 0.38 0.76 0.47 0.66 0.47 0.05 0.19 0.58 0.71 0.81 0.25 0.29 0.00 0.14 0.10 0.99 0.65 0.23 0.90 0.64 0.72 0.09 0.68 0.77 ]
[0.63 0.35 0.85 0.20 0.11 0.74 0.65 0.77 0.33 0.20 0.25 0.55 0.53 0.14 0.22 0.12 0.35 0.35 0.09 0.23 0.29 0.37 0.43 0.92 0.96 0.56 0.02 0.45 0.85 0.28 0.68 0.46 0.27 0.97 0.23 0.87 0.36 0.12 0.12 0.33 0.62 1.00 0.18 0.16 0.19 0.29 0.05 0.18 0.68 0.48 0.50 0.19 0.45 0.55 0.52 0.87 0.68 0.52 0.53 0.25 0.26 0.47 0.99 0.92 0.69 0.47 0.38 0.45 0.09 0.72 0.41 0.23 0.54 ]
[0.70 0.96 0.59 0.82 0.02 0.64 0.72 0.41 0.43 0.96 0.45 0.03 0.39 0.69 0.82 0.91 0.73 0.49 0.40 0.08 0.09 0.17 0.44 0.46 0.97 0.73 0.95 0.19 0.49 0.77 0.78 0.89 0.95 0.17 0.71 0.82 0.85 0.95 0.72 0.71 0.69 0.18 1.00 0.15 0.58 0.73 0.72 0.79 0.86 0.29 0.60 0.21 0.85 0.42 0.61 0.73 0.16 0.17 0.50 0.06 0.64 0.22 0.14 0.65 0.13 0.57 0.63 0.45 0.67 0.41 0.29 0.59 0.64 ]
[0.64 0.75 0.90 0.57 0.15 0.37 0.76 0.21 0.96 0.87 0.77 0.67 0.55 0.89 0.09 0.47 0.64 0.10 0.82 0.33 0.54 0.25 0.08 0.83 0.30 0.84 0.44 0.89 0.46 0.18 0.56 0.71 0.73 0.10 0.32 0.01 0.28 0.61 0.91 0.29 0.27 0.16 0.15 1.00 0.69 0.49 0.88 0.24 0.92 0.50 0.83 0.33 0.76 0.94 0.76 0.60 0.25 0.99 0.35 0.70 0.09 0.99 0.45 0.85 0.08 0.45 0.52 0.07 0.42 0.30 0.59 0.58 0.94 ]
[0.46 0.50 0.45 0.04 0.12 0.84 0.30 0.63 0.18 0.52 0.62 0.89 0.57 0.42 0.45 0.96 0.19 0.50 0.71 0.57 0.37 0.93 0.44 0.37 0.24 0.17 0.87 0.39 0.01 0.25 0.00 0.11 0.43 0.34 0.77 0.42 0.74 0.08 0.31 0.08 0.76 0.19 0.58 0.69 1.00 1.00 0.13 0.59 0.54 0.27 0.17 0.50 0.32 0.37 0.75 0.67 0.45 0.39 0.12 0.96 0.71 0.30 0.79 0.32 0.40 0.21 0.39 0.18 0.62 0.48 0.82 0.11 0.17 ]
[0.89 0.27 0.71 0.93 0.25 0.69 0.61 0.10 0.61 0.21 0.97 0.58 0.51 0.94 0.88 0.58 0.79 0.53 0.50 0.01 0.49 0.24 0.69 0.46 0.71 0.72 0.97 1.00 0.17 0.50 0.60 0.72 0.58 0.17 0.41 0.47 0.73 0.72 0.83 0.88 0.77 0.29 0.73 0.49 1.00 1.00 0.72 0.85 0.74 0.91 0.31 0.16 0.82 0.05 0.53 0.01 0.94 0.32 0.68 0.01 0.79 0.51 0.10 0.37 0.10 0.21 0.22 0.51 0.48 0.27 0.54 0.96 0.24 ]
[0.01 0.26 0.13 0.02 0.99 0.34 0.46 0.03 0.14 0.83 0.56 0.40 0.78 0.13 0.45 0.20 0.86 0.48 0.02 0.69 0.97 0.45 0.11 0.19 0.61 0.87 0.80 0.93 0.74 0.16 0.17 0.98 0.35 0.47 0.50 0.30 0.27 0.40 0.69 0.17 0.95 0.05 0.72 0.88 0.13 0.72 1.00 0.54 0.89 1.00 0.89 0.92 0.34 0.84 0.70 0.46 0.28 0.39 0.01 0.70 0.75 0.09 0.37 0.54 0.46 0.12 0.84 0.94 0.75 0.67 0.27 0.05 0.25 ]
[0.96 0.73 0.25 0.00 0.61 0.61 0.75 0.99 0.54 0.17 0.69 0.10 0.29 0.12 0.76 0.13 0.18 0.72 0.99 0.37 0.81 0.45 0.25 0.63 0.22 0.69 0.29 0.58 0.24 0.18 0.14 0.21 0.25 0.45 0.48 0.89 0.07 0.59 0.58 0.97 0.27 0.18 0.79 0.24 0.59 0.85 0.54 1.00 0.49 0.64 0.96 0.02 0.44 0.26 0.04 0.77 0.63 0.95 0.97 0.34 0.22 0.58 0.49 0.44 0.48 0.38 0.80 0.16 0.38 0.43 0.50 0.04 0.80 ]
[0.97 0.51 0.96 0.84 0.46 0.25 0.44 0.61 0.16 0.20 0.59 0.63 0.33 0.98 0.52 0.90 0.85 0.95 0.18 0.24 0.45 0.89 0.66 0.97 0.09 1.00 0.22 0.85 0.05 0.61 0.34 0.11 0.63 0.02 0.51 0.66 0.97 0.17 0.40 0.34 0.06 0.68 0.86 0.92 0.54 0.74 0.89 0.49 1.00 0.22 0.42 0.38 0.04 0.80 0.14 0.68 0.97 0.51 0.53 0.91 0.73 0.46 0.16 0.15 0.13 0.72 0.41 0.64 0.09 0.60 0.97 0.46 0.32 ]
[0.33 0.53 0.60 0.58 0.12 0.44 0.86 0.88 0.54 0.14 0.43 0.07 0.09 0.69 0.56 0.60 0.37 0.20 0.85 0.01 0.65 0.42 0.84 0.75 0.26 0.18 0.57 0.29 0.53 0.39 0.65 0.51 0.54 0.74 0.93 0.97 0.24 0.07 0.28 0.52 0.38 0.48 0.29 0.50 0.27 0.91 1.00 0.64 0.22 1.00 0.32 0.38 0.01 0.95 0.36 0.95 0.01 0.42 0.41 0.54 0.93 0.13 0.10 0.74 0.66 0.20 0.69 0.92 0.69 0.94 0.23 0.76 0.55 ]
[0.71 0.68 0.67 0.72 0.04 0.27 0.77 0.38 0.25 0.96 0.51 0.08 0.03 0.70 0.21 0.01 0.26 0.91 0.15 0.06 0.73 0.91 0.61 0.49 0.05 0.12 0.88 0.34 0.77 0.04 0.10 0.77 0.72 0.42 0.85 0.75 0.30 0.06 0.85 0.21 0.76 0.50 0.60 0.83 0.17 0.31 0.89 0.96 0.42 0.32 1.00 0.70 0.73 0.94 0.91 0.60 0.12 0.64 0.57 0.63 0.18 0.25 0.22 0.87 0.12 0.40 0.47 0.82 0.49 0.03 0.24 0.25 0.93 ]
[0.67 0.37 0.94 0.79 0.83 0.88 0.29 0.35 0.69 0.95 0.20 0.51 0.69 0.25 0.94 0.81 0.46 0.02 0.06 0.80 0.70 0.51 0.37 0.07 0.75 0.17 0.24 0.39 0.06 0.63 0.86 0.99 0.30 0.27 0.71 0.98 0.28 0.06 0.37 0.75 0.47 0.19 0.21 0.33 0.50 0.16 0.92 0.02 0.38 0.38 0.70 1.00 0.70 0.17 0.75 0.61 0.76 0.95 0.89 0.48 0.29 0.32 0.25 0.44 0.15 0.30 0.33 0.31 0.63 0.94 0.92 0.08 0.13 ]
[0.47 0.31 0.01 0.36 0.91 0.50 0.84 0.43 0.57 0.47 0.60 0.33 0.22 0.75 0.74 0.01 0.30 0.93 0.80 0.18 0.36 0.94 0.71 0.72 0.81 0.87 0.25 0.08 0.54 0.98 0.98 0.88 0.24 0.65 0.48 0.06 0.92 0.90 0.14 0.08 0.66 0.45 0.85 0.76 0.32 0.82 0.34 0.44 0.04 0.01 0.73 0.70 1.00 0.53 0.98 0.30 0.57 0.02 0.03 0.06 0.93 0.12 0.24 0.23 0.07 0.17 0.97 0.97 0.64 0.06 0.55 0.30 0.96 ]
[0.69 0.55 0.40 0.86 0.17 0.97 0.93 0.09 0.69 0.46 0.51 0.10 0.77 0.35 0.91 0.02 0.93 0.74 0.72 0.09 0.38 0.97 0.78 0.42 0.76 0.98 0.35 0.42 0.02 0.93 0.07 0.10 0.62 0.13 0.14 0.63 0.16 0.55 0.92 0.42 0.47 0.55 0.42 0.94 0.37 0.05 0.84 0.26 0.80 0.95 0.94 0.17 0.53 1.00 0.03 0.47 0.76 0.05 0.03 0.96 0.88 0.57 0.71 0.97 0.89 0.46 0.76 0.43 0.80 0.57 0.98 0.32 0.18 ]
[0.98 0.47 0.66 0.89 0.13 0.14 0.80 0.15 0.17 0.80 0.66 0.92 0.82 0.12 0.28 0.79 0.80 0.23 0.85 0.57 0.34 0.02 0.67 0.29 0.99 0.79 0.66 0.72 0.55 0.58 0.83 0.89 0.74 0.27 0.93 0.10 0.51 0.10 0.25 0.96 0.05 0.52 0.61 0.76 0.75 0.53 0.70 0.04 0.14 0.36 0.91 0.75 0.98 0.03 1.00 0.95 0.08 0.85 0.72 0.46 0.61 0.13 0.67 0.52 0.88 0.70 0.50 1.00 0.80 0.75 0.30 0.12 0.02 ]
[0.83 0.17 0.18 0.73 0.15 0.53 0.21 0.27 0.47 0.62 0.15 0.87 0.37 0.07 0.78 0.50 0.45 0.13 0.83 0.47 0.82 0.80 0.28 0.56 0.04 0.85 0.77 0.48 0.95 0.94 0.59 0.09 0.61 0.96 0.84 0.01 0.54 0.34 0.26 0.82 0.19 0.87 0.73 0.60 0.67 0.01 0.46 0.77 0.68 0.95 0.60 0.61 0.30 0.47 0.95 1.00 0.97 0.09 0.63 0.33 0.41 0.72 0.21 0.10 0.61 0.16 0.85 0.83 0.71 0.73 0.97 0.89 0.94 ]
[0.96 0.23 0.56 0.36 0.05 0.32 0.81 0.15 0.26 0.89 0.35 0.26 0.31 0.79 0.19 0.19 0.89 0.43 0.56 0.25 0.74 0.91 0.37 0.73 0.95 0.53 0.65 0.02 0.04 0.53 0.25 0.64 0.25 0.69 0.19 0.92 0.31 0.13 0.73 0.68 0.58 0.68 0.16 0.25 0.45 0.94 0.28 0.63 0.97 0.01 0.12 0.76 0.57 0.76 0.08 0.97 1.00 0.24 0.52 0.06 0.06 0.01 0.59 0.41 0.33 0.61 0.77 0.68 0.85 0.97 0.92 0.59 0.61 ]
[0.14 0.79 0.82 0.95 0.04 0.19 0.41 0.15 0.28 0.74 0.72 0.76 0.39 0.73 0.28 0.85 0.64 0.94 0.16 0.55 0.47 0.35 0.36 0.73 0.97 0.83 0.01 0.89 0.37 0.06 0.98 0.73 0.66 0.80 0.97 0.77 0.79 1.00 0.53 0.45 0.71 0.52 0.17 0.99 0.39 0.32 0.39 0.95 0.51 0.42 0.64 0.95 0.02 0.05 0.85 0.09 0.24 1.00 0.04 0.68 0.32 0.63 0.29 0.48 0.85 0.37 0.02 0.81 0.31 0.70 0.70 0.63 0.78 ]
[0.32 0.41 0.91 0.28 0.23 0.35 0.45 0.70 0.91 0.55 0.40 0.91 0.02 0.66 0.39 0.91 0.71 0.87 0.32 0.90 0.67 0.46 0.72 0.64 0.40 0.77 0.75 0.49 0.45 0.52 0.62 0.96 0.94 0.59 0.44 0.23 0.25 0.21 0.87 0.42 0.81 0.53 0.50 0.35 0.12 0.68 0.01 0.97 0.53 0.41 0.57 0.89 0.03 0.03 0.72 0.63 0.52 0.04 1.00 0.43 0.79 0.23 0.18 0.00 0.05 0.61 0.54 0.98 0.51 0.54 0.74 0.95 0.63 ]
[0.96 0.87 0.96 0.11 0.30 0.16 0.93 0.30 0.17 0.59 0.86 0.63 0.44 0.05 0.71 0.15 0.75 0.63 0.37 0.69 0.48 0.47 0.20 0.83 0.11 0.18 0.71 0.71 0.90 0.58 0.09 0.34 0.75 0.26 0.27 0.84 0.97 0.12 0.44 0.85 0.25 0.25 0.06 0.70 0.96 0.01 0.70 0.34 0.91 0.54 0.63 0.48 0.06 0.96 0.46 0.33 0.06 0.68 0.43 1.00 0.32 0.43 0.45 0.31 0.61 0.71 0.01 0.10 0.63 0.66 0.39 0.67 0.40 ]
[0.67 0.81 0.18 0.02 0.28 0.57 0.64 0.04 0.34 0.06 0.55 0.93 0.40 0.47 0.69 0.46 0.46 0.66 0.94 0.60 0.19 0.88 0.41 0.89 0.45 0.18 0.04 0.66 0.91 0.65 0.43 0.30 0.70 0.28 0.11 0.30 0.49 0.98 1.00 0.44 0.29 0.26 0.64 0.09 0.71 0.79 0.75 0.22 0.73 0.93 0.18 0.29 0.93 0.88 0.61 0.41 0.06 0.32 0.79 0.32 1.00 0.18 0.83 0.47 0.45 0.65 0.50 0.79 0.70 0.80 0.22 0.90 0.38 ]
[0.58 0.55 0.77 0.04 0.26 0.10 0.13 0.37 0.85 0.74 0.30 0.65 0.64 0.06 0.93 0.87 0.68 0.65 0.39 0.51 0.23 0.36 0.63 0.76 0.42 0.00 0.57 0.74 0.68 0.29 0.84 0.06 0.89 0.07 0.66 0.97 0.44 0.22 0.24 0.07 0.00 0.47 0.22 0.99 0.30 0.51 0.09 0.58 0.46 0.13 0.25 0.32 0.12 0.57 0.13 0.72 0.01 0.63 0.23 0.43 0.18 1.00 0.49 0.03 0.96 0.37 0.26 0.10 0.74 0.17 0.73 0.45 0.59 ]
[0.94 0.89 0.44 0.82 0.85 0.28 0.43 0.68 0.08 0.92 0.56 0.32 0.88 0.73 0.73 0.92 0.42 0.64 0.73 0.00 0.87 0.39 0.92 0.10 0.85 0.67 0.24 0.33 0.78 0.18 0.60 0.64 0.17 0.90 0.06 0.67 0.42 0.76 0.01 0.68 0.14 0.99 0.14 0.45 0.79 0.10 0.37 0.49 0.16 0.10 0.22 0.25 0.24 0.71 0.67 0.21 0.59 0.29 0.18 0.45 0.83 0.49 1.00 0.71 0.94 0.63 0.42 0.21 0.10 0.31 0.71 0.34 0.31 ]
[0.35 0.64 0.72 0.68 0.88 0.33 0.58 0.95 0.23 0.83 0.10 0.21 0.32 0.17 0.55 0.33 0.11 0.46 0.25 0.65 0.92 0.35 0.60 0.11 0.49 0.59 0.00 0.69 0.83 0.26 0.51 0.43 0.07 0.62 0.52 0.45 0.27 0.23 0.42 0.28 0.10 0.92 0.65 0.85 0.32 0.37 0.54 0.44 0.15 0.74 0.87 0.44 0.23 0.97 0.52 0.10 0.41 0.48 0.00 0.31 0.47 0.03 0.71 1.00 1.00 0.58 0.94 0.86 0.78 0.55 0.74 0.84 0.99 ]
[0.10 0.04 0.27 0.24 0.46 0.76 0.38 0.58 0.04 0.66 0.99 0.03 0.70 0.34 0.26 0.83 0.78 0.10 0.21 0.36 0.43 0.18 0.56 0.35 0.90 0.51 0.23 0.81 0.94 0.73 0.76 0.56 0.97 0.51 0.08 0.56 0.81 0.63 0.21 0.37 0.99 0.69 0.13 0.08 0.40 0.10 0.46 0.48 0.13 0.66 0.12 0.15 0.07 0.89 0.88 0.61 0.33 0.85 0.05 0.61 0.45 0.96 0.94 1.00 1.00 0.31 0.34 0.99 0.36 0.51 0.99 0.97 0.03 ]
[0.04 0.64 0.05 0.11 0.64 0.53 0.84 0.51 0.85 0.69 0.70 0.71 0.27 0.53 0.09 0.97 0.07 0.78 0.45 0.17 0.93 0.66 0.93 0.32 0.30 0.46 0.72 0.10 0.43 0.06 0.65 0.20 0.79 0.74 0.76 0.96 0.33 0.15 0.96 0.53 0.65 0.47 0.57 0.45 0.21 0.21 0.12 0.38 0.72 0.20 0.40 0.30 0.17 0.46 0.70 0.16 0.61 0.37 0.61 0.71 0.65 0.37 0.63 0.58 0.31 1.00 0.97 0.29 0.46 0.89 0.47 0.20 0.24 ]
[0.50 0.49 0.29 0.35 0.47 0.24 0.65 0.47 0.76 0.13 0.64 0.21 0.77 0.81 0.82 1.00 0.33 0.25 0.43 0.92 0.05 0.02 0.76 0.46 0.60 0.22 0.50 0.34 0.36 0.42 0.18 0.56 0.10 0.06 0.88 0.27 0.91 0.02 0.58 0.63 0.23 0.38 0.63 0.52 0.39 0.22 0.84 0.80 0.41 0.69 0.47 0.33 0.97 0.76 0.50 0.85 0.77 0.02 0.54 0.01 0.50 0.26 0.42 0.94 0.34 0.97 1.00 0.77 0.85 0.81 0.42 0.11 0.36 ]
[0.44 0.81 0.29 0.94 0.40 0.52 0.36 0.52 0.46 0.84 0.08 0.32 0.73 0.82 0.93 0.81 0.22 0.30 0.20 0.10 0.45 0.68 0.38 0.57 0.23 0.98 0.59 0.56 0.34 0.79 0.16 0.08 0.81 0.76 0.11 0.49 0.49 0.72 0.66 0.61 0.90 0.45 0.45 0.07 0.18 0.51 0.94 0.16 0.64 0.92 0.82 0.31 0.97 0.43 1.00 0.83 0.68 0.81 0.98 0.10 0.79 0.10 0.21 0.86 0.99 0.29 0.77 1.00 0.33 0.52 0.78 0.51 0.12 ]
[0.96 0.62 0.94 0.48 0.86 0.15 0.77 0.92 0.80 0.11 0.21 0.77 0.35 0.51 0.16 0.97 0.39 0.63 0.28 0.39 0.08 0.15 0.86 0.73 0.14 0.39 0.82 0.23 0.88 0.90 0.27 0.87 0.04 0.14 0.55 0.45 0.59 0.15 0.55 0.79 0.64 0.09 0.67 0.42 0.62 0.48 0.75 0.38 0.09 0.69 0.49 0.63 0.64 0.80 0.80 0.71 0.85 0.31 0.51 0.63 0.70 0.74 0.10 0.78 0.36 0.46 0.85 0.33 1.00 0.72 0.78 0.28 0.36 ]
[0.15 0.02 0.36 0.92 0.52 0.76 0.02 0.20 0.51 0.09 0.61 0.54 0.73 0.45 0.37 0.86 0.95 0.35 0.14 0.17 0.44 0.22 0.81 0.71 0.70 0.20 0.15 0.67 0.68 0.50 0.73 0.95 0.05 0.99 0.78 0.31 0.02 0.07 0.19 0.16 0.72 0.72 0.41 0.30 0.48 0.27 0.67 0.43 0.60 0.94 0.03 0.94 0.06 0.57 0.75 0.73 0.97 0.70 0.54 0.66 0.80 0.17 0.31 0.55 0.51 0.89 0.81 0.52 0.72 1.00 0.90 0.99 0.20 ]
[0.40 0.11 0.36 0.82 0.84 0.26 0.47 0.23 0.87 0.12 0.28 0.60 0.24 0.13 0.76 0.36 0.81 0.32 0.07 0.01 0.64 0.23 0.01 0.85 0.19 0.75 0.83 0.90 0.14 0.02 0.70 0.18 0.69 0.58 0.51 0.61 0.38 0.56 0.10 0.25 0.09 0.41 0.29 0.59 0.82 0.54 0.27 0.50 0.97 0.23 0.24 0.92 0.55 0.98 0.30 0.97 0.92 0.70 0.74 0.39 0.22 0.73 0.71 0.74 0.99 0.47 0.42 0.78 0.78 0.90 1.00 0.77 0.89 ]
[0.08 0.85 0.65 0.04 0.78 0.31 0.01 0.35 0.00 0.53 0.14 0.66 0.44 0.68 0.22 0.69 0.80 0.04 0.60 0.25 0.93 0.65 0.15 0.35 0.08 0.86 0.85 0.31 0.45 0.01 0.34 0.41 0.48 0.45 0.69 0.58 0.80 0.21 0.68 0.52 0.68 0.23 0.59 0.58 0.11 0.96 0.05 0.04 0.46 0.76 0.25 0.08 0.30 0.32 0.12 0.89 0.59 0.63 0.95 0.67 0.90 0.45 0.34 0.84 0.97 0.20 0.11 0.51 0.28 0.99 0.77 1.00 0.23 ]
[0.80 0.25 0.28 0.98 0.27 0.08 0.94 0.09 0.82 0.02 0.01 0.85 0.64 0.22 0.50 0.11 0.70 0.51 0.74 0.58 0.24 0.85 0.64 0.10 0.08 0.49 0.05 0.40 0.32 0.88 0.79 0.41 0.24 0.59 0.74 0.78 0.27 0.67 0.54 0.49 0.77 0.54 0.64 0.94 0.17 0.24 0.25 0.80 0.32 0.55 0.93 0.13 0.96 0.18 0.02 0.94 0.61 0.78 0.63 0.40 0.38 0.59 0.31 0.99 0.03 0.24 0.36 0.12 0.36 0.20 0.89 0.23 1.00 ]
];
