D = 4;
n = [ 5 5 5 5 ];
N = 70;
d = [1 1 1 1 1 1 1 1 1 1 1 1 1 1 1 1 1 2 2 2 2 2 2 2 2 2 2 2 2 2 2 2 2 2 3 3 3 3 3 3 3 3 3 3 3 3 3 3 3 3 3 4 4 4 4 4 4 4 4 4 4 4 4 4 4 4 4 4 4 4 ];
m = [
[1.00 0.19 0.11 0.09 0.46 0.82 0.64 0.46 0.68 0.18 0.86 0.88 0.54 0.95 0.98 0.37 0.81 0.40 0.56 0.80 0.87 0.66 0.10 0.31 0.38 0.83 0.01 0.76 0.89 0.97 0.86 0.30 0.13 0.61 0.15 0.45 0.97 0.10 0.78 0.75 0.97 0.13 0.78 0.75 0.05 0.16 0.58 0.03 0.86 0.62 0.41 0.28 0.41 0.78 0.21 0.72 0.92 0.18 0.47 0.33 0.04 0.10 0.46 0.80 0.71 0.60 0.12 0.48 0.91 0.93 ]
[0.19 1.00 0.31 0.14 0.47 0.76 0.30 0.61 0.27 0.81 0.10 0.80 0.77 0.02 0.08 0.37 0.09 0.29 0.76 0.03 0.12 0.49 0.96 0.90 0.37 0.89 0.78 0.93 0.02 0.07 0.60 0.81 0.66 0.07 0.13 0.57 0.77 0.59 0.70 0.89 0.14 0.97 0.37 0.62 0.54 0.66 0.17 0.57 0.49 0.10 0.27 0.55 0.16 0.19 0.02 0.07 0.01 0.69 0.75 0.22 0.99 0.53 0.16 0.69 0.39 0.89 0.90 0.33 0.55 0.25 ]
[0.11 0.31 1.00 0.28 0.42 0.48 0.75 0.23 0.40 0.46 0.60 0.75 0.43 0.60 0.72 0.54 0.07 0.11 0.03 0.67 0.60 0.45 0.74 0.04 0.74 0.05 0.55 0.27 0.05 0.70 0.07 0.92 0.05 0.25 0.59 0.04 0.45 0.08 0.92 0.83 0.54 0.66 0.21 0.77 0.92 0.47 0.40 0.63 0.09 0.24 0.38 0.36 0.49 0.30 0.10 0.95 0.54 0.91 0.35 0.15 0.69 0.32 0.71 0.93 0.41 0.07 0.90 0.26 0.06 0.38 ]
[0.09 0.14 0.28 1.00 0.40 0.53 0.34 0.30 0.30 0.72 0.63 0.47 0.23 0.06 0.66 0.78 0.04 0.28 0.61 0.17 0.22 0.78 0.52 0.29 0.55 0.38 0.79 0.32 0.00 0.77 0.29 1.00 0.43 0.02 0.57 0.51 0.12 0.68 0.81 0.19 0.89 0.18 0.34 0.06 0.65 0.80 0.48 0.92 0.08 0.27 0.94 0.60 0.38 0.04 0.03 0.08 0.43 0.87 0.42 0.95 0.19 0.77 0.34 0.54 0.34 0.51 0.18 0.03 0.07 0.35 ]
[0.46 0.47 0.42 0.40 1.00 0.72 0.81 0.68 0.99 0.54 0.01 0.70 0.82 0.74 0.68 0.38 0.66 0.21 0.71 0.84 1.00 0.20 0.79 0.36 0.56 0.56 0.25 0.02 0.59 0.61 0.90 0.13 0.93 0.87 0.03 0.81 0.36 0.92 0.34 0.74 0.43 0.29 0.62 0.95 0.36 0.71 0.93 0.30 0.10 0.15 0.75 0.87 0.19 0.49 0.09 0.15 0.42 0.82 0.99 0.54 0.28 0.21 0.74 0.19 0.60 0.21 0.56 0.73 0.46 0.62 ]
[0.82 0.76 0.48 0.53 0.72 1.00 0.86 0.62 0.33 0.47 1.00 0.72 0.21 0.51 0.98 0.59 0.32 0.31 0.93 0.06 0.30 0.05 0.39 0.63 0.59 0.28 0.54 0.75 0.53 0.60 0.61 0.09 0.20 0.30 0.11 0.18 0.68 0.85 0.45 0.13 0.58 0.07 0.63 0.11 0.31 0.90 0.23 0.36 0.16 0.98 0.90 0.16 0.50 0.73 0.79 0.14 0.37 0.95 0.19 0.26 0.38 0.77 0.57 0.38 0.63 0.12 0.48 0.65 0.58 0.64 ]
[0.64 0.30 0.75 0.34 0.81 0.86 1.00 0.99 0.22 0.22 0.44 0.93 0.12 0.63 0.09 0.57 0.73 0.15 0.82 0.61 0.53 0.23 0.02 0.72 0.86 0.55 0.03 0.49 0.96 0.84 0.43 0.25 0.64 0.10 0.41 0.88 0.21 0.98 0.55 0.93 0.22 0.74 0.37 0.39 0.79 0.38 0.79 0.38 0.57 0.82 0.40 0.84 0.63 0.58 0.09 0.69 0.46 0.64 0.42 0.50 0.19 0.82 0.50 0.44 0.71 0.50 0.55 0.73 0.34 0.85 ]
[0.46 0.61 0.23 0.30 0.68 0.62 0.99 1.00 0.28 0.39 0.54 0.46 0.55 0.61 0.30 0.26 0.43 0.89 0.81 0.98 0.51 0.65 0.00 0.22 0.27 0.37 0.53 0.31 0.86 0.95 0.05 0.02 0.79 0.25 0.48 0.19 0.55 0.73 0.01 0.31 0.95 0.45 0.40 0.91 0.36 0.16 0.57 0.64 0.81 0.70 0.74 0.93 0.05 0.32 0.99 0.08 0.56 0.31 0.18 0.90 0.59 0.65 0.48 0.36 0.39 0.09 0.50 0.36 0.93 0.29 ]
[0.68 0.27 0.40 0.30 0.99 0.33 0.22 0.28 1.00 0.60 0.81 0.55 0.77 0.12 0.32 0.95 0.72 0.92 0.26 0.01 0.80 0.30 0.35 0.51 0.71 1.00 0.95 0.86 0.03 0.76 0.15 0.79 0.42 0.31 0.64 0.47 0.02 0.73 0.35 0.75 0.03 0.69 0.42 0.59 0.11 0.92 0.90 0.42 0.88 0.06 0.12 0.61 0.26 0.96 0.98 0.45 0.89 0.82 0.11 0.06 0.40 0.36 0.16 0.36 0.12 0.19 0.39 0.71 0.57 0.54 ]
[0.18 0.81 0.46 0.72 0.54 0.47 0.22 0.39 0.60 1.00 0.42 0.70 0.42 0.77 0.42 0.14 0.89 0.05 0.84 0.93 0.66 0.99 0.33 0.76 0.75 0.51 0.30 0.28 0.89 0.86 0.44 0.01 0.14 0.68 0.99 0.09 0.01 0.13 0.65 0.29 0.98 0.23 0.45 0.96 0.97 0.67 0.86 0.29 0.59 0.23 0.15 0.98 0.49 0.49 0.57 0.87 0.10 0.58 0.64 0.76 0.47 0.52 0.35 0.57 0.76 0.75 0.68 0.62 0.49 0.81 ]
[0.86 0.10 0.60 0.63 0.01 1.00 0.44 0.54 0.81 0.42 1.00 0.66 0.03 0.77 0.32 0.30 0.04 0.77 0.98 0.42 0.85 0.81 0.31 0.61 0.92 0.00 0.51 0.01 0.40 0.31 0.71 0.14 0.65 0.18 0.83 0.14 0.48 0.05 0.55 0.41 0.30 0.54 0.88 0.76 0.77 0.56 0.16 0.89 0.76 0.17 0.50 0.82 0.89 0.63 0.89 0.92 0.93 0.38 0.42 0.31 0.52 0.27 0.64 0.82 0.08 0.99 0.85 0.17 0.92 0.67 ]
[0.88 0.80 0.75 0.47 0.70 0.72 0.93 0.46 0.55 0.70 0.66 1.00 0.99 0.07 0.87 0.82 0.42 0.31 0.83 0.20 0.53 0.46 0.95 0.46 0.16 0.76 0.36 0.44 0.89 0.49 0.31 0.17 0.37 0.62 0.14 0.23 0.71 0.53 0.95 0.13 0.24 0.43 0.30 0.89 0.62 0.41 0.53 0.97 0.04 0.99 0.04 0.47 0.87 0.73 0.48 0.05 0.53 0.61 0.02 0.64 0.19 0.62 0.29 0.79 0.70 0.98 0.97 0.03 0.07 0.05 ]
[0.54 0.77 0.43 0.23 0.82 0.21 0.12 0.55 0.77 0.42 0.03 0.99 1.00 0.90 0.90 0.97 0.61 0.04 0.52 0.23 0.77 0.17 0.00 0.43 0.71 0.13 0.49 0.80 0.78 0.07 0.71 0.56 0.64 0.45 0.76 0.70 0.86 0.44 0.09 0.09 0.85 0.62 0.88 0.76 0.25 0.06 0.80 0.81 0.37 0.58 0.18 0.19 0.06 0.72 0.07 0.07 0.03 0.88 0.04 0.39 0.26 0.24 0.75 0.32 0.06 0.75 0.76 0.62 0.20 0.81 ]
[0.95 0.02 0.60 0.06 0.74 0.51 0.63 0.61 0.12 0.77 0.77 0.07 0.90 1.00 0.33 0.84 0.54 0.67 0.09 0.93 0.51 0.90 0.12 0.12 0.51 0.19 0.37 0.83 0.09 0.17 0.62 0.26 0.75 0.59 0.49 0.39 0.61 0.53 0.42 0.62 0.17 0.12 0.23 0.75 0.05 0.08 0.07 0.11 0.11 0.53 0.21 0.76 0.17 0.61 0.26 0.13 0.82 0.28 0.88 0.32 0.01 0.44 0.40 0.96 0.36 0.33 0.33 0.78 0.19 0.52 ]
[0.98 0.08 0.72 0.66 0.68 0.98 0.09 0.30 0.32 0.42 0.32 0.87 0.90 0.33 1.00 0.03 0.22 0.41 0.65 0.12 0.73 0.65 0.27 0.34 0.67 0.60 0.29 0.65 0.45 0.41 0.30 0.97 0.58 0.10 0.56 0.40 0.96 0.14 0.81 0.83 0.19 0.54 0.02 0.82 0.57 0.48 0.05 0.48 0.36 0.33 0.87 0.25 0.72 0.15 0.50 0.22 0.78 0.26 0.36 0.70 0.29 0.08 0.62 0.66 0.45 0.38 0.11 0.18 0.34 0.09 ]
[0.37 0.37 0.54 0.78 0.38 0.59 0.57 0.26 0.95 0.14 0.30 0.82 0.97 0.84 0.03 1.00 0.51 0.92 0.90 0.92 0.88 0.65 0.47 0.93 0.98 0.98 0.79 0.12 0.63 0.99 0.70 0.69 0.63 0.51 0.96 0.30 0.05 0.66 0.83 0.41 0.22 0.95 0.31 0.78 0.26 0.59 0.23 0.07 0.05 0.66 0.00 0.94 0.21 0.25 0.31 0.83 0.62 0.64 0.90 0.01 0.86 0.76 0.39 0.02 0.80 0.50 0.24 0.53 0.24 0.04 ]
[0.81 0.09 0.07 0.04 0.66 0.32 0.73 0.43 0.72 0.89 0.04 0.42 0.61 0.54 0.22 0.51 1.00 0.29 0.49 0.12 0.52 0.60 0.16 0.04 0.51 0.59 0.16 0.13 0.14 0.35 0.37 0.12 0.47 0.01 0.77 0.84 0.47 0.67 0.59 0.85 0.12 0.50 0.00 0.74 0.76 0.37 0.94 0.63 0.27 0.36 0.87 0.33 0.98 0.80 0.19 0.06 0.70 0.80 0.51 0.77 0.87 0.84 0.19 0.50 0.08 0.35 0.64 0.69 0.06 0.06 ]
[0.40 0.29 0.11 0.28 0.21 0.31 0.15 0.89 0.92 0.05 0.77 0.31 0.04 0.67 0.41 0.92 0.29 1.00 0.41 0.08 0.53 0.01 0.32 0.32 0.63 0.10 0.36 0.16 0.01 0.04 0.82 0.55 0.56 0.57 0.47 0.61 0.02 0.73 0.80 0.67 0.77 0.05 0.26 0.49 0.40 0.57 0.88 0.22 0.59 0.03 0.39 0.40 0.15 0.84 0.03 0.22 0.28 0.44 0.88 0.78 0.43 0.11 0.57 0.74 0.92 0.73 0.95 0.77 0.74 0.89 ]
[0.56 0.76 0.03 0.61 0.71 0.93 0.82 0.81 0.26 0.84 0.98 0.83 0.52 0.09 0.65 0.90 0.49 0.41 1.00 0.08 0.46 0.49 0.48 0.21 0.14 0.65 0.25 0.81 0.46 0.34 0.86 0.89 0.49 0.20 0.17 0.44 0.46 0.59 0.53 0.00 0.50 0.48 0.21 0.35 0.02 0.66 0.89 0.09 0.32 0.13 0.34 0.76 0.28 0.67 0.84 0.01 0.90 0.08 0.96 0.18 0.11 0.03 0.77 0.50 0.97 0.53 0.97 0.96 0.66 0.02 ]
[0.80 0.03 0.67 0.17 0.84 0.06 0.61 0.98 0.01 0.93 0.42 0.20 0.23 0.93 0.12 0.92 0.12 0.08 0.08 1.00 0.11 0.57 0.60 0.16 0.78 0.67 0.54 0.37 0.31 0.98 0.00 0.41 0.10 0.50 0.73 0.02 0.82 0.89 0.16 0.36 0.41 0.96 0.37 0.09 0.01 0.15 0.77 0.48 0.05 0.54 0.33 0.41 0.65 0.17 0.36 0.89 0.33 0.10 0.73 0.94 0.73 0.76 0.05 0.99 0.14 0.28 0.81 0.88 0.22 0.83 ]
[0.87 0.12 0.60 0.22 1.00 0.30 0.53 0.51 0.80 0.66 0.85 0.53 0.77 0.51 0.73 0.88 0.52 0.53 0.46 0.11 1.00 0.89 0.05 0.10 0.46 0.48 0.88 0.86 0.13 0.01 0.35 0.92 0.59 0.39 0.06 0.46 0.79 0.42 0.30 0.51 0.51 0.27 0.64 0.67 0.58 0.02 0.88 0.11 0.24 0.67 0.59 0.20 0.75 0.94 0.21 0.22 0.42 0.50 0.11 0.09 0.33 0.62 0.19 0.67 0.07 0.05 0.78 0.38 0.51 0.55 ]
[0.66 0.49 0.45 0.78 0.20 0.05 0.23 0.65 0.30 0.99 0.81 0.46 0.17 0.90 0.65 0.65 0.60 0.01 0.49 0.57 0.89 1.00 0.73 0.08 0.20 0.03 0.28 0.51 0.82 0.10 0.65 0.19 0.33 0.12 0.48 0.42 0.36 0.42 0.69 0.67 0.80 0.16 0.18 0.76 0.68 0.21 0.03 0.23 0.39 0.16 0.25 0.19 0.03 0.82 0.06 0.82 0.38 0.77 0.63 0.39 0.81 0.66 0.99 0.96 0.76 0.57 0.12 0.73 0.03 0.23 ]
[0.10 0.96 0.74 0.52 0.79 0.39 0.02 0.00 0.35 0.33 0.31 0.95 0.00 0.12 0.27 0.47 0.16 0.32 0.48 0.60 0.05 0.73 1.00 0.56 0.94 0.87 0.91 0.51 0.50 0.64 0.59 0.48 0.30 0.24 0.84 0.85 0.98 0.39 0.68 0.48 0.41 0.33 0.87 0.73 0.50 0.68 0.04 0.76 0.88 0.72 0.87 0.13 0.04 0.68 0.67 0.61 0.20 0.66 0.66 0.25 0.55 0.43 0.30 0.63 0.33 0.25 0.80 0.09 0.51 0.98 ]
[0.31 0.90 0.04 0.29 0.36 0.63 0.72 0.22 0.51 0.76 0.61 0.46 0.43 0.12 0.34 0.93 0.04 0.32 0.21 0.16 0.10 0.08 0.56 1.00 0.14 0.38 0.11 0.41 0.24 0.49 0.46 0.05 0.77 0.15 0.88 0.21 0.16 0.32 0.10 0.89 0.11 0.66 0.13 0.46 0.87 0.39 0.37 0.42 0.24 0.47 0.93 0.87 0.42 0.52 0.81 0.82 0.58 0.09 0.92 0.25 0.49 0.14 0.44 0.68 0.96 0.65 0.81 0.89 0.25 0.96 ]
[0.38 0.37 0.74 0.55 0.56 0.59 0.86 0.27 0.71 0.75 0.92 0.16 0.71 0.51 0.67 0.98 0.51 0.63 0.14 0.78 0.46 0.20 0.94 0.14 1.00 0.72 0.82 0.62 0.44 0.30 0.15 0.51 0.90 0.20 0.58 0.94 0.01 0.36 0.01 0.39 0.64 0.25 0.01 0.50 0.70 0.80 0.08 0.62 0.25 0.38 0.89 0.94 0.66 0.09 0.46 0.29 0.34 0.66 0.94 0.45 0.93 0.34 0.72 0.48 0.44 0.58 0.75 0.05 0.07 0.61 ]
[0.83 0.89 0.05 0.38 0.56 0.28 0.55 0.37 1.00 0.51 0.00 0.76 0.13 0.19 0.60 0.98 0.59 0.10 0.65 0.67 0.48 0.03 0.87 0.38 0.72 1.00 0.67 0.20 0.81 0.15 0.96 0.40 0.70 0.11 0.24 0.47 0.87 0.13 0.80 0.60 0.16 0.03 0.36 0.75 0.13 0.66 0.91 0.78 0.48 0.49 0.07 0.65 0.46 0.57 0.79 0.24 0.56 0.17 0.98 0.01 0.49 0.90 0.84 0.88 0.25 0.39 1.00 0.58 0.65 0.16 ]
[0.01 0.78 0.55 0.79 0.25 0.54 0.03 0.53 0.95 0.30 0.51 0.36 0.49 0.37 0.29 0.79 0.16 0.36 0.25 0.54 0.88 0.28 0.91 0.11 0.82 0.67 1.00 0.50 0.32 0.87 0.99 0.71 0.42 0.41 0.06 0.45 0.20 0.59 0.30 0.58 0.58 0.22 0.01 0.34 0.92 0.16 0.17 0.35 0.14 0.83 0.96 0.80 0.06 0.18 0.17 0.49 0.26 0.03 0.06 0.30 0.24 0.99 0.89 0.21 0.81 0.23 0.81 0.75 0.32 0.42 ]
[0.76 0.93 0.27 0.32 0.02 0.75 0.49 0.31 0.86 0.28 0.01 0.44 0.80 0.83 0.65 0.12 0.13 0.16 0.81 0.37 0.86 0.51 0.51 0.41 0.62 0.20 0.50 1.00 0.07 0.73 0.57 0.88 0.50 0.92 0.86 0.68 0.94 0.35 0.57 0.82 0.11 0.85 0.75 0.43 0.14 0.07 0.23 0.26 0.53 0.10 0.48 0.26 0.93 0.88 0.94 0.41 0.15 0.56 0.88 0.76 0.09 0.51 0.52 0.39 0.84 0.29 0.21 0.69 0.78 0.51 ]
[0.89 0.02 0.05 0.00 0.59 0.53 0.96 0.86 0.03 0.89 0.40 0.89 0.78 0.09 0.45 0.63 0.14 0.01 0.46 0.31 0.13 0.82 0.50 0.24 0.44 0.81 0.32 0.07 1.00 0.37 0.31 0.85 0.96 0.05 0.17 0.96 0.22 0.43 0.10 0.38 0.79 0.41 0.34 0.58 0.62 0.27 0.27 0.08 0.32 0.12 0.11 0.82 0.92 0.01 0.13 0.49 0.99 0.10 0.59 0.13 0.29 0.41 0.99 0.91 0.98 0.34 0.95 0.83 0.65 0.62 ]
[0.97 0.07 0.70 0.77 0.61 0.60 0.84 0.95 0.76 0.86 0.31 0.49 0.07 0.17 0.41 0.99 0.35 0.04 0.34 0.98 0.01 0.10 0.64 0.49 0.30 0.15 0.87 0.73 0.37 1.00 0.83 0.87 0.76 0.43 0.40 0.28 0.66 0.25 0.17 0.82 0.81 0.12 0.14 0.11 0.95 0.99 0.06 0.32 0.35 0.34 0.88 0.60 0.21 0.98 0.98 0.67 0.98 0.71 0.95 0.62 0.51 0.95 0.02 0.10 0.99 0.01 0.11 0.37 0.05 0.89 ]
[0.86 0.60 0.07 0.29 0.90 0.61 0.43 0.05 0.15 0.44 0.71 0.31 0.71 0.62 0.30 0.70 0.37 0.82 0.86 0.00 0.35 0.65 0.59 0.46 0.15 0.96 0.99 0.57 0.31 0.83 1.00 0.60 0.43 0.83 0.66 0.52 0.99 0.26 0.51 0.25 0.35 0.18 0.81 1.00 0.42 0.50 0.54 0.92 0.93 0.44 0.18 0.58 0.28 0.88 0.58 0.17 0.63 0.70 0.46 0.32 0.22 0.40 0.98 0.73 0.61 0.35 0.63 0.55 0.86 0.62 ]
[0.30 0.81 0.92 1.00 0.13 0.09 0.25 0.02 0.79 0.01 0.14 0.17 0.56 0.26 0.97 0.69 0.12 0.55 0.89 0.41 0.92 0.19 0.48 0.05 0.51 0.40 0.71 0.88 0.85 0.87 0.60 1.00 0.76 0.12 0.38 0.87 0.44 0.77 0.53 0.69 0.70 0.26 0.14 0.85 0.10 0.13 0.14 0.31 0.06 0.24 0.06 0.80 0.94 0.48 0.33 0.07 0.60 0.41 0.68 0.25 0.80 0.99 0.50 0.15 0.09 0.39 0.63 0.54 0.20 0.68 ]
[0.13 0.66 0.05 0.43 0.93 0.20 0.64 0.79 0.42 0.14 0.65 0.37 0.64 0.75 0.58 0.63 0.47 0.56 0.49 0.10 0.59 0.33 0.30 0.77 0.90 0.70 0.42 0.50 0.96 0.76 0.43 0.76 1.00 0.25 0.73 0.95 0.01 0.15 0.80 0.03 0.64 0.75 0.03 0.68 0.14 0.79 0.99 0.21 0.72 0.53 0.47 0.94 0.21 0.22 0.20 0.10 0.78 0.60 0.33 0.29 0.60 0.92 0.22 0.17 0.80 0.35 0.23 0.74 0.32 0.38 ]
[0.61 0.07 0.25 0.02 0.87 0.30 0.10 0.25 0.31 0.68 0.18 0.62 0.45 0.59 0.10 0.51 0.01 0.57 0.20 0.50 0.39 0.12 0.24 0.15 0.20 0.11 0.41 0.92 0.05 0.43 0.83 0.12 0.25 1.00 0.32 0.33 0.60 0.60 0.64 0.92 0.71 0.64 0.09 0.87 0.17 0.01 0.77 0.15 0.15 0.49 0.36 0.45 0.00 0.59 0.63 0.96 0.36 0.99 0.91 0.73 0.15 0.64 0.87 0.88 0.40 0.96 0.79 0.21 0.32 0.38 ]
[0.15 0.13 0.59 0.57 0.03 0.11 0.41 0.48 0.64 0.99 0.83 0.14 0.76 0.49 0.56 0.96 0.77 0.47 0.17 0.73 0.06 0.48 0.84 0.88 0.58 0.24 0.06 0.86 0.17 0.40 0.66 0.38 0.73 0.32 1.00 0.61 0.01 0.76 0.93 0.15 0.52 0.37 0.62 0.47 0.73 0.62 0.76 0.72 0.81 0.13 0.48 0.55 0.42 0.95 0.75 0.46 0.01 0.27 0.46 0.95 0.84 0.06 0.45 0.71 0.04 0.20 0.05 0.20 0.45 0.97 ]
[0.45 0.57 0.04 0.51 0.81 0.18 0.88 0.19 0.47 0.09 0.14 0.23 0.70 0.39 0.40 0.30 0.84 0.61 0.44 0.02 0.46 0.42 0.85 0.21 0.94 0.47 0.45 0.68 0.96 0.28 0.52 0.87 0.95 0.33 0.61 1.00 0.02 0.69 0.37 0.06 0.44 0.61 0.46 0.13 0.90 0.61 0.89 0.23 0.90 0.40 0.76 0.04 0.56 0.24 0.81 0.80 0.13 0.59 0.04 0.59 0.86 0.82 0.02 0.61 0.20 0.91 0.69 0.78 0.92 0.80 ]
[0.97 0.77 0.45 0.12 0.36 0.68 0.21 0.55 0.02 0.01 0.48 0.71 0.86 0.61 0.96 0.05 0.47 0.02 0.46 0.82 0.79 0.36 0.98 0.16 0.01 0.87 0.20 0.94 0.22 0.66 0.99 0.44 0.01 0.60 0.01 0.02 1.00 0.14 0.22 0.20 0.22 0.54 0.19 0.46 0.44 0.74 0.02 0.92 0.72 0.89 0.78 0.56 0.85 0.05 0.36 0.67 0.40 0.45 0.59 0.80 0.74 0.97 0.06 0.67 0.31 0.91 0.63 0.67 0.72 0.44 ]
[0.10 0.59 0.08 0.68 0.92 0.85 0.98 0.73 0.73 0.13 0.05 0.53 0.44 0.53 0.14 0.66 0.67 0.73 0.59 0.89 0.42 0.42 0.39 0.32 0.36 0.13 0.59 0.35 0.43 0.25 0.26 0.77 0.15 0.60 0.76 0.69 0.14 1.00 0.76 0.36 0.94 0.87 0.92 0.40 0.54 0.55 0.24 0.69 0.73 0.02 0.91 0.32 0.52 0.71 0.46 0.15 0.47 0.24 0.24 0.90 0.34 0.62 0.78 0.73 0.90 0.08 0.85 0.07 0.39 0.88 ]
[0.78 0.70 0.92 0.81 0.34 0.45 0.55 0.01 0.35 0.65 0.55 0.95 0.09 0.42 0.81 0.83 0.59 0.80 0.53 0.16 0.30 0.69 0.68 0.10 0.01 0.80 0.30 0.57 0.10 0.17 0.51 0.53 0.80 0.64 0.93 0.37 0.22 0.76 1.00 0.13 0.31 0.71 0.91 0.53 0.43 0.09 0.93 0.20 0.98 0.80 0.66 0.69 0.33 0.29 0.82 0.14 0.19 0.61 0.91 0.62 0.36 0.43 0.12 0.87 0.48 0.06 0.68 0.95 0.06 0.21 ]
[0.75 0.89 0.83 0.19 0.74 0.13 0.93 0.31 0.75 0.29 0.41 0.13 0.09 0.62 0.83 0.41 0.85 0.67 0.00 0.36 0.51 0.67 0.48 0.89 0.39 0.60 0.58 0.82 0.38 0.82 0.25 0.69 0.03 0.92 0.15 0.06 0.20 0.36 0.13 1.00 0.48 0.72 0.94 0.88 0.97 0.30 0.26 0.09 0.67 0.17 0.27 0.91 0.81 0.50 0.25 0.73 0.28 0.27 0.69 0.69 0.03 0.46 0.79 0.60 0.54 0.34 0.03 0.33 0.71 0.30 ]
[0.97 0.14 0.54 0.89 0.43 0.58 0.22 0.95 0.03 0.98 0.30 0.24 0.85 0.17 0.19 0.22 0.12 0.77 0.50 0.41 0.51 0.80 0.41 0.11 0.64 0.16 0.58 0.11 0.79 0.81 0.35 0.70 0.64 0.71 0.52 0.44 0.22 0.94 0.31 0.48 1.00 0.68 0.60 0.37 0.75 0.54 0.24 0.55 0.77 0.17 0.07 0.36 0.70 0.64 0.29 0.14 0.18 0.14 0.78 0.20 0.50 0.90 0.00 0.53 0.48 0.46 0.14 0.33 0.37 0.28 ]
[0.13 0.97 0.66 0.18 0.29 0.07 0.74 0.45 0.69 0.23 0.54 0.43 0.62 0.12 0.54 0.95 0.50 0.05 0.48 0.96 0.27 0.16 0.33 0.66 0.25 0.03 0.22 0.85 0.41 0.12 0.18 0.26 0.75 0.64 0.37 0.61 0.54 0.87 0.71 0.72 0.68 1.00 0.53 0.11 0.89 0.75 0.53 0.53 0.66 0.27 0.28 0.18 0.27 0.55 0.26 0.75 0.37 0.28 0.09 0.16 0.42 0.26 0.38 0.21 0.82 0.48 0.01 0.78 0.87 0.38 ]
[0.78 0.37 0.21 0.34 0.62 0.63 0.37 0.40 0.42 0.45 0.88 0.30 0.88 0.23 0.02 0.31 0.00 0.26 0.21 0.37 0.64 0.18 0.87 0.13 0.01 0.36 0.01 0.75 0.34 0.14 0.81 0.14 0.03 0.09 0.62 0.46 0.19 0.92 0.91 0.94 0.60 0.53 1.00 0.56 0.53 0.65 0.21 0.12 0.90 0.32 0.61 0.32 0.45 0.80 0.54 0.91 0.48 0.19 0.74 0.20 0.47 0.59 0.45 0.61 0.77 0.59 0.50 0.39 0.11 0.53 ]
[0.75 0.62 0.77 0.06 0.95 0.11 0.39 0.91 0.59 0.96 0.76 0.89 0.76 0.75 0.82 0.78 0.74 0.49 0.35 0.09 0.67 0.76 0.73 0.46 0.50 0.75 0.34 0.43 0.58 0.11 1.00 0.85 0.68 0.87 0.47 0.13 0.46 0.40 0.53 0.88 0.37 0.11 0.56 1.00 0.21 0.59 0.98 0.29 0.82 0.71 0.27 0.92 0.24 0.72 0.45 0.64 0.27 0.37 0.07 0.52 0.10 0.77 0.39 0.44 0.46 0.35 0.11 0.44 0.95 0.01 ]
[0.05 0.54 0.92 0.65 0.36 0.31 0.79 0.36 0.11 0.97 0.77 0.62 0.25 0.05 0.57 0.26 0.76 0.40 0.02 0.01 0.58 0.68 0.50 0.87 0.70 0.13 0.92 0.14 0.62 0.95 0.42 0.10 0.14 0.17 0.73 0.90 0.44 0.54 0.43 0.97 0.75 0.89 0.53 0.21 1.00 0.56 0.58 0.88 0.58 0.74 0.99 0.92 0.51 0.84 0.32 0.70 0.75 0.31 0.03 0.71 0.81 0.09 0.89 0.50 0.12 0.87 0.79 0.17 0.32 0.23 ]
[0.16 0.66 0.47 0.80 0.71 0.90 0.38 0.16 0.92 0.67 0.56 0.41 0.06 0.08 0.48 0.59 0.37 0.57 0.66 0.15 0.02 0.21 0.68 0.39 0.80 0.66 0.16 0.07 0.27 0.99 0.50 0.13 0.79 0.01 0.62 0.61 0.74 0.55 0.09 0.30 0.54 0.75 0.65 0.59 0.56 1.00 0.07 0.77 0.58 0.84 0.62 0.53 0.28 0.27 0.84 0.65 0.25 0.35 0.76 0.01 0.82 0.52 0.70 0.89 0.70 0.68 0.87 0.36 0.60 0.10 ]
[0.58 0.17 0.40 0.48 0.93 0.23 0.79 0.57 0.90 0.86 0.16 0.53 0.80 0.07 0.05 0.23 0.94 0.88 0.89 0.77 0.88 0.03 0.04 0.37 0.08 0.91 0.17 0.23 0.27 0.06 0.54 0.14 0.99 0.77 0.76 0.89 0.02 0.24 0.93 0.26 0.24 0.53 0.21 0.98 0.58 0.07 1.00 0.31 0.83 0.40 0.63 0.34 0.59 0.64 0.57 0.36 0.59 0.57 0.36 0.91 0.43 1.00 0.02 0.26 0.55 0.44 0.36 0.30 0.82 0.55 ]
[0.03 0.57 0.63 0.92 0.30 0.36 0.38 0.64 0.42 0.29 0.89 0.97 0.81 0.11 0.48 0.07 0.63 0.22 0.09 0.48 0.11 0.23 0.76 0.42 0.62 0.78 0.35 0.26 0.08 0.32 0.92 0.31 0.21 0.15 0.72 0.23 0.92 0.69 0.20 0.09 0.55 0.53 0.12 0.29 0.88 0.77 0.31 1.00 0.41 0.13 0.32 0.53 0.68 0.13 0.68 0.61 0.83 0.36 0.62 0.16 0.88 0.18 0.91 0.14 0.85 0.73 0.11 0.07 0.76 0.45 ]
[0.86 0.49 0.09 0.08 0.10 0.16 0.57 0.81 0.88 0.59 0.76 0.04 0.37 0.11 0.36 0.05 0.27 0.59 0.32 0.05 0.24 0.39 0.88 0.24 0.25 0.48 0.14 0.53 0.32 0.35 0.93 0.06 0.72 0.15 0.81 0.90 0.72 0.73 0.98 0.67 0.77 0.66 0.90 0.82 0.58 0.58 0.83 0.41 1.00 0.26 0.68 0.88 0.70 0.41 0.29 0.59 0.28 0.41 0.26 0.62 0.95 0.08 0.70 0.51 0.00 0.99 0.21 0.00 0.02 0.41 ]
[0.62 0.10 0.24 0.27 0.15 0.98 0.82 0.70 0.06 0.23 0.17 0.99 0.58 0.53 0.33 0.66 0.36 0.03 0.13 0.54 0.67 0.16 0.72 0.47 0.38 0.49 0.83 0.10 0.12 0.34 0.44 0.24 0.53 0.49 0.13 0.40 0.89 0.02 0.80 0.17 0.17 0.27 0.32 0.71 0.74 0.84 0.40 0.13 0.26 1.00 0.53 0.11 0.54 0.50 0.94 0.91 0.26 0.92 0.09 0.76 0.32 0.31 0.75 0.63 0.47 0.62 0.50 0.01 0.90 0.08 ]
[0.41 0.27 0.38 0.94 0.75 0.90 0.40 0.74 0.12 0.15 0.50 0.04 0.18 0.21 0.87 0.00 0.87 0.39 0.34 0.33 0.59 0.25 0.87 0.93 0.89 0.07 0.96 0.48 0.11 0.88 0.18 0.06 0.47 0.36 0.48 0.76 0.78 0.91 0.66 0.27 0.07 0.28 0.61 0.27 0.99 0.62 0.63 0.32 0.68 0.53 1.00 0.16 0.01 0.29 0.61 0.40 0.88 0.23 0.76 0.88 0.97 0.47 0.91 0.91 0.25 0.53 0.67 0.85 0.61 0.99 ]
[0.28 0.55 0.36 0.60 0.87 0.16 0.84 0.93 0.61 0.98 0.82 0.47 0.19 0.76 0.25 0.94 0.33 0.40 0.76 0.41 0.20 0.19 0.13 0.87 0.94 0.65 0.80 0.26 0.82 0.60 0.58 0.80 0.94 0.45 0.55 0.04 0.56 0.32 0.69 0.91 0.36 0.18 0.32 0.92 0.92 0.53 0.34 0.53 0.88 0.11 0.16 1.00 0.24 0.21 0.24 0.11 0.31 0.86 0.89 0.71 0.19 0.60 0.58 0.24 0.99 0.16 0.65 0.80 0.39 0.18 ]
[0.41 0.16 0.49 0.38 0.19 0.50 0.63 0.05 0.26 0.49 0.89 0.87 0.06 0.17 0.72 0.21 0.98 0.15 0.28 0.65 0.75 0.03 0.04 0.42 0.66 0.46 0.06 0.93 0.92 0.21 0.28 0.94 0.21 0.00 0.42 0.56 0.85 0.52 0.33 0.81 0.70 0.27 0.45 0.24 0.51 0.28 0.59 0.68 0.70 0.54 0.01 0.24 1.00 0.76 0.83 0.10 0.97 0.30 0.49 0.57 0.58 0.04 0.76 0.10 0.61 0.72 0.79 0.16 0.37 0.42 ]
[0.78 0.19 0.30 0.04 0.49 0.73 0.58 0.32 0.96 0.49 0.63 0.73 0.72 0.61 0.15 0.25 0.80 0.84 0.67 0.17 0.94 0.82 0.68 0.52 0.09 0.57 0.18 0.88 0.01 0.98 0.88 0.48 0.22 0.59 0.95 0.24 0.05 0.71 0.29 0.50 0.64 0.55 0.80 0.72 0.84 0.27 0.64 0.13 0.41 0.50 0.29 0.21 0.76 1.00 0.81 0.03 0.00 0.60 0.79 0.53 0.01 0.86 0.91 0.97 0.26 0.92 0.85 0.15 0.33 0.85 ]
[0.21 0.02 0.10 0.03 0.09 0.79 0.09 0.99 0.98 0.57 0.89 0.48 0.07 0.26 0.50 0.31 0.19 0.03 0.84 0.36 0.21 0.06 0.67 0.81 0.46 0.79 0.17 0.94 0.13 0.98 0.58 0.33 0.20 0.63 0.75 0.81 0.36 0.46 0.82 0.25 0.29 0.26 0.54 0.45 0.32 0.84 0.57 0.68 0.29 0.94 0.61 0.24 0.83 0.81 1.00 0.50 0.81 0.49 0.03 0.16 0.48 0.87 0.15 0.99 0.45 0.56 0.11 0.02 0.23 0.15 ]
[0.72 0.07 0.95 0.08 0.15 0.14 0.69 0.08 0.45 0.87 0.92 0.05 0.07 0.13 0.22 0.83 0.06 0.22 0.01 0.89 0.22 0.82 0.61 0.82 0.29 0.24 0.49 0.41 0.49 0.67 0.17 0.07 0.10 0.96 0.46 0.80 0.67 0.15 0.14 0.73 0.14 0.75 0.91 0.64 0.70 0.65 0.36 0.61 0.59 0.91 0.40 0.11 0.10 0.03 0.50 1.00 0.38 0.91 0.30 0.71 0.99 0.00 0.55 0.53 0.96 0.54 0.28 0.93 0.05 0.94 ]
[0.92 0.01 0.54 0.43 0.42 0.37 0.46 0.56 0.89 0.10 0.93 0.53 0.03 0.82 0.78 0.62 0.70 0.28 0.90 0.33 0.42 0.38 0.20 0.58 0.34 0.56 0.26 0.15 0.99 0.98 0.63 0.60 0.78 0.36 0.01 0.13 0.40 0.47 0.19 0.28 0.18 0.37 0.48 0.27 0.75 0.25 0.59 0.83 0.28 0.26 0.88 0.31 0.97 0.00 0.81 0.38 1.00 0.36 0.48 0.48 0.74 0.31 0.49 0.75 0.37 0.08 0.14 0.82 0.61 0.49 ]
[0.18 0.69 0.91 0.87 0.82 0.95 0.64 0.31 0.82 0.58 0.38 0.61 0.88 0.28 0.26 0.64 0.80 0.44 0.08 0.10 0.50 0.77 0.66 0.09 0.66 0.17 0.03 0.56 0.10 0.71 0.70 0.41 0.60 0.99 0.27 0.59 0.45 0.24 0.61 0.27 0.14 0.28 0.19 0.37 0.31 0.35 0.57 0.36 0.41 0.92 0.23 0.86 0.30 0.60 0.49 0.91 0.36 1.00 0.01 0.90 0.09 0.01 0.71 0.58 0.19 0.58 0.90 0.16 0.18 0.81 ]
[0.47 0.75 0.35 0.42 0.99 0.19 0.42 0.18 0.11 0.64 0.42 0.02 0.04 0.88 0.36 0.90 0.51 0.88 0.96 0.73 0.11 0.63 0.66 0.92 0.94 0.98 0.06 0.88 0.59 0.95 0.46 0.68 0.33 0.91 0.46 0.04 0.59 0.24 0.91 0.69 0.78 0.09 0.74 0.07 0.03 0.76 0.36 0.62 0.26 0.09 0.76 0.89 0.49 0.79 0.03 0.30 0.48 0.01 1.00 0.14 0.88 0.85 0.28 0.31 0.71 0.79 0.49 0.55 0.52 0.13 ]
[0.33 0.22 0.15 0.95 0.54 0.26 0.50 0.90 0.06 0.76 0.31 0.64 0.39 0.32 0.70 0.01 0.77 0.78 0.18 0.94 0.09 0.39 0.25 0.25 0.45 0.01 0.30 0.76 0.13 0.62 0.32 0.25 0.29 0.73 0.95 0.59 0.80 0.90 0.62 0.69 0.20 0.16 0.20 0.52 0.71 0.01 0.91 0.16 0.62 0.76 0.88 0.71 0.57 0.53 0.16 0.71 0.48 0.90 0.14 1.00 0.89 0.39 0.81 0.05 0.31 0.63 0.70 0.92 0.99 0.83 ]
[0.04 0.99 0.69 0.19 0.28 0.38 0.19 0.59 0.40 0.47 0.52 0.19 0.26 0.01 0.29 0.86 0.87 0.43 0.11 0.73 0.33 0.81 0.55 0.49 0.93 0.49 0.24 0.09 0.29 0.51 0.22 0.80 0.60 0.15 0.84 0.86 0.74 0.34 0.36 0.03 0.50 0.42 0.47 0.10 0.81 0.82 0.43 0.88 0.95 0.32 0.97 0.19 0.58 0.01 0.48 0.99 0.74 0.09 0.88 0.89 1.00 0.92 0.44 0.58 0.74 0.83 0.21 0.88 0.65 0.25 ]
[0.10 0.53 0.32 0.77 0.21 0.77 0.82 0.65 0.36 0.52 0.27 0.62 0.24 0.44 0.08 0.76 0.84 0.11 0.03 0.76 0.62 0.66 0.43 0.14 0.34 0.90 0.99 0.51 0.41 0.95 0.40 0.99 0.92 0.64 0.06 0.82 0.97 0.62 0.43 0.46 0.90 0.26 0.59 0.77 0.09 0.52 1.00 0.18 0.08 0.31 0.47 0.60 0.04 0.86 0.87 0.00 0.31 0.01 0.85 0.39 0.92 1.00 0.73 0.26 0.76 0.39 1.00 0.26 0.53 0.57 ]
[0.46 0.16 0.71 0.34 0.74 0.57 0.50 0.48 0.16 0.35 0.64 0.29 0.75 0.40 0.62 0.39 0.19 0.57 0.77 0.05 0.19 0.99 0.30 0.44 0.72 0.84 0.89 0.52 0.99 0.02 0.98 0.50 0.22 0.87 0.45 0.02 0.06 0.78 0.12 0.79 0.00 0.38 0.45 0.39 0.89 0.70 0.02 0.91 0.70 0.75 0.91 0.58 0.76 0.91 0.15 0.55 0.49 0.71 0.28 0.81 0.44 0.73 1.00 0.84 0.06 0.28 0.30 0.13 0.24 0.37 ]
[0.80 0.69 0.93 0.54 0.19 0.38 0.44 0.36 0.36 0.57 0.82 0.79 0.32 0.96 0.66 0.02 0.50 0.74 0.50 0.99 0.67 0.96 0.63 0.68 0.48 0.88 0.21 0.39 0.91 0.10 0.73 0.15 0.17 0.88 0.71 0.61 0.67 0.73 0.87 0.60 0.53 0.21 0.61 0.44 0.50 0.89 0.26 0.14 0.51 0.63 0.91 0.24 0.10 0.97 0.99 0.53 0.75 0.58 0.31 0.05 0.58 0.26 0.84 1.00 0.31 0.71 0.62 0.44 0.58 0.04 ]
[0.71 0.39 0.41 0.34 0.60 0.63 0.71 0.39 0.12 0.76 0.08 0.70 0.06 0.36 0.45 0.80 0.08 0.92 0.97 0.14 0.07 0.76 0.33 0.96 0.44 0.25 0.81 0.84 0.98 0.99 0.61 0.09 0.80 0.40 0.04 0.20 0.31 0.90 0.48 0.54 0.48 0.82 0.77 0.46 0.12 0.70 0.55 0.85 0.00 0.47 0.25 0.99 0.61 0.26 0.45 0.96 0.37 0.19 0.71 0.31 0.74 0.76 0.06 0.31 1.00 0.07 1.00 0.54 0.91 0.84 ]
[0.60 0.89 0.07 0.51 0.21 0.12 0.50 0.09 0.19 0.75 0.99 0.98 0.75 0.33 0.38 0.50 0.35 0.73 0.53 0.28 0.05 0.57 0.25 0.65 0.58 0.39 0.23 0.29 0.34 0.01 0.35 0.39 0.35 0.96 0.20 0.91 0.91 0.08 0.06 0.34 0.46 0.48 0.59 0.35 0.87 0.68 0.44 0.73 0.99 0.62 0.53 0.16 0.72 0.92 0.56 0.54 0.08 0.58 0.79 0.63 0.83 0.39 0.28 0.71 0.07 1.00 0.73 0.55 0.51 0.06 ]
[0.12 0.90 0.90 0.18 0.56 0.48 0.55 0.50 0.39 0.68 0.85 0.97 0.76 0.33 0.11 0.24 0.64 0.95 0.97 0.81 0.78 0.12 0.80 0.81 0.75 1.00 0.81 0.21 0.95 0.11 0.63 0.63 0.23 0.79 0.05 0.69 0.63 0.85 0.68 0.03 0.14 0.01 0.50 0.11 0.79 0.87 0.36 0.11 0.21 0.50 0.67 0.65 0.79 0.85 0.11 0.28 0.14 0.90 0.49 0.70 0.21 1.00 0.30 0.62 1.00 0.73 1.00 0.56 0.26 0.50 ]
[0.48 0.33 0.26 0.03 0.73 0.65 0.73 0.36 0.71 0.62 0.17 0.03 0.62 0.78 0.18 0.53 0.69 0.77 0.96 0.88 0.38 0.73 0.09 0.89 0.05 0.58 0.75 0.69 0.83 0.37 0.55 0.54 0.74 0.21 0.20 0.78 0.67 0.07 0.95 0.33 0.33 0.78 0.39 0.44 0.17 0.36 0.30 0.07 0.00 0.01 0.85 0.80 0.16 0.15 0.02 0.93 0.82 0.16 0.55 0.92 0.88 0.26 0.13 0.44 0.54 0.55 0.56 1.00 0.00 0.67 ]
[0.91 0.55 0.06 0.07 0.46 0.58 0.34 0.93 0.57 0.49 0.92 0.07 0.20 0.19 0.34 0.24 0.06 0.74 0.66 0.22 0.51 0.03 0.51 0.25 0.07 0.65 0.32 0.78 0.65 0.05 0.86 0.20 0.32 0.32 0.45 0.92 0.72 0.39 0.06 0.71 0.37 0.87 0.11 0.95 0.32 0.60 0.82 0.76 0.02 0.90 0.61 0.39 0.37 0.33 0.23 0.05 0.61 0.18 0.52 0.99 0.65 0.53 0.24 0.58 0.91 0.51 0.26 0.00 1.00 0.24 ]
[0.93 0.25 0.38 0.35 0.62 0.64 0.85 0.29 0.54 0.81 0.67 0.05 0.81 0.52 0.09 0.04 0.06 0.89 0.02 0.83 0.55 0.23 0.98 0.96 0.61 0.16 0.42 0.51 0.62 0.89 0.62 0.68 0.38 0.38 0.97 0.80 0.44 0.88 0.21 0.30 0.28 0.38 0.53 0.01 0.23 0.10 0.55 0.45 0.41 0.08 0.99 0.18 0.42 0.85 0.15 0.94 0.49 0.81 0.13 0.83 0.25 0.57 0.37 0.04 0.84 0.06 0.50 0.67 0.24 1.00 ]
];
