D = 4;
n = [ 5 5 5 5 ];
N = 87;
d = [1 1 1 1 1 1 1 1 1 1 1 1 1 1 1 1 1 1 1 1 1 2 2 2 2 2 2 2 2 2 2 2 2 2 2 2 2 2 2 2 2 2 3 3 3 3 3 3 3 3 3 3 3 3 3 3 3 3 3 3 3 3 3 4 4 4 4 4 4 4 4 4 4 4 4 4 4 4 4 4 4 4 4 4 4 4 4 ];
m = [
[1.00 0.07 0.49 0.78 0.27 0.55 0.79 0.15 0.79 0.97 0.66 0.20 0.47 0.95 0.98 0.51 0.89 0.51 0.89 0.26 0.55 0.09 0.11 0.06 0.45 0.17 0.28 0.68 0.99 0.40 0.38 0.07 0.93 0.66 0.48 0.84 0.72 0.05 0.90 0.77 0.68 0.09 0.49 0.89 0.29 0.57 0.96 0.06 0.13 0.54 0.45 0.34 0.31 0.00 0.30 0.91 0.40 0.20 0.75 0.13 0.78 0.95 0.94 0.28 0.66 0.96 0.15 0.20 0.26 0.13 0.58 0.33 0.75 0.62 0.01 0.95 0.53 0.44 0.48 0.64 0.92 0.03 0.66 0.39 0.67 0.99 0.91 ]
[0.07 1.00 0.32 0.99 0.54 0.36 0.97 0.15 0.77 0.28 0.27 0.04 0.38 0.99 0.77 0.38 0.50 0.16 0.51 0.22 0.61 0.09 0.59 0.23 0.69 0.42 0.13 0.90 0.60 0.69 0.72 0.72 0.62 0.71 0.39 0.96 0.55 0.12 0.87 0.74 0.90 0.22 0.35 0.71 0.13 0.06 0.02 0.13 0.03 0.28 0.89 0.34 0.52 0.73 0.61 0.23 0.55 0.52 0.94 0.57 0.34 0.01 0.65 0.46 0.33 0.34 0.66 0.02 0.47 0.51 0.78 0.60 0.06 0.85 0.81 0.99 0.36 0.81 0.00 0.53 0.03 0.22 0.77 0.56 0.54 0.01 0.66 ]
[0.49 0.32 1.00 0.94 0.53 0.98 0.88 0.98 0.46 0.55 0.93 0.07 0.66 0.05 0.39 0.41 0.83 0.24 0.09 0.46 0.18 0.56 0.32 0.19 0.22 0.97 0.08 0.13 0.36 0.65 0.07 0.01 0.04 0.88 0.07 0.11 0.91 0.93 0.86 0.63 0.38 0.43 0.39 0.02 0.54 0.15 0.04 0.37 0.54 0.63 0.54 0.26 0.36 0.68 0.89 0.69 0.74 0.94 0.69 0.36 0.41 0.01 0.43 0.10 0.77 0.44 0.41 0.41 0.36 0.46 0.16 0.46 0.09 0.68 0.35 0.74 0.28 0.91 0.60 0.25 0.10 0.23 0.62 0.38 0.58 0.06 0.61 ]
[0.78 0.99 0.94 1.00 0.10 0.16 0.23 0.91 0.08 0.61 0.86 0.92 0.08 0.75 0.14 0.90 0.31 0.26 0.07 0.57 0.24 0.77 0.41 0.85 0.45 0.80 0.74 0.06 0.39 0.16 0.70 0.35 0.46 0.66 0.66 0.74 0.18 0.43 0.62 0.29 0.80 0.70 0.95 0.09 0.11 0.35 0.83 0.87 0.02 0.31 0.70 0.44 0.05 0.24 0.90 0.84 0.11 0.10 0.58 0.96 0.55 0.93 0.69 0.24 0.08 0.46 0.06 0.09 0.38 0.78 0.87 0.88 0.06 0.36 0.60 0.18 1.00 0.32 0.25 0.26 0.26 0.06 0.92 0.75 0.03 0.73 0.76 ]
[0.27 0.54 0.53 0.10 1.00 0.29 0.80 0.95 0.49 0.27 0.39 0.69 0.60 0.93 0.55 0.51 0.82 0.46 0.55 0.44 0.19 0.29 0.12 0.56 0.83 0.84 0.75 0.77 0.00 0.07 0.78 0.04 0.63 0.80 0.97 0.50 0.51 0.62 0.57 0.13 0.55 0.98 0.63 0.27 0.04 0.74 0.15 0.47 0.88 0.95 0.61 0.92 0.29 0.59 0.30 0.82 0.26 0.84 0.79 0.89 0.01 0.52 0.07 0.63 0.73 0.11 0.87 0.24 0.57 0.97 0.92 0.26 0.16 0.46 0.34 0.66 0.05 0.12 0.59 0.70 0.51 0.37 0.52 0.79 0.33 0.23 0.65 ]
[0.55 0.36 0.98 0.16 0.29 1.00 0.02 0.28 0.84 0.96 0.67 0.38 0.93 0.52 0.12 0.62 0.23 0.93 0.29 1.00 0.26 0.47 0.48 0.78 0.61 0.05 0.29 0.54 0.77 0.09 0.02 0.16 0.61 0.32 0.53 0.25 0.43 0.95 0.29 0.76 0.04 0.75 0.12 1.00 0.50 0.22 0.51 0.10 0.07 0.55 0.32 0.49 0.15 0.46 0.47 0.85 0.52 0.85 0.12 0.06 0.64 0.63 0.82 0.90 0.37 0.95 0.25 0.75 0.88 0.09 0.99 0.15 0.78 0.70 0.03 0.04 0.24 0.89 0.50 0.14 0.17 0.42 0.05 0.76 0.12 0.02 0.21 ]
[0.79 0.97 0.88 0.23 0.80 0.02 1.00 0.34 0.02 1.00 0.01 0.45 0.76 0.02 0.79 0.66 0.87 0.05 0.18 0.02 1.00 0.33 0.21 0.05 0.25 0.40 0.15 0.54 0.90 0.93 0.28 0.74 0.60 0.44 0.11 0.02 0.60 0.64 0.56 0.88 0.93 0.16 0.11 0.95 0.68 0.22 0.66 0.46 0.68 0.26 0.72 0.97 0.17 0.40 0.91 0.30 0.56 0.93 0.64 0.94 1.00 0.61 0.89 0.52 0.27 0.79 0.11 0.26 0.66 0.37 0.55 0.74 0.16 0.09 0.60 0.44 0.07 0.79 0.37 0.73 0.92 0.76 0.93 0.70 0.56 0.40 0.88 ]
[0.15 0.15 0.98 0.91 0.95 0.28 0.34 1.00 0.64 0.60 0.23 0.63 0.89 0.96 0.58 0.98 0.22 0.31 0.13 0.73 0.79 0.70 0.75 0.29 0.17 0.84 0.89 0.80 0.03 0.66 0.25 0.48 0.87 0.64 0.81 0.08 0.08 0.66 0.48 0.41 0.12 0.91 0.16 0.69 0.76 0.24 0.97 0.55 0.88 0.86 0.82 0.36 0.94 0.37 0.13 0.53 0.02 0.72 0.78 0.58 0.58 0.40 0.43 0.02 0.90 0.63 0.36 0.97 0.58 0.08 0.23 0.23 0.35 0.75 0.76 0.81 0.49 0.13 0.87 0.34 0.15 0.89 0.21 0.94 0.89 0.57 0.23 ]
[0.79 0.77 0.46 0.08 0.49 0.84 0.02 0.64 1.00 0.84 0.55 0.97 0.93 0.24 0.57 0.07 0.70 0.17 0.24 0.03 0.60 0.48 0.59 0.40 0.37 0.97 0.10 0.24 0.83 0.27 0.52 0.68 0.51 0.17 0.21 0.04 0.27 0.73 0.56 0.28 0.74 0.22 0.01 0.62 0.36 0.83 0.60 0.97 0.95 0.58 0.42 0.84 0.80 0.21 0.92 0.56 0.28 0.10 0.16 0.12 0.22 0.48 0.13 0.95 0.62 0.56 0.39 0.22 0.05 0.22 0.21 0.88 0.57 0.46 0.37 0.96 0.90 0.87 0.13 0.48 0.02 0.92 0.52 0.55 0.35 0.69 0.07 ]
[0.97 0.28 0.55 0.61 0.27 0.96 1.00 0.60 0.84 1.00 0.42 0.61 0.63 0.09 0.41 0.85 0.98 0.68 0.68 0.50 0.23 0.50 0.64 0.54 0.69 0.39 0.04 0.96 0.28 0.42 0.08 0.60 0.98 0.38 0.40 0.67 0.83 0.58 0.62 0.64 0.02 0.30 0.07 0.93 0.36 0.06 0.92 0.23 0.26 0.34 0.37 0.62 0.80 0.08 0.45 0.51 0.07 0.97 0.46 0.59 0.03 0.78 0.78 0.60 0.59 0.69 0.85 0.93 0.31 0.04 0.29 0.22 0.31 0.99 0.23 0.32 0.29 0.18 0.83 0.01 0.19 0.75 0.38 0.29 0.13 0.27 0.72 ]
[0.66 0.27 0.93 0.86 0.39 0.67 0.01 0.23 0.55 0.42 1.00 0.07 0.65 0.03 0.19 0.08 0.09 0.70 0.89 0.39 0.81 0.06 0.40 0.60 0.03 0.93 0.69 0.42 0.65 0.14 0.39 0.18 0.41 0.39 0.28 0.76 0.60 0.25 0.07 0.72 0.97 0.38 0.89 0.57 0.48 0.03 0.87 0.48 0.99 0.66 0.29 0.29 0.40 0.90 0.76 0.57 0.55 0.05 0.81 0.80 0.49 0.48 0.99 0.18 0.22 0.98 0.81 0.07 0.84 0.78 0.50 0.68 0.66 0.80 0.60 0.22 0.87 0.36 0.33 0.40 0.23 0.05 0.94 0.98 0.11 0.05 0.23 ]
[0.20 0.04 0.07 0.92 0.69 0.38 0.45 0.63 0.97 0.61 0.07 1.00 0.14 0.09 0.42 0.93 0.31 0.19 0.31 0.93 0.75 0.27 0.90 0.45 0.87 0.83 0.79 0.19 0.80 0.12 0.55 0.05 0.61 0.09 0.78 0.56 0.47 0.34 0.07 0.69 0.55 0.77 0.60 0.12 0.52 0.30 0.57 0.78 0.31 0.54 0.98 0.26 0.99 0.48 0.77 0.79 0.91 0.06 0.99 0.98 0.36 0.03 0.12 0.07 0.37 0.19 0.92 0.64 0.45 0.64 0.92 0.34 0.84 0.15 0.71 0.40 0.01 0.75 0.05 0.78 0.17 0.05 0.51 0.98 0.71 0.61 0.69 ]
[0.47 0.38 0.66 0.08 0.60 0.93 0.76 0.89 0.93 0.63 0.65 0.14 1.00 0.71 0.78 0.71 0.93 0.00 0.74 0.70 0.67 0.98 0.87 0.90 0.76 0.16 0.23 0.33 0.43 0.83 0.23 0.07 0.37 0.74 0.88 0.71 0.02 0.91 0.56 0.23 0.49 0.73 0.61 0.56 0.79 0.36 0.63 0.78 0.56 0.25 0.75 0.04 0.06 0.60 0.93 0.36 0.46 0.85 0.18 0.84 0.73 0.91 0.87 0.29 0.88 0.89 0.96 0.15 0.83 0.99 0.58 0.89 0.35 0.22 0.00 0.91 0.84 0.84 0.08 0.31 0.66 0.29 0.46 0.46 0.17 0.09 0.03 ]
[0.95 0.99 0.05 0.75 0.93 0.52 0.02 0.96 0.24 0.09 0.03 0.09 0.71 1.00 0.05 0.40 0.32 0.20 0.03 0.56 0.64 0.69 0.47 0.12 0.38 0.61 0.68 0.31 0.67 0.45 0.85 0.29 0.52 0.01 0.37 0.71 0.31 0.89 0.11 0.80 0.03 0.10 0.71 0.53 0.48 0.22 0.59 0.03 0.31 0.37 0.91 0.90 0.19 0.26 0.48 0.66 0.51 0.37 0.10 0.12 0.42 1.00 0.57 0.17 0.99 0.54 0.32 0.30 0.35 0.89 0.33 0.78 0.36 0.18 0.79 0.84 0.12 0.42 0.84 0.30 0.46 0.97 0.10 0.02 0.73 0.43 0.90 ]
[0.98 0.77 0.39 0.14 0.55 0.12 0.79 0.58 0.57 0.41 0.19 0.42 0.78 0.05 1.00 0.43 0.91 0.04 0.85 0.35 0.54 0.04 0.27 0.38 0.71 0.65 0.07 0.64 0.71 0.44 0.65 0.47 0.40 0.80 0.20 0.65 0.27 0.97 0.18 0.90 0.92 0.79 0.09 0.23 0.51 0.08 0.14 0.90 0.37 0.22 0.39 0.31 0.75 0.43 0.54 0.99 0.51 0.12 0.28 0.64 0.81 0.65 0.74 0.32 0.88 0.93 0.39 0.66 0.70 0.66 0.99 0.02 0.44 0.43 0.41 0.01 0.72 0.05 0.96 0.16 0.96 0.64 0.96 0.98 0.07 0.30 0.18 ]
[0.51 0.38 0.41 0.90 0.51 0.62 0.66 0.98 0.07 0.85 0.08 0.93 0.71 0.40 0.43 1.00 0.39 0.53 0.97 0.51 0.65 0.50 0.37 0.85 0.80 0.60 0.20 0.76 0.43 0.12 0.23 0.40 0.43 0.97 0.92 0.85 0.88 0.60 0.49 0.49 0.35 0.89 0.22 0.26 0.79 0.89 0.08 0.09 0.68 0.93 0.24 0.35 0.02 0.29 0.34 0.58 0.80 0.46 0.75 0.92 0.66 0.86 0.73 0.34 0.62 1.00 0.60 0.94 0.20 0.20 0.13 0.19 0.41 0.91 0.72 0.45 0.53 0.07 0.49 0.83 0.75 0.04 0.52 0.27 0.86 0.38 0.37 ]
[0.89 0.50 0.83 0.31 0.82 0.23 0.87 0.22 0.70 0.98 0.09 0.31 0.93 0.32 0.91 0.39 1.00 0.80 0.81 0.02 0.43 0.52 0.20 0.35 0.10 0.93 0.52 0.49 0.82 0.76 0.94 0.00 1.00 0.30 0.08 0.66 0.40 0.87 0.13 0.63 0.06 0.95 0.56 0.46 0.96 0.64 0.59 0.77 0.68 1.00 0.77 0.00 0.31 0.24 0.12 0.41 0.18 0.59 0.26 0.38 0.97 0.91 0.19 0.55 0.58 0.29 0.34 0.19 0.67 0.42 0.27 0.79 0.54 0.86 0.03 0.34 0.47 0.19 0.21 0.63 0.47 0.51 0.94 0.24 0.33 0.35 0.75 ]
[0.51 0.16 0.24 0.26 0.46 0.93 0.05 0.31 0.17 0.68 0.70 0.19 0.00 0.20 0.04 0.53 0.80 1.00 0.17 0.07 0.33 0.56 0.69 0.93 0.37 0.69 0.73 0.62 0.85 0.32 0.44 0.25 0.86 0.82 0.85 0.32 0.21 0.31 0.70 0.94 0.21 0.31 0.50 0.02 0.09 0.36 0.27 0.13 0.62 0.27 0.56 0.98 0.95 0.19 0.58 0.92 0.80 0.89 0.69 0.37 0.77 1.00 0.53 0.34 0.01 0.18 0.75 0.00 0.11 0.66 0.63 0.91 0.12 0.19 0.41 0.30 0.55 0.65 0.90 0.24 0.72 0.37 0.10 0.11 0.26 0.66 0.25 ]
[0.89 0.51 0.09 0.07 0.55 0.29 0.18 0.13 0.24 0.68 0.89 0.31 0.74 0.03 0.85 0.97 0.81 0.17 1.00 0.61 0.49 0.82 0.53 0.67 0.11 0.99 0.03 0.54 0.21 0.85 0.93 0.77 0.04 0.40 0.18 0.93 0.10 0.11 0.68 0.84 0.39 0.50 0.07 0.34 0.36 0.79 0.44 0.94 0.11 0.11 0.13 0.40 0.43 0.43 0.73 0.39 0.53 0.49 0.72 0.55 0.47 0.88 0.90 0.23 0.41 0.04 0.93 0.59 0.67 0.18 0.25 0.37 0.64 0.15 0.72 0.18 0.32 0.53 0.16 0.92 0.00 0.32 1.00 0.30 0.66 0.96 0.69 ]
[0.26 0.22 0.46 0.57 0.44 1.00 0.02 0.73 0.03 0.50 0.39 0.93 0.70 0.56 0.35 0.51 0.02 0.07 0.61 1.00 0.67 0.34 0.45 0.15 0.43 0.51 0.16 0.63 0.77 0.87 0.05 0.05 0.56 0.83 0.40 0.92 0.55 0.46 0.47 0.86 0.67 0.88 0.55 0.52 0.34 0.08 0.74 0.06 0.40 0.11 0.72 0.51 0.66 0.80 0.62 0.90 0.88 0.37 0.24 0.93 0.01 0.51 0.54 0.91 0.81 0.88 0.71 0.03 0.13 0.25 1.00 0.36 0.43 0.97 0.96 0.02 0.12 0.94 0.03 0.13 0.25 0.08 0.99 0.10 0.58 0.26 0.65 ]
[0.55 0.61 0.18 0.24 0.19 0.26 1.00 0.79 0.60 0.23 0.81 0.75 0.67 0.64 0.54 0.65 0.43 0.33 0.49 0.67 1.00 0.78 0.13 0.83 0.04 0.35 0.45 0.95 0.52 0.87 0.63 0.93 0.44 0.15 0.59 0.89 0.43 0.29 0.39 0.67 0.61 0.69 0.66 0.45 0.17 0.06 0.92 0.73 0.04 0.91 0.63 0.25 0.65 0.81 0.98 0.84 0.49 0.91 0.14 0.77 0.26 0.49 0.48 0.35 0.87 0.89 0.66 0.81 0.68 0.58 0.00 0.49 0.55 0.31 0.08 0.79 0.66 0.41 0.70 0.25 0.22 0.60 0.60 0.67 0.31 0.51 0.85 ]
[0.09 0.09 0.56 0.77 0.29 0.47 0.33 0.70 0.48 0.50 0.06 0.27 0.98 0.69 0.04 0.50 0.52 0.56 0.82 0.34 0.78 1.00 0.90 0.42 0.45 0.97 0.55 0.78 0.57 0.15 0.68 0.63 0.17 0.72 0.01 0.39 0.47 0.73 0.35 0.76 0.91 0.49 0.55 0.53 0.29 0.68 0.10 0.18 0.70 0.04 0.63 0.96 0.08 0.61 0.05 0.45 0.82 0.46 0.82 0.90 0.44 0.98 0.54 0.06 0.53 0.15 0.14 0.11 0.21 0.27 0.69 0.43 0.65 0.34 0.36 0.33 0.41 0.10 0.29 0.87 0.58 0.35 0.83 0.65 0.47 0.30 0.41 ]
[0.11 0.59 0.32 0.41 0.12 0.48 0.21 0.75 0.59 0.64 0.40 0.90 0.87 0.47 0.27 0.37 0.20 0.69 0.53 0.45 0.13 0.90 1.00 0.65 0.81 0.47 0.31 0.83 0.67 0.52 0.26 0.81 0.12 0.15 0.77 0.51 0.56 0.68 0.31 0.10 0.01 0.15 0.80 0.86 0.07 0.48 0.94 0.71 0.68 0.68 0.23 0.54 0.99 0.87 0.97 0.27 0.29 0.71 0.77 0.47 0.26 0.68 0.33 0.20 0.56 0.82 0.50 0.84 0.65 0.78 0.42 0.66 0.30 0.46 0.30 0.01 0.45 0.75 0.97 0.21 0.85 0.67 0.91 0.67 0.05 0.19 0.46 ]
[0.06 0.23 0.19 0.85 0.56 0.78 0.05 0.29 0.40 0.54 0.60 0.45 0.90 0.12 0.38 0.85 0.35 0.93 0.67 0.15 0.83 0.42 0.65 1.00 0.35 0.46 0.03 0.04 0.00 0.56 0.97 0.01 0.56 0.40 0.28 0.60 0.03 0.22 0.04 0.57 0.50 0.17 0.70 0.10 0.27 0.77 0.64 0.50 0.80 0.84 0.92 0.00 0.35 0.31 0.21 0.84 0.60 0.71 0.11 0.83 0.13 0.97 0.35 0.70 0.73 0.19 0.33 0.46 0.85 0.10 0.28 0.81 0.98 0.30 0.41 0.91 0.23 0.84 0.32 0.04 0.42 0.79 0.03 0.71 0.31 0.03 0.04 ]
[0.45 0.69 0.22 0.45 0.83 0.61 0.25 0.17 0.37 0.69 0.03 0.87 0.76 0.38 0.71 0.80 0.10 0.37 0.11 0.43 0.04 0.45 0.81 0.35 1.00 0.29 0.75 0.55 0.07 0.97 0.60 0.63 0.28 0.67 0.97 0.94 0.94 0.66 0.07 0.08 0.97 0.37 0.94 0.56 0.60 0.87 0.35 0.58 0.68 0.86 0.94 0.02 0.11 0.82 0.20 0.79 0.93 0.71 0.94 0.54 0.55 0.08 0.55 0.37 0.15 0.42 0.04 0.77 0.42 0.80 0.71 0.99 1.00 0.68 0.62 0.00 0.20 0.87 0.19 0.28 0.16 0.99 0.69 0.91 0.79 0.40 0.19 ]
[0.17 0.42 0.97 0.80 0.84 0.05 0.40 0.84 0.97 0.39 0.93 0.83 0.16 0.61 0.65 0.60 0.93 0.69 0.99 0.51 0.35 0.97 0.47 0.46 0.29 1.00 0.08 0.70 0.01 0.31 0.98 0.31 0.73 0.19 0.89 0.47 0.02 0.72 0.94 0.80 0.62 0.68 0.68 0.78 0.10 0.11 0.73 0.01 0.26 0.76 0.41 0.79 0.52 0.11 0.99 0.07 0.58 0.49 0.55 0.94 0.54 0.48 0.98 0.30 0.38 0.73 0.74 0.38 0.09 0.91 0.55 0.42 0.59 0.61 0.01 0.27 0.41 0.56 0.07 0.80 0.75 0.69 0.46 1.00 0.84 0.80 0.86 ]
[0.28 0.13 0.08 0.74 0.75 0.29 0.15 0.89 0.10 0.04 0.69 0.79 0.23 0.68 0.07 0.20 0.52 0.73 0.03 0.16 0.45 0.55 0.31 0.03 0.75 0.08 1.00 0.88 0.14 0.96 0.84 0.20 0.99 0.32 0.20 0.75 0.16 0.06 0.88 0.40 0.75 0.94 0.51 0.53 0.34 0.06 0.30 0.47 0.87 0.53 0.83 0.81 0.23 0.90 0.17 0.64 0.96 0.07 0.38 0.02 0.14 0.81 0.81 0.23 0.71 0.44 0.89 0.51 0.02 0.68 0.10 0.10 0.64 0.97 0.32 0.41 0.25 0.51 0.45 0.44 0.64 0.07 0.27 0.90 0.36 0.08 0.94 ]
[0.68 0.90 0.13 0.06 0.77 0.54 0.54 0.80 0.24 0.96 0.42 0.19 0.33 0.31 0.64 0.76 0.49 0.62 0.54 0.63 0.95 0.78 0.83 0.04 0.55 0.70 0.88 1.00 0.89 0.33 0.40 0.55 0.28 0.18 0.45 0.29 0.49 0.39 0.93 0.97 0.32 0.08 0.70 0.69 0.96 0.03 0.36 0.57 0.40 0.31 0.30 0.22 0.70 0.55 0.61 0.75 0.21 0.62 0.86 0.68 0.36 0.82 0.79 0.76 0.34 0.23 0.39 0.37 0.56 0.02 0.23 0.96 0.82 0.51 0.54 0.32 0.66 0.50 0.06 0.79 0.60 0.99 0.98 0.43 0.15 0.01 0.97 ]
[0.99 0.60 0.36 0.39 0.00 0.77 0.90 0.03 0.83 0.28 0.65 0.80 0.43 0.67 0.71 0.43 0.82 0.85 0.21 0.77 0.52 0.57 0.67 0.00 0.07 0.01 0.14 0.89 1.00 0.25 0.06 0.14 0.09 0.54 0.49 0.62 0.98 0.71 0.82 0.59 0.59 0.03 0.68 0.64 0.41 0.93 0.01 0.16 0.51 0.38 0.32 0.01 0.91 0.73 0.10 0.79 0.29 0.44 0.86 0.38 0.30 0.24 0.20 0.80 0.21 0.04 0.06 0.45 0.61 0.46 0.54 0.15 0.78 0.02 0.35 0.88 0.12 0.03 0.17 0.24 0.42 0.01 0.83 0.84 0.18 0.50 0.37 ]
[0.40 0.69 0.65 0.16 0.07 0.09 0.93 0.66 0.27 0.42 0.14 0.12 0.83 0.45 0.44 0.12 0.76 0.32 0.85 0.87 0.87 0.15 0.52 0.56 0.97 0.31 0.96 0.33 0.25 1.00 0.87 0.19 0.54 0.79 0.26 0.41 0.56 0.47 0.65 0.30 0.77 0.50 0.58 0.12 0.61 0.50 0.17 0.81 0.49 0.22 0.56 0.12 0.78 0.83 0.56 0.12 0.57 0.70 0.13 0.80 0.37 0.62 0.65 0.32 0.99 0.56 0.99 0.42 0.99 0.77 0.91 0.07 0.15 0.48 0.57 0.21 0.04 0.91 0.19 0.47 0.04 0.25 0.48 0.89 0.64 0.18 0.24 ]
[0.38 0.72 0.07 0.70 0.78 0.02 0.28 0.25 0.52 0.08 0.39 0.55 0.23 0.85 0.65 0.23 0.94 0.44 0.93 0.05 0.63 0.68 0.26 0.97 0.60 0.98 0.84 0.40 0.06 0.87 1.00 0.77 0.51 0.02 0.84 0.53 0.39 0.46 0.73 0.20 0.42 0.28 0.66 0.13 0.94 0.74 0.21 0.23 0.80 0.40 0.14 0.17 0.01 0.05 0.32 0.59 0.69 0.20 0.74 0.16 0.37 0.54 0.88 0.88 0.63 0.84 0.18 0.03 1.00 0.18 0.61 0.83 0.79 0.18 0.02 0.26 0.17 0.92 0.69 0.19 0.76 0.37 0.81 0.15 0.76 0.97 0.60 ]
[0.07 0.72 0.01 0.35 0.04 0.16 0.74 0.48 0.68 0.60 0.18 0.05 0.07 0.29 0.47 0.40 0.00 0.25 0.77 0.05 0.93 0.63 0.81 0.01 0.63 0.31 0.20 0.55 0.14 0.19 0.77 1.00 0.47 0.44 0.98 0.10 0.21 0.68 0.32 0.26 0.77 0.60 0.46 0.75 0.18 0.12 0.50 0.32 0.27 0.95 0.41 0.71 0.48 0.85 0.15 0.20 0.01 0.32 0.17 0.55 0.52 0.35 0.64 0.26 0.90 0.35 0.93 0.59 0.70 0.11 0.35 0.17 0.40 0.92 0.87 0.40 0.21 0.69 0.51 0.64 0.61 0.92 0.58 0.67 0.85 0.83 0.84 ]
[0.93 0.62 0.04 0.46 0.63 0.61 0.60 0.87 0.51 0.98 0.41 0.61 0.37 0.52 0.40 0.43 1.00 0.86 0.04 0.56 0.44 0.17 0.12 0.56 0.28 0.73 0.99 0.28 0.09 0.54 0.51 0.47 1.00 0.27 0.64 0.94 0.49 0.71 0.27 0.44 0.63 0.06 0.93 0.82 0.71 0.35 0.72 0.45 0.67 0.02 0.25 0.08 0.96 0.02 0.99 0.40 0.97 0.62 0.76 0.53 0.33 0.85 0.92 0.57 0.78 0.11 0.39 0.21 0.42 0.82 0.23 0.08 0.96 0.29 0.86 0.75 0.74 0.87 0.68 0.41 0.35 0.83 0.05 0.44 0.35 0.86 0.72 ]
[0.66 0.71 0.88 0.66 0.80 0.32 0.44 0.64 0.17 0.38 0.39 0.09 0.74 0.01 0.80 0.97 0.30 0.82 0.40 0.83 0.15 0.72 0.15 0.40 0.67 0.19 0.32 0.18 0.54 0.79 0.02 0.44 0.27 1.00 0.96 0.24 0.53 1.00 0.75 0.45 0.09 0.12 0.21 0.83 0.04 0.07 0.38 0.74 0.19 0.07 0.74 0.61 0.60 0.46 0.21 0.68 0.75 0.23 0.49 0.31 0.86 0.51 0.28 0.10 0.71 0.92 0.38 0.91 0.60 0.43 0.61 0.16 0.92 0.44 0.64 0.27 0.61 0.97 0.58 0.83 0.35 0.08 0.51 0.87 0.78 0.38 0.76 ]
[0.48 0.39 0.07 0.66 0.97 0.53 0.11 0.81 0.21 0.40 0.28 0.78 0.88 0.37 0.20 0.92 0.08 0.85 0.18 0.40 0.59 0.01 0.77 0.28 0.97 0.89 0.20 0.45 0.49 0.26 0.84 0.98 0.64 0.96 1.00 0.75 0.82 0.99 0.12 0.46 0.04 0.52 0.90 0.31 0.21 0.40 0.27 0.75 0.15 0.19 0.57 0.23 0.51 0.43 0.51 0.60 0.72 0.48 0.04 0.07 0.54 0.54 0.71 0.08 0.05 0.81 0.80 0.01 0.98 0.76 0.32 0.50 0.87 0.74 0.11 0.15 0.12 0.27 0.16 0.30 0.34 0.38 0.43 0.23 0.09 0.03 0.82 ]
[0.84 0.96 0.11 0.74 0.50 0.25 0.02 0.08 0.04 0.67 0.76 0.56 0.71 0.71 0.65 0.85 0.66 0.32 0.93 0.92 0.89 0.39 0.51 0.60 0.94 0.47 0.75 0.29 0.62 0.41 0.53 0.10 0.94 0.24 0.75 1.00 0.74 0.62 0.12 1.00 0.50 0.24 0.28 0.25 0.40 0.72 0.63 0.18 0.93 0.31 0.03 0.40 0.43 0.95 0.83 0.99 0.60 0.62 0.98 0.70 0.58 0.79 0.06 0.29 0.05 0.44 0.58 0.77 0.55 0.28 0.95 0.91 0.19 0.38 0.59 0.89 0.36 0.97 0.69 0.49 0.64 0.64 0.11 0.17 0.78 0.51 0.79 ]
[0.72 0.55 0.91 0.18 0.51 0.43 0.60 0.08 0.27 0.83 0.60 0.47 0.02 0.31 0.27 0.88 0.40 0.21 0.10 0.55 0.43 0.47 0.56 0.03 0.94 0.02 0.16 0.49 0.98 0.56 0.39 0.21 0.49 0.53 0.82 0.74 1.00 0.28 0.65 0.56 0.72 0.06 0.55 0.25 0.17 0.96 0.65 0.16 0.17 0.98 0.47 0.01 0.87 0.37 0.39 0.87 0.59 0.93 0.06 0.57 0.90 0.45 0.76 0.78 0.33 0.04 0.09 0.67 0.61 0.11 0.71 0.02 0.37 0.70 0.59 0.51 0.95 0.23 0.69 0.98 0.66 0.21 0.35 0.39 0.93 0.81 0.66 ]
[0.05 0.12 0.93 0.43 0.62 0.95 0.64 0.66 0.73 0.58 0.25 0.34 0.91 0.89 0.97 0.60 0.87 0.31 0.11 0.46 0.29 0.73 0.68 0.22 0.66 0.72 0.06 0.39 0.71 0.47 0.46 0.68 0.71 1.00 0.99 0.62 0.28 1.00 0.74 0.78 0.31 0.47 0.86 0.88 0.53 0.92 0.09 0.20 0.58 0.25 0.27 0.38 0.81 0.67 0.73 0.46 0.53 0.25 0.02 0.37 0.91 0.67 0.63 0.61 0.28 0.35 0.13 0.53 0.95 0.23 0.81 0.89 0.46 0.47 0.73 0.10 0.76 0.86 0.05 0.81 0.93 0.19 0.58 0.93 0.10 0.89 0.10 ]
[0.90 0.87 0.86 0.62 0.57 0.29 0.56 0.48 0.56 0.62 0.07 0.07 0.56 0.11 0.18 0.49 0.13 0.70 0.68 0.47 0.39 0.35 0.31 0.04 0.07 0.94 0.88 0.93 0.82 0.65 0.73 0.32 0.27 0.75 0.12 0.12 0.65 0.74 1.00 0.94 0.34 0.05 0.23 0.27 0.91 0.22 0.39 0.92 0.77 0.27 0.62 0.21 0.08 0.63 0.10 0.69 0.87 0.48 0.03 0.72 0.34 0.57 0.12 0.66 0.38 0.95 0.99 0.02 0.55 0.03 0.42 0.47 0.54 0.45 0.94 0.31 0.65 0.28 0.14 0.50 0.26 0.27 0.27 0.30 0.09 0.40 0.50 ]
[0.77 0.74 0.63 0.29 0.13 0.76 0.88 0.41 0.28 0.64 0.72 0.69 0.23 0.80 0.90 0.49 0.63 0.94 0.84 0.86 0.67 0.76 0.10 0.57 0.08 0.80 0.40 0.97 0.59 0.30 0.20 0.26 0.44 0.45 0.46 1.00 0.56 0.78 0.94 1.00 0.83 0.59 0.35 0.75 0.48 0.67 0.42 0.62 0.65 0.59 0.32 0.92 0.07 0.40 0.94 0.17 0.76 0.37 0.51 0.16 0.23 0.93 0.54 0.92 0.43 0.05 0.03 0.94 0.18 0.73 0.08 0.94 0.34 0.66 0.85 0.08 0.66 0.98 0.26 0.72 0.70 0.95 0.42 0.99 0.06 0.21 0.80 ]
[0.68 0.90 0.38 0.80 0.55 0.04 0.93 0.12 0.74 0.02 0.97 0.55 0.49 0.03 0.92 0.35 0.06 0.21 0.39 0.67 0.61 0.91 0.01 0.50 0.97 0.62 0.75 0.32 0.59 0.77 0.42 0.77 0.63 0.09 0.04 0.50 0.72 0.31 0.34 0.83 1.00 0.32 0.08 0.05 0.77 0.48 0.51 0.50 0.13 0.46 0.61 0.35 0.25 0.99 0.67 0.20 0.26 0.89 0.17 0.89 0.84 0.78 0.50 0.78 0.36 0.44 0.30 0.37 0.17 0.39 0.11 0.79 0.56 0.69 0.94 0.11 0.85 0.88 0.43 0.96 0.09 0.46 0.74 0.22 0.91 0.29 0.37 ]
[0.09 0.22 0.43 0.70 0.98 0.75 0.16 0.91 0.22 0.30 0.38 0.77 0.73 0.10 0.79 0.89 0.95 0.31 0.50 0.88 0.69 0.49 0.15 0.17 0.37 0.68 0.94 0.08 0.03 0.50 0.28 0.60 0.06 0.12 0.52 0.24 0.06 0.47 0.05 0.59 0.32 1.00 0.75 0.01 0.46 0.62 0.99 0.05 0.28 0.62 0.13 0.39 0.49 0.75 0.47 0.26 0.39 0.94 0.44 0.54 0.12 0.58 0.97 1.00 0.66 0.70 0.70 0.89 0.86 0.99 0.43 0.45 0.22 0.18 0.71 0.90 0.89 0.29 0.75 0.89 0.26 0.78 0.31 0.47 0.01 0.80 0.51 ]
[0.49 0.35 0.39 0.95 0.63 0.12 0.11 0.16 0.01 0.07 0.89 0.60 0.61 0.71 0.09 0.22 0.56 0.50 0.07 0.55 0.66 0.55 0.80 0.70 0.94 0.68 0.51 0.70 0.68 0.58 0.66 0.46 0.93 0.21 0.90 0.28 0.55 0.86 0.23 0.35 0.08 0.75 1.00 0.98 0.57 0.41 0.96 0.57 0.08 0.11 0.90 0.22 0.22 0.18 0.41 0.43 0.46 0.46 0.88 0.26 0.87 0.50 0.65 0.24 0.90 0.10 0.86 0.87 0.26 0.20 0.43 0.67 0.69 0.79 0.95 0.58 0.13 0.70 0.84 0.43 0.30 0.00 0.86 0.82 0.38 0.69 0.26 ]
[0.89 0.71 0.02 0.09 0.27 1.00 0.95 0.69 0.62 0.93 0.57 0.12 0.56 0.53 0.23 0.26 0.46 0.02 0.34 0.52 0.45 0.53 0.86 0.10 0.56 0.78 0.53 0.69 0.64 0.12 0.13 0.75 0.82 0.83 0.31 0.25 0.25 0.88 0.27 0.75 0.05 0.01 0.98 1.00 0.94 0.32 0.39 0.78 0.92 0.71 0.74 0.06 0.78 0.74 0.48 0.28 0.00 0.63 0.20 0.38 0.03 0.33 0.78 0.79 0.46 0.11 0.98 0.61 0.01 0.30 0.70 0.98 0.90 0.24 0.90 0.78 0.87 0.69 0.49 0.30 0.78 0.96 0.19 0.01 0.89 0.99 0.87 ]
[0.29 0.13 0.54 0.11 0.04 0.50 0.68 0.76 0.36 0.36 0.48 0.52 0.79 0.48 0.51 0.79 0.96 0.09 0.36 0.34 0.17 0.29 0.07 0.27 0.60 0.10 0.34 0.96 0.41 0.61 0.94 0.18 0.71 0.04 0.21 0.40 0.17 0.53 0.91 0.48 0.77 0.46 0.57 0.94 1.00 0.18 0.07 0.80 0.41 0.73 0.10 0.43 0.68 0.55 0.19 0.33 0.39 0.34 0.43 0.44 0.79 0.91 0.75 0.81 0.91 0.80 0.04 0.16 0.57 0.13 0.88 0.88 0.25 0.46 0.39 0.67 0.25 0.68 0.70 0.11 0.48 0.19 0.44 0.88 0.23 0.21 0.80 ]
[0.57 0.06 0.15 0.35 0.74 0.22 0.22 0.24 0.83 0.06 0.03 0.30 0.36 0.22 0.08 0.89 0.64 0.36 0.79 0.08 0.06 0.68 0.48 0.77 0.87 0.11 0.06 0.03 0.93 0.50 0.74 0.12 0.35 0.07 0.40 0.72 0.96 0.92 0.22 0.67 0.48 0.62 0.41 0.32 0.18 1.00 0.69 0.35 0.02 0.20 0.61 0.43 0.90 0.11 0.81 0.17 0.37 0.77 0.72 0.89 0.45 0.33 0.89 0.16 0.28 0.08 0.97 0.90 0.77 0.55 0.66 0.68 1.00 0.78 0.62 0.05 0.28 0.44 0.64 0.05 0.74 0.64 0.87 0.74 0.40 0.75 0.29 ]
[0.96 0.02 0.04 0.83 0.15 0.51 0.66 0.97 0.60 0.92 0.87 0.57 0.63 0.59 0.14 0.08 0.59 0.27 0.44 0.74 0.92 0.10 0.94 0.64 0.35 0.73 0.30 0.36 0.01 0.17 0.21 0.50 0.72 0.38 0.27 0.63 0.65 0.09 0.39 0.42 0.51 0.99 0.96 0.39 0.07 0.69 1.00 0.86 0.04 0.15 0.12 0.51 0.08 0.07 0.78 0.46 0.82 0.50 0.40 0.53 0.81 0.83 0.89 0.39 0.58 0.26 0.65 1.00 0.69 0.75 0.98 0.73 0.40 0.14 0.14 0.91 0.17 0.62 0.52 0.09 0.40 0.70 0.62 0.33 0.39 0.70 0.33 ]
[0.06 0.13 0.37 0.87 0.47 0.10 0.46 0.55 0.97 0.23 0.48 0.78 0.78 0.03 0.90 0.09 0.77 0.13 0.94 0.06 0.73 0.18 0.71 0.50 0.58 0.01 0.47 0.57 0.16 0.81 0.23 0.32 0.45 0.74 0.75 0.18 0.16 0.20 0.92 0.62 0.50 0.05 0.57 0.78 0.80 0.35 0.86 1.00 0.92 0.43 0.47 0.75 0.74 0.18 0.62 0.12 0.83 0.15 0.07 0.19 0.10 0.24 0.23 0.10 0.42 0.02 0.47 0.45 0.66 0.87 0.95 0.21 0.94 0.24 0.44 0.22 0.67 0.80 0.43 0.59 0.60 0.66 0.34 0.15 0.02 0.89 0.08 ]
[0.13 0.03 0.54 0.02 0.88 0.07 0.68 0.88 0.95 0.26 0.99 0.31 0.56 0.31 0.37 0.68 0.68 0.62 0.11 0.40 0.04 0.70 0.68 0.80 0.68 0.26 0.87 0.40 0.51 0.49 0.80 0.27 0.67 0.19 0.15 0.93 0.17 0.58 0.77 0.65 0.13 0.28 0.08 0.92 0.41 0.02 0.04 0.92 1.00 0.33 0.41 0.93 0.28 0.93 0.91 0.57 0.30 0.03 0.33 0.85 0.62 0.85 0.97 0.15 0.98 0.64 0.08 0.65 0.56 0.55 0.86 0.83 0.60 0.38 0.51 0.42 0.89 0.39 0.43 0.46 0.47 0.14 0.67 0.43 0.13 0.39 0.07 ]
[0.54 0.28 0.63 0.31 0.95 0.55 0.26 0.86 0.58 0.34 0.66 0.54 0.25 0.37 0.22 0.93 1.00 0.27 0.11 0.11 0.91 0.04 0.68 0.84 0.86 0.76 0.53 0.31 0.38 0.22 0.40 0.95 0.02 0.07 0.19 0.31 0.98 0.25 0.27 0.59 0.46 0.62 0.11 0.71 0.73 0.20 0.15 0.43 0.33 1.00 0.69 0.01 0.39 0.76 0.04 0.70 0.17 0.14 0.82 0.03 0.14 0.25 0.33 0.72 0.74 0.07 0.37 0.50 0.45 0.31 0.46 0.69 0.83 0.85 0.60 0.56 0.96 0.08 0.66 0.84 0.32 0.07 0.32 0.13 0.13 0.79 0.44 ]
[0.45 0.89 0.54 0.70 0.61 0.32 0.72 0.82 0.42 0.37 0.29 0.98 0.75 0.91 0.39 0.24 0.77 0.56 0.13 0.72 0.63 0.63 0.23 0.92 0.94 0.41 0.83 0.30 0.32 0.56 0.14 0.41 0.25 0.74 0.57 0.03 0.47 0.27 0.62 0.32 0.61 0.13 0.90 0.74 0.10 0.61 0.12 0.47 0.41 0.69 1.00 0.83 0.51 0.73 0.76 0.44 0.09 0.60 0.38 0.35 0.49 0.16 0.64 0.45 0.67 0.28 0.85 0.03 0.40 0.62 0.54 0.02 0.23 0.07 0.01 0.29 0.74 0.55 0.47 0.99 0.64 0.25 0.97 0.46 0.71 0.44 0.02 ]
[0.34 0.34 0.26 0.44 0.92 0.49 0.97 0.36 0.84 0.62 0.29 0.26 0.04 0.90 0.31 0.35 0.00 0.98 0.40 0.51 0.25 0.96 0.54 0.00 0.02 0.79 0.81 0.22 0.01 0.12 0.17 0.71 0.08 0.61 0.23 0.40 0.01 0.38 0.21 0.92 0.35 0.39 0.22 0.06 0.43 0.43 0.51 0.75 0.93 0.01 0.83 1.00 0.72 0.85 0.92 0.57 0.70 0.91 0.11 0.10 0.11 0.43 0.17 0.21 0.77 0.98 0.77 0.22 0.74 0.87 0.81 0.75 0.66 0.24 0.06 0.77 0.73 0.45 0.96 0.93 0.57 0.76 0.21 0.58 0.34 0.92 0.57 ]
[0.31 0.52 0.36 0.05 0.29 0.15 0.17 0.94 0.80 0.80 0.40 0.99 0.06 0.19 0.75 0.02 0.31 0.95 0.43 0.66 0.65 0.08 0.99 0.35 0.11 0.52 0.23 0.70 0.91 0.78 0.01 0.48 0.96 0.60 0.51 0.43 0.87 0.81 0.08 0.07 0.25 0.49 0.22 0.78 0.68 0.90 0.08 0.74 0.28 0.39 0.51 0.72 1.00 0.87 0.93 0.65 0.08 0.24 0.90 0.19 0.49 0.35 0.31 0.74 0.75 0.40 0.44 0.36 0.80 0.30 0.55 0.39 0.21 0.76 0.01 0.13 0.83 0.65 0.01 0.21 0.14 0.88 0.16 0.29 0.31 0.27 0.93 ]
[0.00 0.73 0.68 0.24 0.59 0.46 0.40 0.37 0.21 0.08 0.90 0.48 0.60 0.26 0.43 0.29 0.24 0.19 0.43 0.80 0.81 0.61 0.87 0.31 0.82 0.11 0.90 0.55 0.73 0.83 0.05 0.85 0.02 0.46 0.43 0.95 0.37 0.67 0.63 0.40 0.99 0.75 0.18 0.74 0.55 0.11 0.07 0.18 0.93 0.76 0.73 0.85 0.87 1.00 0.07 0.86 0.82 0.99 0.35 0.31 0.16 0.01 0.10 0.43 0.40 0.80 0.75 0.10 0.84 0.12 0.71 0.66 0.43 0.36 0.47 0.76 0.42 0.76 0.39 0.03 0.95 0.36 0.04 0.43 0.81 0.55 0.89 ]
[0.30 0.61 0.89 0.90 0.30 0.47 0.91 0.13 0.92 0.45 0.76 0.77 0.93 0.48 0.54 0.34 0.12 0.58 0.73 0.62 0.98 0.05 0.97 0.21 0.20 0.99 0.17 0.61 0.10 0.56 0.32 0.15 0.99 0.21 0.51 0.83 0.39 0.73 0.10 0.94 0.67 0.47 0.41 0.48 0.19 0.81 0.78 0.62 0.91 0.04 0.76 0.92 0.93 0.07 1.00 0.89 0.72 0.09 0.29 0.07 0.44 0.14 0.46 0.64 0.89 0.37 0.02 0.75 0.37 0.49 0.71 0.31 0.01 0.49 0.58 0.81 0.11 0.77 0.19 0.30 0.80 0.26 0.92 0.42 0.16 0.87 0.64 ]
[0.91 0.23 0.69 0.84 0.82 0.85 0.30 0.53 0.56 0.51 0.57 0.79 0.36 0.66 0.99 0.58 0.41 0.92 0.39 0.90 0.84 0.45 0.27 0.84 0.79 0.07 0.64 0.75 0.79 0.12 0.59 0.20 0.40 0.68 0.60 0.99 0.87 0.46 0.69 0.17 0.20 0.26 0.43 0.28 0.33 0.17 0.46 0.12 0.57 0.70 0.44 0.57 0.65 0.86 0.89 1.00 0.36 0.82 0.13 0.40 0.09 0.36 0.49 0.84 0.53 0.11 0.91 0.36 0.26 0.83 0.55 0.82 0.96 0.05 0.26 0.66 0.76 0.06 0.89 0.83 0.02 0.12 0.29 0.56 0.48 0.40 0.04 ]
[0.40 0.55 0.74 0.11 0.26 0.52 0.56 0.02 0.28 0.07 0.55 0.91 0.46 0.51 0.51 0.80 0.18 0.80 0.53 0.88 0.49 0.82 0.29 0.60 0.93 0.58 0.96 0.21 0.29 0.57 0.69 0.01 0.97 0.75 0.72 0.60 0.59 0.53 0.87 0.76 0.26 0.39 0.46 0.00 0.39 0.37 0.82 0.83 0.30 0.17 0.09 0.70 0.08 0.82 0.72 0.36 1.00 0.29 0.93 0.42 0.35 0.23 0.99 0.80 0.58 0.80 0.96 0.24 0.56 0.15 0.73 0.79 0.47 0.95 0.11 0.30 0.52 0.60 0.31 0.23 0.66 0.53 0.42 0.66 0.52 0.27 0.50 ]
[0.20 0.52 0.94 0.10 0.84 0.85 0.93 0.72 0.10 0.97 0.05 0.06 0.85 0.37 0.12 0.46 0.59 0.89 0.49 0.37 0.91 0.46 0.71 0.71 0.71 0.49 0.07 0.62 0.44 0.70 0.20 0.32 0.62 0.23 0.48 0.62 0.93 0.25 0.48 0.37 0.89 0.94 0.46 0.63 0.34 0.77 0.50 0.15 0.03 0.14 0.60 0.91 0.24 0.99 0.09 0.82 0.29 1.00 0.79 1.00 0.57 0.74 0.65 0.43 0.53 0.56 0.46 0.97 0.92 0.58 0.73 0.59 0.68 0.85 0.27 0.76 0.73 0.49 0.03 0.68 0.12 0.08 1.00 0.05 0.38 0.21 0.83 ]
[0.75 0.94 0.69 0.58 0.79 0.12 0.64 0.78 0.16 0.46 0.81 0.99 0.18 0.10 0.28 0.75 0.26 0.69 0.72 0.24 0.14 0.82 0.77 0.11 0.94 0.55 0.38 0.86 0.86 0.13 0.74 0.17 0.76 0.49 0.04 0.98 0.06 0.02 0.03 0.51 0.17 0.44 0.88 0.20 0.43 0.72 0.40 0.07 0.33 0.82 0.38 0.11 0.90 0.35 0.29 0.13 0.93 0.79 1.00 0.01 0.43 0.79 0.93 0.03 0.50 0.26 0.16 0.40 0.89 0.22 0.66 0.80 0.26 0.31 0.53 0.21 0.89 0.54 0.32 0.08 0.91 0.54 0.29 0.82 0.32 0.72 0.70 ]
[0.13 0.57 0.36 0.96 0.89 0.06 0.94 0.58 0.12 0.59 0.80 0.98 0.84 0.12 0.64 0.92 0.38 0.37 0.55 0.93 0.77 0.90 0.47 0.83 0.54 0.94 0.02 0.68 0.38 0.80 0.16 0.55 0.53 0.31 0.07 0.70 0.57 0.37 0.72 0.16 0.89 0.54 0.26 0.38 0.44 0.89 0.53 0.19 0.85 0.03 0.35 0.10 0.19 0.31 0.07 0.40 0.42 1.00 0.01 1.00 0.67 0.76 0.06 0.89 0.26 0.05 0.37 0.88 0.30 0.61 0.32 0.93 0.48 0.64 0.87 0.82 0.95 0.61 0.28 0.14 0.41 0.34 0.72 0.69 0.58 0.88 0.46 ]
[0.78 0.34 0.41 0.55 0.01 0.64 1.00 0.58 0.22 0.03 0.49 0.36 0.73 0.42 0.81 0.66 0.97 0.77 0.47 0.01 0.26 0.44 0.26 0.13 0.55 0.54 0.14 0.36 0.30 0.37 0.37 0.52 0.33 0.86 0.54 0.58 0.90 0.91 0.34 0.23 0.84 0.12 0.87 0.03 0.79 0.45 0.81 0.10 0.62 0.14 0.49 0.11 0.49 0.16 0.44 0.09 0.35 0.57 0.43 0.67 1.00 0.68 0.87 0.78 0.44 0.50 0.86 0.34 0.34 0.99 0.12 0.27 0.42 0.43 0.82 0.35 0.62 0.36 0.12 0.50 0.99 0.64 0.80 0.11 0.06 0.14 0.51 ]
[0.95 0.01 0.01 0.93 0.52 0.63 0.61 0.40 0.48 0.78 0.48 0.03 0.91 1.00 0.65 0.86 0.91 1.00 0.88 0.51 0.49 0.98 0.68 0.97 0.08 0.48 0.81 0.82 0.24 0.62 0.54 0.35 0.85 0.51 0.54 0.79 0.45 0.67 0.57 0.93 0.78 0.58 0.50 0.33 0.91 0.33 0.83 0.24 0.85 0.25 0.16 0.43 0.35 0.01 0.14 0.36 0.23 0.74 0.79 0.76 0.68 1.00 0.13 1.00 0.70 0.43 0.91 0.22 0.98 0.05 0.76 0.59 0.99 0.70 0.40 0.39 0.48 0.38 0.46 0.23 0.99 0.41 0.18 0.91 0.46 0.07 0.03 ]
[0.94 0.65 0.43 0.69 0.07 0.82 0.89 0.43 0.13 0.78 0.99 0.12 0.87 0.57 0.74 0.73 0.19 0.53 0.90 0.54 0.48 0.54 0.33 0.35 0.55 0.98 0.81 0.79 0.20 0.65 0.88 0.64 0.92 0.28 0.71 0.06 0.76 0.63 0.12 0.54 0.50 0.97 0.65 0.78 0.75 0.89 0.89 0.23 0.97 0.33 0.64 0.17 0.31 0.10 0.46 0.49 0.99 0.65 0.93 0.06 0.87 0.13 1.00 0.52 0.68 0.47 0.12 0.33 0.36 0.63 0.96 0.40 0.88 0.57 0.06 0.10 0.95 0.25 0.63 0.23 0.39 0.56 0.35 0.36 0.04 0.95 0.26 ]
[0.28 0.46 0.10 0.24 0.63 0.90 0.52 0.02 0.95 0.60 0.18 0.07 0.29 0.17 0.32 0.34 0.55 0.34 0.23 0.91 0.35 0.06 0.20 0.70 0.37 0.30 0.23 0.76 0.80 0.32 0.88 0.26 0.57 0.10 0.08 0.29 0.78 0.61 0.66 0.92 0.78 1.00 0.24 0.79 0.81 0.16 0.39 0.10 0.15 0.72 0.45 0.21 0.74 0.43 0.64 0.84 0.80 0.43 0.03 0.89 0.78 1.00 0.52 1.00 0.41 0.22 0.48 0.85 0.93 0.29 0.56 0.87 0.67 0.42 0.47 0.38 0.18 0.94 0.08 0.52 0.49 0.14 0.65 0.36 0.15 0.10 0.59 ]
[0.66 0.33 0.77 0.08 0.73 0.37 0.27 0.90 0.62 0.59 0.22 0.37 0.88 0.99 0.88 0.62 0.58 0.01 0.41 0.81 0.87 0.53 0.56 0.73 0.15 0.38 0.71 0.34 0.21 0.99 0.63 0.90 0.78 0.71 0.05 0.05 0.33 0.28 0.38 0.43 0.36 0.66 0.90 0.46 0.91 0.28 0.58 0.42 0.98 0.74 0.67 0.77 0.75 0.40 0.89 0.53 0.58 0.53 0.50 0.26 0.44 0.70 0.68 0.41 1.00 0.29 0.09 0.77 0.98 0.04 0.41 0.28 0.08 0.54 0.10 0.76 0.02 0.54 0.71 0.33 0.56 0.01 0.14 0.23 0.97 0.22 0.47 ]
[0.96 0.34 0.44 0.46 0.11 0.95 0.79 0.63 0.56 0.69 0.98 0.19 0.89 0.54 0.93 1.00 0.29 0.18 0.04 0.88 0.89 0.15 0.82 0.19 0.42 0.73 0.44 0.23 0.04 0.56 0.84 0.35 0.11 0.92 0.81 0.44 0.04 0.35 0.95 0.05 0.44 0.70 0.10 0.11 0.80 0.08 0.26 0.02 0.64 0.07 0.28 0.98 0.40 0.80 0.37 0.11 0.80 0.56 0.26 0.05 0.50 0.43 0.47 0.22 0.29 1.00 0.31 0.13 0.40 0.88 0.76 0.24 0.80 0.47 0.85 0.82 0.84 0.39 0.89 0.24 0.15 0.09 0.97 0.87 0.16 0.85 0.32 ]
[0.15 0.66 0.41 0.06 0.87 0.25 0.11 0.36 0.39 0.85 0.81 0.92 0.96 0.32 0.39 0.60 0.34 0.75 0.93 0.71 0.66 0.14 0.50 0.33 0.04 0.74 0.89 0.39 0.06 0.99 0.18 0.93 0.39 0.38 0.80 0.58 0.09 0.13 0.99 0.03 0.30 0.70 0.86 0.98 0.04 0.97 0.65 0.47 0.08 0.37 0.85 0.77 0.44 0.75 0.02 0.91 0.96 0.46 0.16 0.37 0.86 0.91 0.12 0.48 0.09 0.31 1.00 0.96 0.16 0.32 0.68 0.41 0.27 0.75 0.81 0.14 0.78 0.89 0.03 0.76 0.05 0.82 0.60 0.51 0.41 0.27 0.39 ]
[0.20 0.02 0.41 0.09 0.24 0.75 0.26 0.97 0.22 0.93 0.07 0.64 0.15 0.30 0.66 0.94 0.19 0.00 0.59 0.03 0.81 0.11 0.84 0.46 0.77 0.38 0.51 0.37 0.45 0.42 0.03 0.59 0.21 0.91 0.01 0.77 0.67 0.53 0.02 0.94 0.37 0.89 0.87 0.61 0.16 0.90 1.00 0.45 0.65 0.50 0.03 0.22 0.36 0.10 0.75 0.36 0.24 0.97 0.40 0.88 0.34 0.22 0.33 0.85 0.77 0.13 0.96 1.00 0.19 0.35 0.23 0.44 0.49 0.74 0.83 0.18 0.24 0.70 0.46 0.62 0.02 0.52 0.94 0.08 0.83 0.72 0.05 ]
[0.26 0.47 0.36 0.38 0.57 0.88 0.66 0.58 0.05 0.31 0.84 0.45 0.83 0.35 0.70 0.20 0.67 0.11 0.67 0.13 0.68 0.21 0.65 0.85 0.42 0.09 0.02 0.56 0.61 0.99 1.00 0.70 0.42 0.60 0.98 0.55 0.61 0.95 0.55 0.18 0.17 0.86 0.26 0.01 0.57 0.77 0.69 0.66 0.56 0.45 0.40 0.74 0.80 0.84 0.37 0.26 0.56 0.92 0.89 0.30 0.34 0.98 0.36 0.93 0.98 0.40 0.16 0.19 1.00 0.87 0.76 0.42 0.88 0.22 0.87 0.88 0.82 0.70 0.07 0.88 0.57 0.67 0.43 0.35 0.77 0.03 0.01 ]
[0.13 0.51 0.46 0.78 0.97 0.09 0.37 0.08 0.22 0.04 0.78 0.64 0.99 0.89 0.66 0.20 0.42 0.66 0.18 0.25 0.58 0.27 0.78 0.10 0.80 0.91 0.68 0.02 0.46 0.77 0.18 0.11 0.82 0.43 0.76 0.28 0.11 0.23 0.03 0.73 0.39 0.99 0.20 0.30 0.13 0.55 0.75 0.87 0.55 0.31 0.62 0.87 0.30 0.12 0.49 0.83 0.15 0.58 0.22 0.61 0.99 0.05 0.63 0.29 0.04 0.88 0.32 0.35 0.87 1.00 0.11 0.67 0.63 0.72 0.54 0.22 0.86 0.53 0.54 0.95 0.64 0.09 0.93 0.55 0.97 0.78 0.37 ]
[0.58 0.78 0.16 0.87 0.92 0.99 0.55 0.23 0.21 0.29 0.50 0.92 0.58 0.33 0.99 0.13 0.27 0.63 0.25 1.00 0.00 0.69 0.42 0.28 0.71 0.55 0.10 0.23 0.54 0.91 0.61 0.35 0.23 0.61 0.32 0.95 0.71 0.81 0.42 0.08 0.11 0.43 0.43 0.70 0.88 0.66 0.98 0.95 0.86 0.46 0.54 0.81 0.55 0.71 0.71 0.55 0.73 0.73 0.66 0.32 0.12 0.76 0.96 0.56 0.41 0.76 0.68 0.23 0.76 0.11 1.00 0.24 0.50 0.24 0.69 0.55 0.52 0.36 0.29 0.57 0.09 0.89 0.53 0.58 0.56 0.84 0.42 ]
[0.33 0.60 0.46 0.88 0.26 0.15 0.74 0.23 0.88 0.22 0.68 0.34 0.89 0.78 0.02 0.19 0.79 0.91 0.37 0.36 0.49 0.43 0.66 0.81 0.99 0.42 0.10 0.96 0.15 0.07 0.83 0.17 0.08 0.16 0.50 0.91 0.02 0.89 0.47 0.94 0.79 0.45 0.67 0.98 0.88 0.68 0.73 0.21 0.83 0.69 0.02 0.75 0.39 0.66 0.31 0.82 0.79 0.59 0.80 0.93 0.27 0.59 0.40 0.87 0.28 0.24 0.41 0.44 0.42 0.67 0.24 1.00 0.94 0.79 0.26 0.27 0.76 0.39 0.37 0.35 0.03 0.75 0.09 0.71 0.09 0.12 0.54 ]
[0.75 0.06 0.09 0.06 0.16 0.78 0.16 0.35 0.57 0.31 0.66 0.84 0.35 0.36 0.44 0.41 0.54 0.12 0.64 0.43 0.55 0.65 0.30 0.98 1.00 0.59 0.64 0.82 0.78 0.15 0.79 0.40 0.96 0.92 0.87 0.19 0.37 0.46 0.54 0.34 0.56 0.22 0.69 0.90 0.25 1.00 0.40 0.94 0.60 0.83 0.23 0.66 0.21 0.43 0.01 0.96 0.47 0.68 0.26 0.48 0.42 0.99 0.88 0.67 0.08 0.80 0.27 0.49 0.88 0.63 0.50 0.94 1.00 0.41 0.52 0.93 0.80 0.53 0.59 0.57 0.20 0.66 0.56 0.20 0.90 0.85 0.63 ]
[0.62 0.85 0.68 0.36 0.46 0.70 0.09 0.75 0.46 0.99 0.80 0.15 0.22 0.18 0.43 0.91 0.86 0.19 0.15 0.97 0.31 0.34 0.46 0.30 0.68 0.61 0.97 0.51 0.02 0.48 0.18 0.92 0.29 0.44 0.74 0.38 0.70 0.47 0.45 0.66 0.69 0.18 0.79 0.24 0.46 0.78 0.14 0.24 0.38 0.85 0.07 0.24 0.76 0.36 0.49 0.05 0.95 0.85 0.31 0.64 0.43 0.70 0.57 0.42 0.54 0.47 0.75 0.74 0.22 0.72 0.24 0.79 0.41 1.00 0.29 0.16 0.75 0.30 0.57 0.90 0.19 0.98 0.53 0.40 0.49 0.38 0.94 ]
[0.01 0.81 0.35 0.60 0.34 0.03 0.60 0.76 0.37 0.23 0.60 0.71 0.00 0.79 0.41 0.72 0.03 0.41 0.72 0.96 0.08 0.36 0.30 0.41 0.62 0.01 0.32 0.54 0.35 0.57 0.02 0.87 0.86 0.64 0.11 0.59 0.59 0.73 0.94 0.85 0.94 0.71 0.95 0.90 0.39 0.62 0.14 0.44 0.51 0.60 0.01 0.06 0.01 0.47 0.58 0.26 0.11 0.27 0.53 0.87 0.82 0.40 0.06 0.47 0.10 0.85 0.81 0.83 0.87 0.54 0.69 0.26 0.52 0.29 1.00 0.17 0.32 0.13 0.64 0.83 0.15 1.00 0.10 0.85 0.63 0.94 0.16 ]
[0.95 0.99 0.74 0.18 0.66 0.04 0.44 0.81 0.96 0.32 0.22 0.40 0.91 0.84 0.01 0.45 0.34 0.30 0.18 0.02 0.79 0.33 0.01 0.91 0.00 0.27 0.41 0.32 0.88 0.21 0.26 0.40 0.75 0.27 0.15 0.89 0.51 0.10 0.31 0.08 0.11 0.90 0.58 0.78 0.67 0.05 0.91 0.22 0.42 0.56 0.29 0.77 0.13 0.76 0.81 0.66 0.30 0.76 0.21 0.82 0.35 0.39 0.10 0.38 0.76 0.82 0.14 0.18 0.88 0.22 0.55 0.27 0.93 0.16 0.17 1.00 0.50 0.51 0.12 0.29 0.93 0.30 0.11 0.44 0.56 0.51 0.47 ]
[0.53 0.36 0.28 1.00 0.05 0.24 0.07 0.49 0.90 0.29 0.87 0.01 0.84 0.12 0.72 0.53 0.47 0.55 0.32 0.12 0.66 0.41 0.45 0.23 0.20 0.41 0.25 0.66 0.12 0.04 0.17 0.21 0.74 0.61 0.12 0.36 0.95 0.76 0.65 0.66 0.85 0.89 0.13 0.87 0.25 0.28 0.17 0.67 0.89 0.96 0.74 0.73 0.83 0.42 0.11 0.76 0.52 0.73 0.89 0.95 0.62 0.48 0.95 0.18 0.02 0.84 0.78 0.24 0.82 0.86 0.52 0.76 0.80 0.75 0.32 0.50 1.00 0.50 0.98 0.90 0.82 0.17 0.96 0.58 0.96 0.91 0.84 ]
[0.44 0.81 0.91 0.32 0.12 0.89 0.79 0.13 0.87 0.18 0.36 0.75 0.84 0.42 0.05 0.07 0.19 0.65 0.53 0.94 0.41 0.10 0.75 0.84 0.87 0.56 0.51 0.50 0.03 0.91 0.92 0.69 0.87 0.97 0.27 0.97 0.23 0.86 0.28 0.98 0.88 0.29 0.70 0.69 0.68 0.44 0.62 0.80 0.39 0.08 0.55 0.45 0.65 0.76 0.77 0.06 0.60 0.49 0.54 0.61 0.36 0.38 0.25 0.94 0.54 0.39 0.89 0.70 0.70 0.53 0.36 0.39 0.53 0.30 0.13 0.51 0.50 1.00 0.70 0.60 0.40 0.84 0.32 1.00 0.85 0.86 0.34 ]
[0.48 0.00 0.60 0.25 0.59 0.50 0.37 0.87 0.13 0.83 0.33 0.05 0.08 0.84 0.96 0.49 0.21 0.90 0.16 0.03 0.70 0.29 0.97 0.32 0.19 0.07 0.45 0.06 0.17 0.19 0.69 0.51 0.68 0.58 0.16 0.69 0.69 0.05 0.14 0.26 0.43 0.75 0.84 0.49 0.70 0.64 0.52 0.43 0.43 0.66 0.47 0.96 0.01 0.39 0.19 0.89 0.31 0.03 0.32 0.28 0.12 0.46 0.63 0.08 0.71 0.89 0.03 0.46 0.07 0.54 0.29 0.37 0.59 0.57 0.64 0.12 0.98 0.70 1.00 0.01 0.95 0.20 0.99 0.06 0.17 1.00 0.60 ]
[0.64 0.53 0.25 0.26 0.70 0.14 0.73 0.34 0.48 0.01 0.40 0.78 0.31 0.30 0.16 0.83 0.63 0.24 0.92 0.13 0.25 0.87 0.21 0.04 0.28 0.80 0.44 0.79 0.24 0.47 0.19 0.64 0.41 0.83 0.30 0.49 0.98 0.81 0.50 0.72 0.96 0.89 0.43 0.30 0.11 0.05 0.09 0.59 0.46 0.84 0.99 0.93 0.21 0.03 0.30 0.83 0.23 0.68 0.08 0.14 0.50 0.23 0.23 0.52 0.33 0.24 0.76 0.62 0.88 0.95 0.57 0.35 0.57 0.90 0.83 0.29 0.90 0.60 0.01 1.00 0.36 0.72 0.32 0.68 0.49 0.57 0.02 ]
[0.92 0.03 0.10 0.26 0.51 0.17 0.92 0.15 0.02 0.19 0.23 0.17 0.66 0.46 0.96 0.75 0.47 0.72 0.00 0.25 0.22 0.58 0.85 0.42 0.16 0.75 0.64 0.60 0.42 0.04 0.76 0.61 0.35 0.35 0.34 0.64 0.66 0.93 0.26 0.70 0.09 0.26 0.30 0.78 0.48 0.74 0.40 0.60 0.47 0.32 0.64 0.57 0.14 0.95 0.80 0.02 0.66 0.12 0.91 0.41 0.99 0.99 0.39 0.49 0.56 0.15 0.05 0.02 0.57 0.64 0.09 0.03 0.20 0.19 0.15 0.93 0.82 0.40 0.95 0.36 1.00 0.22 0.50 0.03 0.21 0.90 0.06 ]
[0.03 0.22 0.23 0.06 0.37 0.42 0.76 0.89 0.92 0.75 0.05 0.05 0.29 0.97 0.64 0.04 0.51 0.37 0.32 0.08 0.60 0.35 0.67 0.79 0.99 0.69 0.07 0.99 0.01 0.25 0.37 0.92 0.83 0.08 0.38 0.64 0.21 0.19 0.27 0.95 0.46 0.78 0.00 0.96 0.19 0.64 0.70 0.66 0.14 0.07 0.25 0.76 0.88 0.36 0.26 0.12 0.53 0.08 0.54 0.34 0.64 0.41 0.56 0.14 0.01 0.09 0.82 0.52 0.67 0.09 0.89 0.75 0.66 0.98 1.00 0.30 0.17 0.84 0.20 0.72 0.22 1.00 0.01 0.80 0.13 0.99 0.69 ]
[0.66 0.77 0.62 0.92 0.52 0.05 0.93 0.21 0.52 0.38 0.94 0.51 0.46 0.10 0.96 0.52 0.94 0.10 1.00 0.99 0.60 0.83 0.91 0.03 0.69 0.46 0.27 0.98 0.83 0.48 0.81 0.58 0.05 0.51 0.43 0.11 0.35 0.58 0.27 0.42 0.74 0.31 0.86 0.19 0.44 0.87 0.62 0.34 0.67 0.32 0.97 0.21 0.16 0.04 0.92 0.29 0.42 1.00 0.29 0.72 0.80 0.18 0.35 0.65 0.14 0.97 0.60 0.94 0.43 0.93 0.53 0.09 0.56 0.53 0.10 0.11 0.96 0.32 0.99 0.32 0.50 0.01 1.00 0.84 0.62 0.57 0.39 ]
[0.39 0.56 0.38 0.75 0.79 0.76 0.70 0.94 0.55 0.29 0.98 0.98 0.46 0.02 0.98 0.27 0.24 0.11 0.30 0.10 0.67 0.65 0.67 0.71 0.91 1.00 0.90 0.43 0.84 0.89 0.15 0.67 0.44 0.87 0.23 0.17 0.39 0.93 0.30 0.99 0.22 0.47 0.82 0.01 0.88 0.74 0.33 0.15 0.43 0.13 0.46 0.58 0.29 0.43 0.42 0.56 0.66 0.05 0.82 0.69 0.11 0.91 0.36 0.36 0.23 0.87 0.51 0.08 0.35 0.55 0.58 0.71 0.20 0.40 0.85 0.44 0.58 1.00 0.06 0.68 0.03 0.80 0.84 1.00 0.23 0.09 0.04 ]
[0.67 0.54 0.58 0.03 0.33 0.12 0.56 0.89 0.35 0.13 0.11 0.71 0.17 0.73 0.07 0.86 0.33 0.26 0.66 0.58 0.31 0.47 0.05 0.31 0.79 0.84 0.36 0.15 0.18 0.64 0.76 0.85 0.35 0.78 0.09 0.78 0.93 0.10 0.09 0.06 0.91 0.01 0.38 0.89 0.23 0.40 0.39 0.02 0.13 0.13 0.71 0.34 0.31 0.81 0.16 0.48 0.52 0.38 0.32 0.58 0.06 0.46 0.04 0.15 0.97 0.16 0.41 0.83 0.77 0.97 0.56 0.09 0.90 0.49 0.63 0.56 0.96 0.85 0.17 0.49 0.21 0.13 0.62 0.23 1.00 0.57 0.52 ]
[0.99 0.01 0.06 0.73 0.23 0.02 0.40 0.57 0.69 0.27 0.05 0.61 0.09 0.43 0.30 0.38 0.35 0.66 0.96 0.26 0.51 0.30 0.19 0.03 0.40 0.80 0.08 0.01 0.50 0.18 0.97 0.83 0.86 0.38 0.03 0.51 0.81 0.89 0.40 0.21 0.29 0.80 0.69 0.99 0.21 0.75 0.70 0.89 0.39 0.79 0.44 0.92 0.27 0.55 0.87 0.40 0.27 0.21 0.72 0.88 0.14 0.07 0.95 0.10 0.22 0.85 0.27 0.72 0.03 0.78 0.84 0.12 0.85 0.38 0.94 0.51 0.91 0.86 1.00 0.57 0.90 0.99 0.57 0.09 0.57 1.00 0.57 ]
[0.91 0.66 0.61 0.76 0.65 0.21 0.88 0.23 0.07 0.72 0.23 0.69 0.03 0.90 0.18 0.37 0.75 0.25 0.69 0.65 0.85 0.41 0.46 0.04 0.19 0.86 0.94 0.97 0.37 0.24 0.60 0.84 0.72 0.76 0.82 0.79 0.66 0.10 0.50 0.80 0.37 0.51 0.26 0.87 0.80 0.29 0.33 0.08 0.07 0.44 0.02 0.57 0.93 0.89 0.64 0.04 0.50 0.83 0.70 0.46 0.51 0.03 0.26 0.59 0.47 0.32 0.39 0.05 0.01 0.37 0.42 0.54 0.63 0.94 0.16 0.47 0.84 0.34 0.60 0.02 0.06 0.69 0.39 0.04 0.52 0.57 1.00 ]
];
