D = 6;
n = [ 3 3 3 3 3 3 ];
N = 67;
d = [1 1 1 1 1 1 1 1 1 1 1 2 2 2 2 2 2 2 2 2 2 2 3 3 3 3 3 3 3 3 3 3 3 4 4 4 4 4 4 4 4 4 4 4 5 5 5 5 5 5 5 5 5 5 5 6 6 6 6 6 6 6 6 6 6 6 6 ];
m = [
[1.00 0.42 0.55 0.74 0.44 0.56 0.90 0.78 0.80 0.84 0.30 0.19 0.39 0.64 0.76 0.58 0.46 0.30 0.25 0.35 0.13 0.88 0.34 0.54 0.82 0.43 0.79 0.85 0.79 0.14 0.13 0.43 0.83 0.41 0.01 0.83 0.30 0.08 0.54 0.07 0.83 0.05 0.80 0.20 0.81 0.48 0.80 0.90 0.03 0.50 0.38 0.69 0.42 0.43 0.02 0.87 0.82 0.36 0.38 0.44 0.81 0.83 0.31 0.23 0.88 0.41 0.41 ]
[0.42 1.00 0.86 0.90 0.08 0.38 0.35 0.68 0.45 0.27 0.44 0.98 0.56 0.09 0.44 0.40 0.97 0.28 0.86 1.00 0.26 0.11 0.19 0.50 0.84 0.58 0.05 0.51 0.93 0.08 0.42 1.00 0.05 0.59 0.94 0.17 0.12 0.16 0.68 0.29 0.83 0.01 0.22 0.16 0.17 0.52 0.11 0.73 0.34 0.17 0.20 0.89 0.74 0.59 0.86 0.29 0.05 0.63 0.26 0.96 0.07 0.77 0.09 0.56 0.49 0.87 0.37 ]
[0.55 0.86 1.00 0.42 0.39 0.27 0.53 0.51 0.02 0.29 0.63 0.64 0.09 0.23 0.48 0.95 0.74 0.73 0.06 0.50 0.89 0.67 0.55 0.47 0.77 0.91 0.36 0.84 0.81 0.09 0.69 0.50 0.04 0.25 0.57 0.24 0.76 0.33 0.28 0.91 0.30 1.00 0.53 0.23 0.85 0.04 0.88 0.42 0.42 0.87 0.82 0.52 0.66 0.65 0.72 0.96 0.69 0.18 0.48 0.54 0.38 0.07 0.75 0.16 0.35 0.87 0.14 ]
[0.74 0.90 0.42 1.00 0.64 0.99 0.37 0.81 0.17 0.93 0.97 0.29 0.02 0.89 0.04 0.83 0.87 0.93 0.92 0.67 0.82 0.14 0.03 0.81 0.63 0.21 0.55 0.34 0.59 0.89 0.62 0.93 0.40 0.10 0.23 0.58 0.24 0.41 0.26 0.48 0.69 0.76 0.07 0.73 0.69 0.67 0.32 0.64 0.41 1.00 0.74 0.33 0.99 0.73 0.97 0.21 0.31 0.05 0.85 0.28 0.19 0.47 0.16 0.46 0.06 0.57 0.69 ]
[0.44 0.08 0.39 0.64 1.00 0.97 0.43 0.95 0.95 0.09 0.51 0.12 0.56 0.19 0.11 0.29 0.59 0.68 0.21 0.27 0.65 0.64 0.98 0.54 0.75 0.16 0.48 0.93 0.08 0.05 0.23 0.50 0.89 0.37 0.95 0.52 0.87 0.53 0.53 0.20 0.89 0.64 0.00 0.33 0.24 0.63 0.50 0.10 0.02 0.84 0.74 0.89 0.10 0.72 0.78 0.02 0.49 0.94 0.98 0.13 0.40 0.32 0.30 0.67 0.28 0.79 0.85 ]
[0.56 0.38 0.27 0.99 0.97 1.00 0.04 0.20 0.44 0.27 0.13 0.67 0.53 0.31 0.45 0.54 0.23 0.35 0.80 0.87 0.71 0.29 0.96 0.93 0.41 0.76 0.63 0.33 0.53 0.98 0.86 0.15 0.60 0.78 0.56 0.22 0.39 0.76 0.74 0.17 0.22 0.75 0.12 0.04 0.78 0.62 0.36 0.78 0.18 0.20 0.31 0.08 0.97 0.31 0.33 0.76 0.06 0.48 0.75 0.10 0.36 0.28 0.81 0.64 0.26 0.48 0.38 ]
[0.90 0.35 0.53 0.37 0.43 0.04 1.00 0.14 0.53 0.16 0.85 0.07 0.13 0.71 0.01 0.96 0.09 0.30 0.55 0.02 0.93 0.19 0.39 0.63 0.39 0.86 0.21 0.40 0.67 0.10 0.49 0.43 0.38 0.46 0.57 0.31 0.31 0.75 0.78 0.44 0.65 0.92 0.31 0.40 0.41 0.17 0.01 0.93 0.37 0.93 0.76 0.94 0.36 0.94 0.72 0.67 0.17 0.22 0.83 0.12 0.33 0.85 0.53 0.08 0.28 0.15 0.75 ]
[0.78 0.68 0.51 0.81 0.95 0.20 0.14 1.00 0.02 0.30 0.85 0.48 0.33 0.50 0.11 0.76 0.70 0.52 0.02 0.49 0.56 0.37 0.86 0.23 0.24 0.11 0.16 0.58 0.59 0.89 0.03 0.36 0.79 0.22 0.85 0.83 0.56 0.16 0.90 0.54 0.02 0.51 0.90 0.38 0.13 0.66 0.52 0.67 0.07 0.81 0.61 0.61 0.14 0.89 0.97 0.12 0.32 0.91 0.32 0.67 0.45 0.76 0.99 0.99 0.68 0.32 0.20 ]
[0.80 0.45 0.02 0.17 0.95 0.44 0.53 0.02 1.00 0.11 0.28 0.93 0.15 0.74 0.05 0.07 0.71 0.81 0.56 0.23 0.57 0.98 0.57 0.61 0.06 0.49 0.32 0.21 0.78 0.26 0.69 1.00 0.40 0.68 0.57 0.78 0.67 0.47 0.61 0.63 0.72 0.44 0.76 0.42 0.45 0.82 0.48 0.57 0.51 0.06 0.62 0.77 0.95 0.70 0.25 0.43 0.19 0.51 0.56 0.99 0.80 0.97 0.28 0.66 0.88 0.15 0.00 ]
[0.84 0.27 0.29 0.93 0.09 0.27 0.16 0.30 0.11 1.00 0.29 0.90 0.94 0.47 0.42 0.60 0.47 0.27 0.95 0.88 0.68 0.11 0.36 0.95 0.43 0.02 0.71 0.56 0.15 0.70 0.91 0.47 0.17 0.40 0.30 0.85 0.05 0.83 0.50 0.13 0.58 0.19 0.64 0.68 0.99 0.58 0.29 0.59 0.15 0.83 0.68 0.52 0.13 0.03 0.30 0.69 0.55 0.87 0.55 0.46 0.76 0.43 0.03 0.80 0.16 0.84 0.12 ]
[0.30 0.44 0.63 0.97 0.51 0.13 0.85 0.85 0.28 0.29 1.00 0.09 0.34 0.96 0.99 0.99 0.17 0.73 0.67 0.28 0.66 0.69 0.32 0.46 0.36 0.33 0.31 0.18 0.46 0.07 0.35 0.16 0.59 0.85 0.44 0.90 0.96 0.88 0.74 0.35 0.60 0.62 0.26 0.16 0.30 0.64 0.04 0.60 0.73 0.58 0.99 0.78 0.55 0.99 0.58 0.98 0.19 0.92 0.54 0.81 0.92 0.13 0.84 0.35 0.94 0.98 0.11 ]
[0.19 0.98 0.64 0.29 0.12 0.67 0.07 0.48 0.93 0.90 0.09 1.00 0.76 0.31 0.86 0.31 0.11 0.67 0.44 0.23 0.08 0.65 0.67 0.98 0.45 0.37 0.00 0.82 0.90 0.88 0.55 0.64 0.48 0.18 0.68 0.05 0.27 0.99 0.80 0.79 0.65 0.51 0.70 0.92 0.20 0.02 0.82 0.89 0.23 0.94 0.56 0.75 0.70 0.26 0.11 0.78 0.47 0.10 0.80 0.52 0.96 0.24 0.82 0.11 0.82 0.08 0.64 ]
[0.39 0.56 0.09 0.02 0.56 0.53 0.13 0.33 0.15 0.94 0.34 0.76 1.00 0.82 0.37 0.89 0.62 0.74 0.64 0.71 0.07 0.45 0.97 0.92 0.39 0.69 0.97 0.09 0.79 0.09 0.34 0.85 0.64 0.33 0.23 0.39 0.77 0.89 0.78 0.66 0.60 0.96 0.02 0.18 0.20 0.00 0.89 0.21 0.61 0.79 0.20 0.43 0.22 0.77 0.98 0.58 0.96 0.36 0.34 0.69 0.19 0.10 0.82 0.91 0.62 0.22 0.82 ]
[0.64 0.09 0.23 0.89 0.19 0.31 0.71 0.50 0.74 0.47 0.96 0.31 0.82 1.00 0.33 0.02 0.11 0.78 0.43 0.17 0.72 0.91 0.99 0.83 0.23 0.49 0.46 0.52 0.61 0.58 0.07 0.79 0.86 0.08 0.82 0.60 0.77 0.84 0.06 0.29 0.50 0.14 0.68 0.97 0.86 0.83 0.96 0.55 0.99 0.52 0.72 0.64 0.02 0.41 0.49 0.59 0.68 0.92 0.19 0.30 0.01 0.56 0.17 0.34 0.59 0.86 0.74 ]
[0.76 0.44 0.48 0.04 0.11 0.45 0.01 0.11 0.05 0.42 0.99 0.86 0.37 0.33 1.00 0.04 0.44 0.90 0.35 0.36 0.56 0.02 0.46 0.50 0.52 0.95 0.78 0.74 0.77 0.39 0.10 0.57 0.61 0.66 0.85 0.94 0.66 0.29 0.14 0.30 0.05 0.69 0.94 0.96 0.20 0.36 0.15 0.03 0.89 0.53 0.50 0.91 0.54 0.93 0.95 0.62 0.96 0.11 0.63 0.45 0.50 0.92 0.42 0.03 0.08 0.19 0.27 ]
[0.58 0.40 0.95 0.83 0.29 0.54 0.96 0.76 0.07 0.60 0.99 0.31 0.89 0.02 0.04 1.00 0.46 0.96 0.37 0.12 0.04 0.74 0.08 0.28 0.54 0.58 0.35 0.91 0.83 0.07 0.01 0.47 0.07 0.27 0.96 0.14 0.15 0.10 0.08 0.05 0.48 0.20 0.22 0.13 0.20 0.26 0.33 0.90 0.71 0.98 0.64 0.56 0.33 0.06 0.08 0.32 0.55 0.19 0.95 0.93 0.65 0.63 0.35 0.90 0.53 0.72 0.77 ]
[0.46 0.97 0.74 0.87 0.59 0.23 0.09 0.70 0.71 0.47 0.17 0.11 0.62 0.11 0.44 0.46 1.00 0.19 0.23 0.41 0.97 0.37 0.98 0.23 0.30 0.32 0.76 0.74 0.66 0.06 0.74 0.47 0.58 0.18 0.77 0.82 0.50 0.13 0.72 0.07 0.27 0.40 0.65 0.25 0.88 0.22 0.28 0.35 0.35 0.49 0.05 0.90 0.24 0.43 0.84 0.33 0.94 0.95 0.97 0.91 0.39 0.36 0.26 0.09 0.78 0.40 0.84 ]
[0.30 0.28 0.73 0.93 0.68 0.35 0.30 0.52 0.81 0.27 0.73 0.67 0.74 0.78 0.90 0.96 0.19 1.00 0.88 0.28 0.62 0.79 0.68 0.86 0.43 0.92 0.65 0.76 0.36 0.43 0.53 0.48 0.56 0.97 0.25 0.47 0.68 0.86 0.94 0.18 0.45 0.69 0.83 0.52 0.98 0.92 0.23 0.64 0.97 0.68 0.41 0.89 0.38 0.48 0.90 0.93 0.83 0.11 0.82 0.23 0.17 0.13 0.74 0.41 0.63 0.76 0.15 ]
[0.25 0.86 0.06 0.92 0.21 0.80 0.55 0.02 0.56 0.95 0.67 0.44 0.64 0.43 0.35 0.37 0.23 0.88 1.00 0.21 0.71 0.33 0.81 0.99 0.76 0.52 1.00 0.31 0.38 0.68 0.23 0.17 0.22 0.11 0.91 0.29 0.10 0.52 0.49 0.66 0.03 0.87 0.87 0.37 0.30 0.89 0.38 0.13 0.02 0.80 0.38 0.07 0.68 0.06 0.56 0.57 0.37 0.09 0.44 0.32 0.76 0.36 0.27 0.24 0.45 0.79 0.72 ]
[0.35 1.00 0.50 0.67 0.27 0.87 0.02 0.49 0.23 0.88 0.28 0.23 0.71 0.17 0.36 0.12 0.41 0.28 0.21 1.00 0.25 0.04 0.19 0.49 0.76 0.90 0.04 0.26 0.75 0.06 0.94 0.69 0.08 0.37 0.98 0.47 0.10 0.78 0.94 0.12 0.50 0.72 0.25 0.12 0.04 0.97 0.98 0.41 0.59 0.82 0.41 0.43 0.60 0.35 0.34 0.05 0.40 0.85 0.01 0.40 0.12 0.56 0.83 0.30 0.97 0.76 0.15 ]
[0.13 0.26 0.89 0.82 0.65 0.71 0.93 0.56 0.57 0.68 0.66 0.08 0.07 0.72 0.56 0.04 0.97 0.62 0.71 0.25 1.00 0.98 0.86 0.97 0.97 0.31 0.38 0.97 0.62 0.49 0.16 0.43 0.85 0.00 0.50 0.70 0.09 0.11 0.79 0.47 0.56 0.77 0.15 0.45 0.43 0.94 0.18 0.23 0.17 0.75 0.20 0.38 0.95 0.07 0.82 0.21 0.99 0.74 0.67 0.85 0.44 0.57 0.88 0.12 0.28 0.51 0.03 ]
[0.88 0.11 0.67 0.14 0.64 0.29 0.19 0.37 0.98 0.11 0.69 0.65 0.45 0.91 0.02 0.74 0.37 0.79 0.33 0.04 0.98 1.00 0.31 0.47 0.69 0.08 0.59 0.57 0.13 0.99 0.63 0.95 0.77 0.53 0.71 0.82 0.99 0.38 0.25 0.82 0.90 0.81 0.86 0.97 0.38 0.93 0.46 0.27 0.65 0.82 0.37 0.10 0.42 0.86 0.95 0.26 0.07 0.28 0.90 0.14 0.65 0.14 0.56 0.70 0.13 0.65 0.19 ]
[0.34 0.19 0.55 0.03 0.98 0.96 0.39 0.86 0.57 0.36 0.32 0.67 0.97 0.99 0.46 0.08 0.98 0.68 0.81 0.19 0.86 0.31 1.00 0.30 0.70 0.69 0.24 0.49 0.24 0.38 0.51 0.45 0.40 0.38 0.35 0.49 0.18 0.83 0.42 0.20 0.40 0.88 0.44 0.48 0.15 0.93 0.83 0.19 0.86 0.54 0.14 0.73 0.60 0.48 0.66 0.11 0.64 0.32 0.70 0.30 0.02 0.35 0.71 0.35 0.80 0.40 0.41 ]
[0.54 0.50 0.47 0.81 0.54 0.93 0.63 0.23 0.61 0.95 0.46 0.98 0.92 0.83 0.50 0.28 0.23 0.86 0.99 0.49 0.97 0.47 0.30 1.00 0.32 0.40 0.44 0.20 1.00 0.83 0.26 0.75 0.53 0.96 0.11 0.19 0.06 0.06 0.07 0.50 0.81 0.36 0.75 0.48 0.48 0.91 0.88 0.24 0.10 0.13 0.50 0.64 0.63 0.21 0.36 0.85 0.32 0.73 0.69 0.33 0.82 0.65 0.62 0.21 0.82 0.81 0.60 ]
[0.82 0.84 0.77 0.63 0.75 0.41 0.39 0.24 0.06 0.43 0.36 0.45 0.39 0.23 0.52 0.54 0.30 0.43 0.76 0.76 0.97 0.69 0.70 0.32 1.00 0.17 0.01 0.32 0.90 0.06 0.09 0.23 0.84 0.69 0.29 0.16 0.44 0.64 0.60 0.65 0.24 0.54 0.27 0.69 0.02 0.08 0.04 0.84 0.48 0.24 0.07 0.72 0.45 0.05 0.47 0.63 0.78 0.45 0.94 0.76 0.97 0.91 0.41 0.25 0.04 0.35 0.38 ]
[0.43 0.58 0.91 0.21 0.16 0.76 0.86 0.11 0.49 0.02 0.33 0.37 0.69 0.49 0.95 0.58 0.32 0.92 0.52 0.90 0.31 0.08 0.69 0.40 0.17 1.00 0.13 0.34 0.03 0.28 0.32 0.91 0.09 0.12 0.86 0.07 0.21 0.21 0.76 0.71 0.93 0.18 0.45 0.65 0.90 0.14 0.67 0.72 0.89 0.40 0.63 0.09 0.27 0.03 0.11 0.08 0.51 0.61 0.58 0.66 0.43 0.80 0.67 0.80 0.94 0.12 0.18 ]
[0.79 0.05 0.36 0.55 0.48 0.63 0.21 0.16 0.32 0.71 0.31 0.00 0.97 0.46 0.78 0.35 0.76 0.65 1.00 0.04 0.38 0.59 0.24 0.44 0.01 0.13 1.00 0.36 0.18 0.85 0.30 0.27 0.88 0.89 0.29 0.77 0.92 0.18 0.28 0.43 0.42 0.68 0.78 0.47 0.46 0.67 0.74 0.68 0.40 0.62 0.05 0.37 0.08 0.80 0.86 0.20 0.82 0.21 0.46 0.58 0.12 0.61 0.44 0.46 0.15 0.33 0.86 ]
[0.85 0.51 0.84 0.34 0.93 0.33 0.40 0.58 0.21 0.56 0.18 0.82 0.09 0.52 0.74 0.91 0.74 0.76 0.31 0.26 0.97 0.57 0.49 0.20 0.32 0.34 0.36 1.00 0.66 0.37 0.45 0.64 0.16 0.54 0.17 0.99 0.72 0.65 0.76 0.67 0.25 0.44 0.71 0.22 0.70 0.22 0.65 0.06 0.31 0.29 0.57 0.37 0.55 0.73 0.13 0.12 0.04 0.19 0.37 0.11 0.58 0.92 0.92 0.16 0.46 0.08 0.06 ]
[0.79 0.93 0.81 0.59 0.08 0.53 0.67 0.59 0.78 0.15 0.46 0.90 0.79 0.61 0.77 0.83 0.66 0.36 0.38 0.75 0.62 0.13 0.24 1.00 0.90 0.03 0.18 0.66 1.00 0.29 0.57 0.68 0.89 0.34 0.70 0.95 0.74 0.26 0.51 0.30 0.01 0.84 0.84 0.54 0.77 0.51 0.91 0.32 0.80 0.25 0.88 0.65 0.14 0.50 0.03 0.99 0.70 0.80 0.19 0.91 0.01 0.18 0.28 0.41 0.17 0.47 0.82 ]
[0.14 0.08 0.09 0.89 0.05 0.98 0.10 0.89 0.26 0.70 0.07 0.88 0.09 0.58 0.39 0.07 0.06 0.43 0.68 0.06 0.49 0.99 0.38 0.83 0.06 0.28 0.85 0.37 0.29 1.00 0.61 0.75 0.55 0.98 0.92 0.45 0.51 0.24 0.26 0.58 0.80 0.30 0.57 0.61 0.01 0.94 0.67 0.69 0.05 0.30 0.25 0.06 0.04 0.45 0.25 0.61 0.38 0.37 0.80 0.30 0.54 0.62 0.04 0.94 0.83 0.14 0.67 ]
[0.13 0.42 0.69 0.62 0.23 0.86 0.49 0.03 0.69 0.91 0.35 0.55 0.34 0.07 0.10 0.01 0.74 0.53 0.23 0.94 0.16 0.63 0.51 0.26 0.09 0.32 0.30 0.45 0.57 0.61 1.00 0.53 0.52 0.96 0.55 0.48 0.05 0.92 0.33 0.05 0.14 0.59 0.80 0.96 0.98 0.02 0.73 0.92 0.43 0.26 0.17 0.59 0.60 0.78 0.33 0.02 0.69 0.16 0.43 0.97 0.84 0.26 0.67 0.38 0.34 0.41 0.59 ]
[0.43 1.00 0.50 0.93 0.50 0.15 0.43 0.36 1.00 0.47 0.16 0.64 0.85 0.79 0.57 0.47 0.47 0.48 0.17 0.69 0.43 0.95 0.45 0.75 0.23 0.91 0.27 0.64 0.68 0.75 0.53 1.00 0.40 0.06 0.08 0.64 0.78 0.65 0.89 0.87 0.62 0.53 0.98 0.39 0.83 0.64 0.09 0.26 0.62 0.12 0.05 0.35 0.54 0.32 0.35 0.35 0.49 0.30 0.76 0.44 0.99 0.19 0.30 0.12 0.41 0.77 0.62 ]
[0.83 0.05 0.04 0.40 0.89 0.60 0.38 0.79 0.40 0.17 0.59 0.48 0.64 0.86 0.61 0.07 0.58 0.56 0.22 0.08 0.85 0.77 0.40 0.53 0.84 0.09 0.88 0.16 0.89 0.55 0.52 0.40 1.00 0.26 0.37 0.21 0.78 0.16 0.59 0.08 0.86 0.23 0.70 0.53 0.45 0.41 0.84 0.15 0.55 0.58 0.60 0.06 0.08 0.92 0.47 0.72 0.69 0.01 0.32 0.99 0.59 0.32 0.37 0.83 0.61 0.53 0.79 ]
[0.41 0.59 0.25 0.10 0.37 0.78 0.46 0.22 0.68 0.40 0.85 0.18 0.33 0.08 0.66 0.27 0.18 0.97 0.11 0.37 0.00 0.53 0.38 0.96 0.69 0.12 0.89 0.54 0.34 0.98 0.96 0.06 0.26 1.00 0.14 0.19 0.94 0.11 0.50 0.17 0.01 0.24 0.83 0.73 0.50 0.60 0.23 0.74 0.20 0.37 0.48 0.41 0.98 0.14 0.22 0.25 0.44 0.32 0.10 0.51 0.88 0.97 0.53 0.81 0.81 0.61 0.13 ]
[0.01 0.94 0.57 0.23 0.95 0.56 0.57 0.85 0.57 0.30 0.44 0.68 0.23 0.82 0.85 0.96 0.77 0.25 0.91 0.98 0.50 0.71 0.35 0.11 0.29 0.86 0.29 0.17 0.70 0.92 0.55 0.08 0.37 0.14 1.00 0.85 0.76 1.00 0.18 0.81 0.63 0.86 0.59 0.57 0.65 0.65 0.37 0.15 0.92 0.36 0.63 0.89 0.54 0.20 0.54 0.64 0.84 0.66 0.11 0.09 0.53 0.72 0.88 0.27 0.34 0.93 0.76 ]
[0.83 0.17 0.24 0.58 0.52 0.22 0.31 0.83 0.78 0.85 0.90 0.05 0.39 0.60 0.94 0.14 0.82 0.47 0.29 0.47 0.70 0.82 0.49 0.19 0.16 0.07 0.77 0.99 0.95 0.45 0.48 0.64 0.21 0.19 0.85 1.00 0.23 0.16 0.51 0.40 0.96 0.92 0.55 0.30 0.75 0.09 0.90 0.13 0.19 0.23 0.67 0.53 0.00 0.88 0.44 0.77 0.82 0.93 0.07 0.83 0.01 0.76 0.80 0.70 0.82 0.12 0.59 ]
[0.30 0.12 0.76 0.24 0.87 0.39 0.31 0.56 0.67 0.05 0.96 0.27 0.77 0.77 0.66 0.15 0.50 0.68 0.10 0.10 0.09 0.99 0.18 0.06 0.44 0.21 0.92 0.72 0.74 0.51 0.05 0.78 0.78 0.94 0.76 0.23 1.00 0.97 0.40 0.08 0.50 0.25 0.84 0.50 0.25 0.72 0.85 0.33 0.39 1.00 0.41 0.10 0.17 0.95 0.47 0.89 0.10 0.62 0.40 0.44 0.97 0.35 0.12 0.18 0.07 0.90 0.86 ]
[0.08 0.16 0.33 0.41 0.53 0.76 0.75 0.16 0.47 0.83 0.88 0.99 0.89 0.84 0.29 0.10 0.13 0.86 0.52 0.78 0.11 0.38 0.83 0.06 0.64 0.21 0.18 0.65 0.26 0.24 0.92 0.65 0.16 0.11 1.00 0.16 0.97 1.00 0.57 0.51 0.46 0.96 0.79 0.52 0.67 0.70 0.76 0.95 0.89 0.57 0.13 0.84 0.30 0.39 0.35 0.90 0.28 0.60 0.20 0.75 0.90 0.74 0.82 0.77 0.08 0.60 0.56 ]
[0.54 0.68 0.28 0.26 0.53 0.74 0.78 0.90 0.61 0.50 0.74 0.80 0.78 0.06 0.14 0.08 0.72 0.94 0.49 0.94 0.79 0.25 0.42 0.07 0.60 0.76 0.28 0.76 0.51 0.26 0.33 0.89 0.59 0.50 0.18 0.51 0.40 0.57 1.00 0.90 0.53 0.18 0.19 1.00 0.13 0.83 0.87 0.46 0.92 0.10 0.08 0.98 0.91 0.03 0.38 0.33 0.53 0.10 0.01 0.55 0.15 0.16 0.32 0.14 0.80 0.51 0.67 ]
[0.07 0.29 0.91 0.48 0.20 0.17 0.44 0.54 0.63 0.13 0.35 0.79 0.66 0.29 0.30 0.05 0.07 0.18 0.66 0.12 0.47 0.82 0.20 0.50 0.65 0.71 0.43 0.67 0.30 0.58 0.05 0.87 0.08 0.17 0.81 0.40 0.08 0.51 0.90 1.00 0.66 0.08 0.18 0.74 0.10 0.72 0.96 0.90 0.75 0.98 0.56 0.06 0.95 0.05 0.73 0.32 0.96 0.58 0.60 0.54 0.37 0.99 0.15 0.38 0.23 0.99 0.49 ]
[0.83 0.83 0.30 0.69 0.89 0.22 0.65 0.02 0.72 0.58 0.60 0.65 0.60 0.50 0.05 0.48 0.27 0.45 0.03 0.50 0.56 0.90 0.40 0.81 0.24 0.93 0.42 0.25 0.01 0.80 0.14 0.62 0.86 0.01 0.63 0.96 0.50 0.46 0.53 0.66 1.00 0.70 0.74 0.89 0.61 0.97 0.40 0.27 0.73 0.22 0.16 0.13 0.42 0.92 0.66 0.11 0.78 0.19 0.40 0.26 0.82 0.14 0.10 0.07 0.83 0.15 0.65 ]
[0.05 0.01 1.00 0.76 0.64 0.75 0.92 0.51 0.44 0.19 0.62 0.51 0.96 0.14 0.69 0.20 0.40 0.69 0.87 0.72 0.77 0.81 0.88 0.36 0.54 0.18 0.68 0.44 0.84 0.30 0.59 0.53 0.23 0.24 0.86 0.92 0.25 0.96 0.18 0.08 0.70 1.00 0.15 1.00 0.20 0.72 0.90 0.97 0.31 0.92 0.52 0.53 0.82 0.91 0.14 0.03 0.08 0.12 0.09 0.24 0.55 0.74 0.27 0.51 0.30 1.00 0.97 ]
[0.80 0.22 0.53 0.07 0.00 0.12 0.31 0.90 0.76 0.64 0.26 0.70 0.02 0.68 0.94 0.22 0.65 0.83 0.87 0.25 0.15 0.86 0.44 0.75 0.27 0.45 0.78 0.71 0.84 0.57 0.80 0.98 0.70 0.83 0.59 0.55 0.84 0.79 0.19 0.18 0.74 0.15 1.00 0.99 0.92 0.56 0.40 0.19 0.64 0.60 1.00 0.19 0.95 0.78 0.88 0.40 0.07 0.76 0.21 0.32 0.36 0.29 0.96 0.51 0.31 0.74 0.18 ]
[0.20 0.16 0.23 0.73 0.33 0.04 0.40 0.38 0.42 0.68 0.16 0.92 0.18 0.97 0.96 0.13 0.25 0.52 0.37 0.12 0.45 0.97 0.48 0.48 0.69 0.65 0.47 0.22 0.54 0.61 0.96 0.39 0.53 0.73 0.57 0.30 0.50 0.52 1.00 0.74 0.89 1.00 0.99 1.00 0.06 0.58 0.05 0.29 0.68 0.56 0.57 0.93 0.43 0.43 0.56 0.04 0.35 0.25 0.44 0.05 0.38 0.39 0.99 0.94 0.24 0.17 0.68 ]
[0.81 0.17 0.85 0.69 0.24 0.78 0.41 0.13 0.45 0.99 0.30 0.20 0.20 0.86 0.20 0.20 0.88 0.98 0.30 0.04 0.43 0.38 0.15 0.48 0.02 0.90 0.46 0.70 0.77 0.01 0.98 0.83 0.45 0.50 0.65 0.75 0.25 0.67 0.13 0.10 0.61 0.20 0.92 0.06 1.00 0.40 0.93 0.05 0.47 0.01 0.44 0.94 0.74 0.36 0.71 0.69 0.20 0.65 0.93 0.01 0.63 0.08 0.02 0.30 0.24 0.33 0.65 ]
[0.48 0.52 0.04 0.67 0.63 0.62 0.17 0.66 0.82 0.58 0.64 0.02 0.00 0.83 0.36 0.26 0.22 0.92 0.89 0.97 0.94 0.93 0.93 0.91 0.08 0.14 0.67 0.22 0.51 0.94 0.02 0.64 0.41 0.60 0.65 0.09 0.72 0.70 0.83 0.72 0.97 0.72 0.56 0.58 0.40 1.00 0.37 0.29 0.68 0.09 0.10 0.52 0.64 0.09 0.92 0.57 0.87 0.15 0.92 0.07 0.28 0.23 0.55 0.14 0.10 0.31 0.39 ]
[0.80 0.11 0.88 0.32 0.50 0.36 0.01 0.52 0.48 0.29 0.04 0.82 0.89 0.96 0.15 0.33 0.28 0.23 0.38 0.98 0.18 0.46 0.83 0.88 0.04 0.67 0.74 0.65 0.91 0.67 0.73 0.09 0.84 0.23 0.37 0.90 0.85 0.76 0.87 0.96 0.40 0.90 0.40 0.05 0.93 0.37 1.00 0.99 0.73 0.53 0.33 0.04 0.60 0.29 0.75 0.06 0.85 0.18 0.17 0.81 0.21 0.03 0.88 0.01 0.00 0.95 0.22 ]
[0.90 0.73 0.42 0.64 0.10 0.78 0.93 0.67 0.57 0.59 0.60 0.89 0.21 0.55 0.03 0.90 0.35 0.64 0.13 0.41 0.23 0.27 0.19 0.24 0.84 0.72 0.68 0.06 0.32 0.69 0.92 0.26 0.15 0.74 0.15 0.13 0.33 0.95 0.46 0.90 0.27 0.97 0.19 0.29 0.05 0.29 0.99 1.00 0.44 0.39 0.03 0.71 0.66 0.13 0.28 0.22 0.88 0.65 0.56 0.67 0.88 0.37 0.41 0.71 0.07 0.77 0.39 ]
[0.03 0.34 0.42 0.41 0.02 0.18 0.37 0.07 0.51 0.15 0.73 0.23 0.61 0.99 0.89 0.71 0.35 0.97 0.02 0.59 0.17 0.65 0.86 0.10 0.48 0.89 0.40 0.31 0.80 0.05 0.43 0.62 0.55 0.20 0.92 0.19 0.39 0.89 0.92 0.75 0.73 0.31 0.64 0.68 0.47 0.68 0.73 0.44 1.00 0.68 0.14 0.37 0.59 0.77 0.28 0.48 0.65 0.99 0.99 0.74 0.24 0.76 0.10 0.62 0.23 0.92 0.84 ]
[0.50 0.17 0.87 1.00 0.84 0.20 0.93 0.81 0.06 0.83 0.58 0.94 0.79 0.52 0.53 0.98 0.49 0.68 0.80 0.82 0.75 0.82 0.54 0.13 0.24 0.40 0.62 0.29 0.25 0.30 0.26 0.12 0.58 0.37 0.36 0.23 1.00 0.57 0.10 0.98 0.22 0.92 0.60 0.56 0.01 0.09 0.53 0.39 0.68 1.00 0.88 0.91 0.92 0.09 0.54 0.14 0.78 0.37 0.56 0.89 0.72 0.91 0.26 1.00 0.96 0.83 0.43 ]
[0.38 0.20 0.82 0.74 0.74 0.31 0.76 0.61 0.62 0.68 0.99 0.56 0.20 0.72 0.50 0.64 0.05 0.41 0.38 0.41 0.20 0.37 0.14 0.50 0.07 0.63 0.05 0.57 0.88 0.25 0.17 0.05 0.60 0.48 0.63 0.67 0.41 0.13 0.08 0.56 0.16 0.52 1.00 0.57 0.44 0.10 0.33 0.03 0.14 0.88 1.00 0.14 0.77 0.26 0.90 0.31 0.15 0.03 0.55 0.79 0.73 0.37 0.49 0.70 0.24 0.49 0.08 ]
[0.69 0.89 0.52 0.33 0.89 0.08 0.94 0.61 0.77 0.52 0.78 0.75 0.43 0.64 0.91 0.56 0.90 0.89 0.07 0.43 0.38 0.10 0.73 0.64 0.72 0.09 0.37 0.37 0.65 0.06 0.59 0.35 0.06 0.41 0.89 0.53 0.10 0.84 0.98 0.06 0.13 0.53 0.19 0.93 0.94 0.52 0.04 0.71 0.37 0.91 0.14 1.00 0.84 0.91 0.77 0.45 0.60 0.66 0.19 0.66 0.14 0.33 0.27 0.87 0.27 0.94 0.35 ]
[0.42 0.74 0.66 0.99 0.10 0.97 0.36 0.14 0.95 0.13 0.55 0.70 0.22 0.02 0.54 0.33 0.24 0.38 0.68 0.60 0.95 0.42 0.60 0.63 0.45 0.27 0.08 0.55 0.14 0.04 0.60 0.54 0.08 0.98 0.54 0.00 0.17 0.30 0.91 0.95 0.42 0.82 0.95 0.43 0.74 0.64 0.60 0.66 0.59 0.92 0.77 0.84 1.00 0.26 0.28 0.73 0.25 0.36 0.14 0.27 0.35 0.68 0.74 0.35 0.10 0.75 0.04 ]
[0.43 0.59 0.65 0.73 0.72 0.31 0.94 0.89 0.70 0.03 0.99 0.26 0.77 0.41 0.93 0.06 0.43 0.48 0.06 0.35 0.07 0.86 0.48 0.21 0.05 0.03 0.80 0.73 0.50 0.45 0.78 0.32 0.92 0.14 0.20 0.88 0.95 0.39 0.03 0.05 0.92 0.91 0.78 0.43 0.36 0.09 0.29 0.13 0.77 0.09 0.26 0.91 0.26 1.00 0.14 0.64 0.04 0.89 0.54 0.27 0.95 0.55 0.71 0.01 0.22 0.36 0.98 ]
[0.02 0.86 0.72 0.97 0.78 0.33 0.72 0.97 0.25 0.30 0.58 0.11 0.98 0.49 0.95 0.08 0.84 0.90 0.56 0.34 0.82 0.95 0.66 0.36 0.47 0.11 0.86 0.13 0.03 0.25 0.33 0.35 0.47 0.22 0.54 0.44 0.47 0.35 0.38 0.73 0.66 0.14 0.88 0.56 0.71 0.92 0.75 0.28 0.28 0.54 0.90 0.77 0.28 0.14 1.00 0.11 0.48 0.08 0.06 0.97 0.37 0.74 0.76 0.19 0.01 0.49 0.58 ]
[0.87 0.29 0.96 0.21 0.02 0.76 0.67 0.12 0.43 0.69 0.98 0.78 0.58 0.59 0.62 0.32 0.33 0.93 0.57 0.05 0.21 0.26 0.11 0.85 0.63 0.08 0.20 0.12 0.99 0.61 0.02 0.35 0.72 0.25 0.64 0.77 0.89 0.90 0.33 0.32 0.11 0.03 0.40 0.04 0.69 0.57 0.06 0.22 0.48 0.14 0.31 0.45 0.73 0.64 0.11 1.00 0.11 0.77 0.75 0.74 0.61 0.43 0.72 0.77 0.09 0.04 0.33 ]
[0.82 0.05 0.69 0.31 0.49 0.06 0.17 0.32 0.19 0.55 0.19 0.47 0.96 0.68 0.96 0.55 0.94 0.83 0.37 0.40 0.99 0.07 0.64 0.32 0.78 0.51 0.82 0.04 0.70 0.38 0.69 0.49 0.69 0.44 0.84 0.82 0.10 0.28 0.53 0.96 0.78 0.08 0.07 0.35 0.20 0.87 0.85 0.88 0.65 0.78 0.15 0.60 0.25 0.04 0.48 0.11 1.00 0.33 0.53 0.70 0.66 0.46 0.68 0.95 0.44 0.65 0.22 ]
[0.36 0.63 0.18 0.05 0.94 0.48 0.22 0.91 0.51 0.87 0.92 0.10 0.36 0.92 0.11 0.19 0.95 0.11 0.09 0.85 0.74 0.28 0.32 0.73 0.45 0.61 0.21 0.19 0.80 0.37 0.16 0.30 0.01 0.32 0.66 0.93 0.62 0.60 0.10 0.58 0.19 0.12 0.76 0.25 0.65 0.15 0.18 0.65 0.99 0.37 0.03 0.66 0.36 0.89 0.08 0.77 0.33 1.00 0.29 0.71 0.54 0.14 0.56 0.40 0.91 0.17 0.87 ]
[0.38 0.26 0.48 0.85 0.98 0.75 0.83 0.32 0.56 0.55 0.54 0.80 0.34 0.19 0.63 0.95 0.97 0.82 0.44 0.01 0.67 0.90 0.70 0.69 0.94 0.58 0.46 0.37 0.19 0.80 0.43 0.76 0.32 0.10 0.11 0.07 0.40 0.20 0.01 0.60 0.40 0.09 0.21 0.44 0.93 0.92 0.17 0.56 0.99 0.56 0.55 0.19 0.14 0.54 0.06 0.75 0.53 0.29 1.00 0.12 0.87 0.77 0.25 0.68 0.79 0.65 0.17 ]
[0.44 0.96 0.54 0.28 0.13 0.10 0.12 0.67 0.99 0.46 0.81 0.52 0.69 0.30 0.45 0.93 0.91 0.23 0.32 0.40 0.85 0.14 0.30 0.33 0.76 0.66 0.58 0.11 0.91 0.30 0.97 0.44 0.99 0.51 0.09 0.83 0.44 0.75 0.55 0.54 0.26 0.24 0.32 0.05 0.01 0.07 0.81 0.67 0.74 0.89 0.79 0.66 0.27 0.27 0.97 0.74 0.70 0.71 0.12 1.00 0.76 0.31 0.64 0.73 0.42 0.97 0.25 ]
[0.81 0.07 0.38 0.19 0.40 0.36 0.33 0.45 0.80 0.76 0.92 0.96 0.19 0.01 0.50 0.65 0.39 0.17 0.76 0.12 0.44 0.65 0.02 0.82 0.97 0.43 0.12 0.58 0.01 0.54 0.84 0.99 0.59 0.88 0.53 0.01 0.97 0.90 0.15 0.37 0.82 0.55 0.36 0.38 0.63 0.28 0.21 0.88 0.24 0.72 0.73 0.14 0.35 0.95 0.37 0.61 0.66 0.54 0.87 0.76 1.00 0.38 0.49 0.69 0.63 0.54 0.54 ]
[0.83 0.77 0.07 0.47 0.32 0.28 0.85 0.76 0.97 0.43 0.13 0.24 0.10 0.56 0.92 0.63 0.36 0.13 0.36 0.56 0.57 0.14 0.35 0.65 0.91 0.80 0.61 0.92 0.18 0.62 0.26 0.19 0.32 0.97 0.72 0.76 0.35 0.74 0.16 0.99 0.14 0.74 0.29 0.39 0.08 0.23 0.03 0.37 0.76 0.91 0.37 0.33 0.68 0.55 0.74 0.43 0.46 0.14 0.77 0.31 0.38 1.00 0.46 0.87 0.81 0.07 0.11 ]
[0.31 0.09 0.75 0.16 0.30 0.81 0.53 0.99 0.28 0.03 0.84 0.82 0.82 0.17 0.42 0.35 0.26 0.74 0.27 0.83 0.88 0.56 0.71 0.62 0.41 0.67 0.44 0.92 0.28 0.04 0.67 0.30 0.37 0.53 0.88 0.80 0.12 0.82 0.32 0.15 0.10 0.27 0.96 0.99 0.02 0.55 0.88 0.41 0.10 0.26 0.49 0.27 0.74 0.71 0.76 0.72 0.68 0.56 0.25 0.64 0.49 0.46 1.00 0.46 0.56 1.00 0.15 ]
[0.23 0.56 0.16 0.46 0.67 0.64 0.08 0.99 0.66 0.80 0.35 0.11 0.91 0.34 0.03 0.90 0.09 0.41 0.24 0.30 0.12 0.70 0.35 0.21 0.25 0.80 0.46 0.16 0.41 0.94 0.38 0.12 0.83 0.81 0.27 0.70 0.18 0.77 0.14 0.38 0.07 0.51 0.51 0.94 0.30 0.14 0.01 0.71 0.62 1.00 0.70 0.87 0.35 0.01 0.19 0.77 0.95 0.40 0.68 0.73 0.69 0.87 0.46 1.00 0.09 0.13 0.82 ]
[0.88 0.49 0.35 0.06 0.28 0.26 0.28 0.68 0.88 0.16 0.94 0.82 0.62 0.59 0.08 0.53 0.78 0.63 0.45 0.97 0.28 0.13 0.80 0.82 0.04 0.94 0.15 0.46 0.17 0.83 0.34 0.41 0.61 0.81 0.34 0.82 0.07 0.08 0.80 0.23 0.83 0.30 0.31 0.24 0.24 0.10 0.00 0.07 0.23 0.96 0.24 0.27 0.10 0.22 0.01 0.09 0.44 0.91 0.79 0.42 0.63 0.81 0.56 0.09 1.00 0.70 0.11 ]
[0.41 0.87 0.87 0.57 0.79 0.48 0.15 0.32 0.15 0.84 0.98 0.08 0.22 0.86 0.19 0.72 0.40 0.76 0.79 0.76 0.51 0.65 0.40 0.81 0.35 0.12 0.33 0.08 0.47 0.14 0.41 0.77 0.53 0.61 0.93 0.12 0.90 0.60 0.51 0.99 0.15 1.00 0.74 0.17 0.33 0.31 0.95 0.77 0.92 0.83 0.49 0.94 0.75 0.36 0.49 0.04 0.65 0.17 0.65 0.97 0.54 0.07 1.00 0.13 0.70 1.00 0.70 ]
[0.41 0.37 0.14 0.69 0.85 0.38 0.75 0.20 0.00 0.12 0.11 0.64 0.82 0.74 0.27 0.77 0.84 0.15 0.72 0.15 0.03 0.19 0.41 0.60 0.38 0.18 0.86 0.06 0.82 0.67 0.59 0.62 0.79 0.13 0.76 0.59 0.86 0.56 0.67 0.49 0.65 0.97 0.18 0.68 0.65 0.39 0.22 0.39 0.84 0.43 0.08 0.35 0.04 0.98 0.58 0.33 0.22 0.87 0.17 0.25 0.54 0.11 0.15 0.82 0.11 0.70 1.00 ]
];
