D = 6;
n = [ 3 3 3 3 3 3 ];
N = 72;
d = [1 1 1 1 1 1 1 1 1 1 1 1 2 2 2 2 2 2 2 2 2 2 2 2 3 3 3 3 3 3 3 3 3 3 3 3 4 4 4 4 4 4 4 4 4 4 4 4 5 5 5 5 5 5 5 5 5 5 5 5 6 6 6 6 6 6 6 6 6 6 6 6 ];
m = [
[1.00 0.22 0.83 0.80 0.30 0.17 0.92 0.32 0.40 0.12 0.19 0.38 0.87 0.39 0.78 0.50 0.01 0.07 0.61 0.60 0.47 0.87 0.58 0.85 0.37 0.65 0.03 0.18 0.66 0.17 0.89 0.92 0.71 0.92 0.12 0.99 0.35 0.58 0.83 0.64 0.69 0.05 0.16 0.86 0.31 0.24 0.91 0.04 0.29 0.59 0.50 0.93 0.89 0.45 0.91 0.56 0.04 0.99 0.65 0.96 0.74 0.03 0.80 0.87 0.72 0.34 0.87 0.02 0.20 0.28 0.47 0.29 ]
[0.22 1.00 0.56 0.86 0.06 0.88 0.72 0.44 0.86 0.16 0.05 0.75 0.93 0.88 0.72 0.94 0.23 0.08 0.16 0.70 0.22 0.76 0.72 0.06 0.46 0.93 0.89 0.86 0.61 0.25 0.20 0.63 0.11 0.56 0.31 0.30 0.24 0.39 0.52 0.35 0.86 0.08 0.94 0.29 0.41 0.71 0.55 0.49 0.70 0.24 0.19 0.69 0.17 0.51 0.06 0.27 0.54 0.78 0.38 0.56 0.48 0.25 0.50 0.81 0.85 0.51 0.94 0.84 0.07 0.69 0.80 0.64 ]
[0.83 0.56 1.00 0.42 0.98 0.15 0.65 0.59 0.38 0.88 0.36 0.53 0.55 0.25 0.31 0.79 0.13 0.46 0.91 0.47 0.43 0.92 0.66 0.88 0.72 0.52 0.08 0.43 0.03 0.92 0.49 0.81 0.18 0.68 0.93 0.26 0.84 0.91 0.84 0.70 0.54 0.31 0.88 0.78 0.05 0.43 0.23 0.05 0.69 0.84 0.42 0.76 0.13 0.22 0.54 0.61 0.78 0.12 0.02 0.88 0.45 0.42 0.38 0.64 0.31 0.67 0.62 0.59 0.91 0.45 0.25 0.10 ]
[0.80 0.86 0.42 1.00 0.66 0.18 0.61 0.76 0.81 0.05 0.49 0.03 0.54 0.56 0.50 0.44 0.14 0.47 0.83 0.03 0.19 0.07 0.89 0.59 0.68 0.82 0.80 0.95 0.80 0.31 0.68 0.63 0.70 0.94 0.32 0.35 0.74 0.94 0.90 0.02 0.22 0.08 0.41 0.26 0.14 0.91 0.31 0.68 0.65 0.07 1.00 0.52 0.54 0.91 0.54 0.35 0.31 0.52 0.68 0.11 0.08 0.50 0.21 0.47 0.78 0.92 0.58 0.11 0.99 0.63 0.30 0.53 ]
[0.30 0.06 0.98 0.66 1.00 0.32 0.92 0.51 0.70 0.71 0.99 0.43 0.93 0.76 0.28 0.60 0.87 0.23 0.03 0.58 0.40 0.98 0.03 0.60 0.62 0.03 0.88 0.78 0.40 0.72 0.18 0.85 0.87 0.56 0.36 0.06 0.19 0.89 0.53 0.41 0.26 0.52 0.50 0.03 0.02 0.28 0.33 0.07 0.55 0.63 0.10 0.82 0.84 0.23 0.19 0.44 0.19 0.30 0.41 0.49 0.38 0.61 0.87 0.97 0.87 0.24 0.72 0.17 0.18 0.25 0.36 0.52 ]
[0.17 0.88 0.15 0.18 0.32 1.00 0.39 0.70 0.84 0.91 0.22 0.37 0.04 0.92 0.82 0.33 0.56 0.16 0.32 0.64 0.14 0.39 0.75 0.09 0.66 0.76 0.86 0.29 0.39 0.92 0.34 0.02 0.69 0.62 0.47 0.34 0.01 0.93 0.66 0.20 0.52 0.78 0.18 0.64 0.02 0.21 0.09 0.08 0.37 0.06 0.46 0.55 0.22 0.98 0.71 0.86 0.69 0.46 0.93 0.77 0.96 0.48 0.83 0.35 0.14 0.28 0.62 0.14 0.33 0.47 0.99 0.48 ]
[0.92 0.72 0.65 0.61 0.92 0.39 1.00 0.65 0.62 0.17 0.59 0.01 0.21 0.27 0.54 0.10 0.13 0.75 0.40 0.87 0.99 0.39 0.36 0.46 0.32 0.97 0.62 0.87 0.10 0.86 0.30 0.26 0.55 0.19 0.45 0.35 0.67 0.02 0.39 0.54 0.95 0.89 0.11 0.98 0.61 0.08 0.60 0.19 0.57 0.36 0.25 0.92 0.46 0.17 0.68 0.96 0.49 0.64 0.04 0.76 0.86 0.13 0.02 0.49 0.05 0.09 0.25 0.76 0.14 0.32 0.94 0.47 ]
[0.32 0.44 0.59 0.76 0.51 0.70 0.65 1.00 0.14 0.71 0.76 0.45 0.55 0.18 0.35 0.45 0.69 0.12 0.15 0.66 0.40 0.77 0.68 0.53 0.26 0.98 0.03 0.94 0.64 0.77 0.30 0.50 0.16 0.36 0.78 0.82 0.30 0.53 0.51 0.27 0.23 0.62 0.90 0.56 0.61 0.99 0.72 0.55 0.20 0.26 0.38 0.85 0.45 0.62 0.91 0.47 0.76 0.62 0.59 0.81 0.07 0.29 0.39 0.11 0.91 0.61 0.61 0.92 0.87 0.84 0.14 0.88 ]
[0.40 0.86 0.38 0.81 0.70 0.84 0.62 0.14 1.00 0.52 0.47 0.45 0.04 0.82 0.15 0.07 0.23 0.63 0.67 0.39 0.80 0.14 0.96 0.64 0.20 0.47 0.50 0.65 0.68 0.88 0.89 0.65 0.82 0.42 0.66 0.19 0.37 0.19 0.63 0.57 0.80 0.28 0.58 0.85 0.78 0.91 0.81 0.48 0.79 1.00 0.02 0.62 0.11 0.02 0.06 0.81 0.11 0.46 0.32 0.03 0.15 0.69 0.97 0.77 0.91 0.15 0.34 0.04 0.22 0.48 0.15 0.05 ]
[0.12 0.16 0.88 0.05 0.71 0.91 0.17 0.71 0.52 1.00 0.23 0.80 0.92 0.10 0.50 0.59 0.92 0.54 0.82 0.26 0.15 0.82 0.14 0.14 0.08 0.54 0.42 0.62 0.27 0.76 0.73 0.74 0.44 0.06 0.12 0.07 0.70 0.93 0.11 0.86 0.40 0.74 0.38 0.19 0.71 0.53 0.31 0.22 0.63 0.09 0.21 0.74 0.63 0.87 0.94 0.71 0.51 0.38 0.41 0.76 0.19 0.45 0.88 0.66 0.78 0.64 0.20 0.19 0.51 0.60 0.05 0.21 ]
[0.19 0.05 0.36 0.49 0.99 0.22 0.59 0.76 0.47 0.23 1.00 0.90 0.67 0.50 0.49 0.63 0.95 0.16 0.06 0.64 0.22 0.25 0.77 0.02 0.40 0.31 0.85 0.16 0.54 0.08 0.45 0.12 0.91 0.33 0.78 0.78 0.37 0.42 0.88 0.96 0.26 0.51 0.10 0.04 0.98 0.22 0.62 0.77 0.84 0.88 0.84 0.05 0.45 0.91 0.74 0.62 0.33 0.87 0.23 0.19 0.03 0.37 0.60 0.07 0.68 0.88 0.47 0.04 0.98 0.77 0.91 0.42 ]
[0.38 0.75 0.53 0.03 0.43 0.37 0.01 0.45 0.45 0.80 0.90 1.00 0.11 0.76 0.29 0.90 0.82 0.62 0.75 0.68 0.49 0.96 0.83 0.31 0.64 0.23 0.60 0.55 0.22 0.65 0.29 0.08 0.67 0.31 0.71 0.13 0.61 0.84 0.91 0.39 0.80 0.27 0.29 0.61 0.49 0.99 0.92 0.66 0.57 0.92 0.08 0.22 0.83 0.77 0.99 0.68 0.29 0.51 0.29 0.13 0.94 0.43 0.40 0.08 0.40 0.51 0.31 0.30 0.59 0.68 1.00 0.85 ]
[0.87 0.93 0.55 0.54 0.93 0.04 0.21 0.55 0.04 0.92 0.67 0.11 1.00 0.14 0.32 0.59 0.23 0.20 0.65 0.81 0.78 0.08 0.62 0.91 0.91 0.07 0.93 0.27 0.85 0.84 0.94 0.81 0.65 0.97 0.66 0.19 0.38 0.58 0.32 0.95 0.06 0.50 0.32 0.00 0.47 0.71 0.71 0.41 0.41 0.57 0.84 0.08 0.40 0.58 0.95 0.87 0.38 0.27 0.21 0.47 0.58 0.58 0.64 0.24 0.81 0.06 0.89 0.28 0.75 0.38 0.02 0.91 ]
[0.39 0.88 0.25 0.56 0.76 0.92 0.27 0.18 0.82 0.10 0.50 0.76 0.14 1.00 0.02 0.59 0.96 0.97 0.82 0.57 0.91 0.06 0.24 0.81 0.20 0.47 0.19 0.94 0.04 0.36 0.35 0.86 0.81 0.06 0.09 0.06 0.47 0.04 0.24 0.86 0.11 0.15 0.18 0.59 0.36 0.94 0.93 0.86 0.58 0.10 0.37 0.96 0.56 0.11 0.57 0.28 0.02 0.37 0.90 0.52 0.83 0.72 0.17 0.07 0.56 0.49 0.73 0.18 0.09 0.94 0.74 0.40 ]
[0.78 0.72 0.31 0.50 0.28 0.82 0.54 0.35 0.15 0.50 0.49 0.29 0.32 0.02 1.00 0.77 0.19 0.18 0.20 0.76 0.73 0.84 0.73 0.82 0.16 0.02 0.98 0.12 0.35 0.28 0.83 0.57 0.75 0.93 0.10 0.98 0.09 0.96 0.41 0.18 0.89 0.98 0.41 0.08 0.58 0.91 0.98 0.60 0.46 0.65 0.96 0.00 0.97 0.13 0.90 0.48 0.50 0.41 0.57 0.22 0.95 0.41 0.25 0.01 0.80 0.30 0.36 0.42 0.63 0.84 0.02 0.71 ]
[0.50 0.94 0.79 0.44 0.60 0.33 0.10 0.45 0.07 0.59 0.63 0.90 0.59 0.59 0.77 1.00 0.83 0.68 0.93 0.08 0.62 0.85 0.19 0.81 0.77 0.46 0.55 0.49 0.66 0.97 0.32 0.24 0.85 0.39 0.79 0.23 0.99 0.12 1.00 0.47 0.16 0.09 0.73 0.20 0.46 0.71 0.62 0.46 0.64 0.01 0.21 0.75 0.75 0.93 0.47 0.16 0.53 0.68 0.13 1.00 0.36 0.42 0.76 0.12 0.15 0.85 0.62 0.57 0.68 0.35 0.62 0.03 ]
[0.01 0.23 0.13 0.14 0.87 0.56 0.13 0.69 0.23 0.92 0.95 0.82 0.23 0.96 0.19 0.83 1.00 0.65 0.55 0.29 0.25 0.12 0.23 0.73 0.70 0.59 0.05 0.14 0.78 0.33 0.03 0.10 0.76 0.25 0.86 0.51 0.45 0.80 0.44 0.12 0.15 0.95 0.74 0.57 0.43 0.58 0.31 0.97 0.53 0.48 0.10 0.97 0.97 0.20 0.51 0.79 0.18 0.01 0.73 0.43 0.95 0.45 0.83 0.73 0.60 0.21 0.69 0.96 0.49 0.85 0.47 0.19 ]
[0.07 0.08 0.46 0.47 0.23 0.16 0.75 0.12 0.63 0.54 0.16 0.62 0.20 0.97 0.18 0.68 0.65 1.00 0.24 0.31 0.43 0.95 0.15 0.72 0.71 0.39 0.53 0.02 0.33 0.59 0.83 0.37 0.25 0.08 0.44 0.40 0.60 0.67 0.41 0.45 0.31 0.86 0.33 0.01 0.35 0.66 0.67 0.50 0.94 0.77 0.12 0.38 0.78 0.19 0.66 0.43 0.53 0.99 0.69 0.06 0.65 0.73 0.06 0.31 0.26 0.03 0.53 0.26 0.06 0.74 0.54 0.13 ]
[0.61 0.16 0.91 0.83 0.03 0.32 0.40 0.15 0.67 0.82 0.06 0.75 0.65 0.82 0.20 0.93 0.55 0.24 1.00 0.06 0.02 0.31 0.01 0.20 0.68 0.54 0.92 0.05 0.29 0.80 0.55 0.67 0.14 0.25 0.50 0.67 0.45 0.87 0.02 0.11 0.52 0.39 0.78 0.51 0.92 0.25 0.50 0.60 0.21 0.33 0.11 0.64 0.28 0.32 0.77 0.01 0.75 0.84 0.82 0.85 0.88 0.26 0.68 0.40 0.90 0.02 0.84 0.66 0.31 0.36 0.61 0.47 ]
[0.60 0.70 0.47 0.03 0.58 0.64 0.87 0.66 0.39 0.26 0.64 0.68 0.81 0.57 0.76 0.08 0.29 0.31 0.06 1.00 0.12 0.23 0.34 0.36 0.24 0.10 0.75 0.14 0.80 0.65 0.93 0.07 0.33 0.02 0.87 0.37 0.17 0.96 0.07 0.30 0.13 0.48 0.09 0.84 0.85 0.67 0.00 0.43 0.97 0.13 0.66 0.03 0.59 0.78 0.49 0.52 0.46 0.67 0.78 0.74 0.45 0.95 0.57 0.97 0.15 0.37 0.77 0.94 0.28 0.37 0.94 0.40 ]
[0.47 0.22 0.43 0.19 0.40 0.14 0.99 0.40 0.80 0.15 0.22 0.49 0.78 0.91 0.73 0.62 0.25 0.43 0.02 0.12 1.00 0.46 0.52 0.44 0.90 0.74 0.43 0.76 0.85 0.96 0.34 0.98 0.57 0.50 0.14 0.28 0.44 0.62 0.61 0.82 0.50 0.22 0.62 0.33 0.64 0.52 0.77 0.62 0.34 0.54 0.63 0.28 0.99 0.45 0.58 0.28 0.12 0.09 0.05 0.16 0.49 0.95 0.33 0.15 0.41 0.56 0.06 0.27 0.07 0.69 0.31 0.54 ]
[0.87 0.76 0.92 0.07 0.98 0.39 0.39 0.77 0.14 0.82 0.25 0.96 0.08 0.06 0.84 0.85 0.12 0.95 0.31 0.23 0.46 1.00 0.14 0.97 0.14 0.14 0.25 0.67 0.72 0.21 0.16 0.90 0.02 0.59 0.56 0.35 0.69 0.78 0.16 0.46 0.82 0.51 0.77 0.70 0.50 0.65 0.56 0.71 0.13 0.67 0.15 0.62 0.83 0.00 0.00 0.54 0.65 0.21 0.50 0.88 0.16 0.83 0.57 0.17 0.58 0.35 0.84 0.24 0.30 0.07 0.66 0.15 ]
[0.58 0.72 0.66 0.89 0.03 0.75 0.36 0.68 0.96 0.14 0.77 0.83 0.62 0.24 0.73 0.19 0.23 0.15 0.01 0.34 0.52 0.14 1.00 0.62 0.17 0.11 0.87 0.17 0.95 0.26 0.90 0.76 0.64 0.75 0.59 0.36 0.14 0.07 0.74 0.76 0.60 0.84 0.18 0.40 0.29 0.16 0.97 0.70 0.21 0.84 0.13 0.66 0.70 0.00 0.20 0.62 0.83 0.50 0.57 0.12 0.68 0.68 0.28 0.15 0.15 0.53 0.68 0.33 0.04 0.56 0.21 0.34 ]
[0.85 0.06 0.88 0.59 0.60 0.09 0.46 0.53 0.64 0.14 0.02 0.31 0.91 0.81 0.82 0.81 0.73 0.72 0.20 0.36 0.44 0.97 0.62 1.00 0.64 0.90 0.75 0.43 0.72 0.80 0.89 0.38 0.14 0.60 0.77 0.05 0.14 0.38 0.64 0.67 0.03 0.69 0.56 0.57 0.82 0.92 0.73 0.90 0.71 0.30 0.98 0.46 0.49 0.16 0.58 0.16 0.52 0.45 0.61 0.49 0.33 0.78 0.96 0.06 0.01 0.81 0.32 0.20 0.99 0.05 0.09 0.83 ]
[0.37 0.46 0.72 0.68 0.62 0.66 0.32 0.26 0.20 0.08 0.40 0.64 0.91 0.20 0.16 0.77 0.70 0.71 0.68 0.24 0.90 0.14 0.17 0.64 1.00 0.89 0.10 0.81 0.64 0.93 0.40 0.51 0.12 0.72 0.22 0.70 0.35 0.09 0.81 0.77 0.85 0.34 0.79 0.09 0.55 0.06 0.79 0.69 0.78 0.55 0.58 0.69 0.78 0.03 0.88 0.96 0.78 0.29 0.21 0.45 0.41 0.93 0.91 0.60 0.05 0.71 0.75 0.50 0.89 0.91 0.95 0.38 ]
[0.65 0.93 0.52 0.82 0.03 0.76 0.97 0.98 0.47 0.54 0.31 0.23 0.07 0.47 0.02 0.46 0.59 0.39 0.54 0.10 0.74 0.14 0.11 0.90 0.89 1.00 0.99 0.37 0.37 0.75 0.21 0.07 0.05 0.24 0.80 0.88 0.94 0.94 0.74 0.65 0.14 0.46 0.22 0.46 0.26 0.32 0.87 0.16 0.84 0.47 0.47 0.34 0.81 0.42 0.91 0.33 0.59 0.65 0.83 0.93 0.53 0.81 0.73 0.12 0.57 0.77 0.01 0.10 0.36 0.74 0.49 0.31 ]
[0.03 0.89 0.08 0.80 0.88 0.86 0.62 0.03 0.50 0.42 0.85 0.60 0.93 0.19 0.98 0.55 0.05 0.53 0.92 0.75 0.43 0.25 0.87 0.75 0.10 0.99 1.00 0.34 0.14 0.09 0.74 0.31 0.63 0.22 0.43 0.73 0.10 0.80 0.18 0.40 0.15 0.54 0.32 0.74 0.64 0.20 0.38 0.67 0.35 0.19 0.62 0.83 0.34 0.65 0.90 0.97 0.70 0.06 0.04 0.26 0.90 0.05 0.70 0.32 0.70 0.63 0.28 0.42 0.30 0.92 0.15 0.03 ]
[0.18 0.86 0.43 0.95 0.78 0.29 0.87 0.94 0.65 0.62 0.16 0.55 0.27 0.94 0.12 0.49 0.14 0.02 0.05 0.14 0.76 0.67 0.17 0.43 0.81 0.37 0.34 1.00 0.01 0.30 0.81 0.31 0.64 0.96 0.42 0.67 0.33 0.76 0.52 0.10 0.89 0.47 0.28 0.38 0.20 0.91 0.61 0.64 0.70 0.18 0.79 0.66 0.60 0.96 0.83 0.66 0.58 0.69 0.59 0.57 0.61 0.20 0.69 0.47 0.80 0.34 0.64 0.24 0.81 0.01 0.96 0.22 ]
[0.66 0.61 0.03 0.80 0.40 0.39 0.10 0.64 0.68 0.27 0.54 0.22 0.85 0.04 0.35 0.66 0.78 0.33 0.29 0.80 0.85 0.72 0.95 0.72 0.64 0.37 0.14 0.01 1.00 0.82 0.16 0.72 0.67 0.13 0.75 0.76 0.60 0.09 0.71 0.62 0.76 0.17 0.73 0.72 0.46 0.36 0.02 0.55 0.89 0.49 0.07 0.88 0.17 0.70 0.03 0.32 0.69 0.49 0.80 0.83 0.09 0.09 0.88 0.40 0.63 0.66 0.48 0.42 0.83 0.22 0.74 0.63 ]
[0.17 0.25 0.92 0.31 0.72 0.92 0.86 0.77 0.88 0.76 0.08 0.65 0.84 0.36 0.28 0.97 0.33 0.59 0.80 0.65 0.96 0.21 0.26 0.80 0.93 0.75 0.09 0.30 0.82 1.00 0.33 0.97 0.19 0.45 0.47 0.02 0.97 0.55 0.18 0.30 0.66 0.12 0.41 0.07 0.34 0.80 0.88 0.76 0.63 0.21 0.43 0.62 0.39 0.22 0.61 0.15 0.70 0.80 0.77 0.84 0.63 0.27 0.40 0.88 0.05 0.93 0.88 0.94 0.60 0.77 0.96 0.99 ]
[0.89 0.20 0.49 0.68 0.18 0.34 0.30 0.30 0.89 0.73 0.45 0.29 0.94 0.35 0.83 0.32 0.03 0.83 0.55 0.93 0.34 0.16 0.90 0.89 0.40 0.21 0.74 0.81 0.16 0.33 1.00 0.63 0.12 0.75 0.14 0.32 0.46 0.26 0.64 0.16 0.99 0.26 0.26 0.62 0.07 0.82 0.69 0.74 0.81 0.13 0.81 0.06 0.99 0.54 0.40 0.86 0.82 0.37 0.18 0.34 0.03 0.21 0.99 0.82 0.15 0.58 0.35 0.10 0.40 0.03 0.46 0.62 ]
[0.92 0.63 0.81 0.63 0.85 0.02 0.26 0.50 0.65 0.74 0.12 0.08 0.81 0.86 0.57 0.24 0.10 0.37 0.67 0.07 0.98 0.90 0.76 0.38 0.51 0.07 0.31 0.31 0.72 0.97 0.63 1.00 0.87 0.01 0.93 0.69 0.59 0.37 0.34 0.86 0.10 0.95 0.32 0.93 0.39 0.37 0.18 0.20 0.67 0.97 0.85 0.38 0.66 0.40 0.79 0.02 0.54 0.94 0.68 0.46 0.75 0.80 0.98 0.10 0.86 0.83 0.95 0.89 0.63 0.31 0.68 0.49 ]
[0.71 0.11 0.18 0.70 0.87 0.69 0.55 0.16 0.82 0.44 0.91 0.67 0.65 0.81 0.75 0.85 0.76 0.25 0.14 0.33 0.57 0.02 0.64 0.14 0.12 0.05 0.63 0.64 0.67 0.19 0.12 0.87 1.00 0.79 0.76 0.71 0.91 0.17 0.88 0.55 0.58 0.64 0.46 0.25 0.23 0.90 0.39 0.34 0.82 0.03 0.16 0.44 0.17 0.36 0.84 0.63 0.11 0.04 0.74 0.15 0.34 0.81 0.84 0.81 0.92 0.47 0.19 0.66 0.18 0.22 0.70 0.53 ]
[0.92 0.56 0.68 0.94 0.56 0.62 0.19 0.36 0.42 0.06 0.33 0.31 0.97 0.06 0.93 0.39 0.25 0.08 0.25 0.02 0.50 0.59 0.75 0.60 0.72 0.24 0.22 0.96 0.13 0.45 0.75 0.01 0.79 1.00 0.32 0.23 0.72 0.46 0.90 0.64 0.34 0.67 0.16 0.37 0.14 0.05 0.96 0.55 0.88 0.60 0.47 0.88 0.24 0.26 0.57 0.33 0.29 0.71 0.05 0.43 0.95 0.65 0.46 0.34 0.51 0.81 1.00 0.63 0.36 0.37 0.92 0.80 ]
[0.12 0.31 0.93 0.32 0.36 0.47 0.45 0.78 0.66 0.12 0.78 0.71 0.66 0.09 0.10 0.79 0.86 0.44 0.50 0.87 0.14 0.56 0.59 0.77 0.22 0.80 0.43 0.42 0.75 0.47 0.14 0.93 0.76 0.32 1.00 0.17 0.82 0.40 0.22 0.37 0.85 0.85 0.44 1.00 0.88 0.05 0.88 0.03 0.41 0.39 0.15 0.26 0.19 0.36 0.99 0.15 0.61 0.47 0.76 0.27 0.93 0.72 0.28 0.64 0.07 0.67 0.14 0.41 0.09 0.39 0.49 0.99 ]
[0.99 0.30 0.26 0.35 0.06 0.34 0.35 0.82 0.19 0.07 0.78 0.13 0.19 0.06 0.98 0.23 0.51 0.40 0.67 0.37 0.28 0.35 0.36 0.05 0.70 0.88 0.73 0.67 0.76 0.02 0.32 0.69 0.71 0.23 0.17 1.00 0.89 0.56 0.33 0.88 0.52 0.89 0.23 0.19 0.07 0.54 0.43 0.60 0.57 0.06 0.46 0.52 0.36 0.79 0.39 0.02 0.79 0.87 0.41 0.11 0.97 0.32 0.83 0.34 0.82 0.83 0.69 0.33 0.27 0.98 0.94 0.16 ]
[0.35 0.24 0.84 0.74 0.19 0.01 0.67 0.30 0.37 0.70 0.37 0.61 0.38 0.47 0.09 0.99 0.45 0.60 0.45 0.17 0.44 0.69 0.14 0.14 0.35 0.94 0.10 0.33 0.60 0.97 0.46 0.59 0.91 0.72 0.82 0.89 1.00 0.38 0.34 0.69 0.68 0.85 0.94 0.41 0.27 0.57 0.12 0.50 0.33 0.95 0.68 0.86 0.57 0.19 0.40 0.58 0.02 0.23 0.54 0.28 0.29 0.37 0.95 0.50 0.02 0.93 0.86 0.46 0.00 0.11 0.92 0.50 ]
[0.58 0.39 0.91 0.94 0.89 0.93 0.02 0.53 0.19 0.93 0.42 0.84 0.58 0.04 0.96 0.12 0.80 0.67 0.87 0.96 0.62 0.78 0.07 0.38 0.09 0.94 0.80 0.76 0.09 0.55 0.26 0.37 0.17 0.46 0.40 0.56 0.38 1.00 0.80 0.46 0.27 0.68 0.17 0.09 0.97 0.36 0.72 0.53 0.06 0.22 0.94 0.10 0.13 0.41 0.85 0.37 0.55 0.08 0.96 0.17 0.75 0.86 0.96 0.93 0.70 0.40 0.39 0.30 0.40 0.96 0.27 0.20 ]
[0.83 0.52 0.84 0.90 0.53 0.66 0.39 0.51 0.63 0.11 0.88 0.91 0.32 0.24 0.41 1.00 0.44 0.41 0.02 0.07 0.61 0.16 0.74 0.64 0.81 0.74 0.18 0.52 0.71 0.18 0.64 0.34 0.88 0.90 0.22 0.33 0.34 0.80 1.00 0.60 0.74 0.60 0.05 0.91 0.00 0.77 0.92 0.81 0.47 0.72 0.53 0.46 0.17 0.05 0.31 0.61 0.64 0.38 0.95 0.70 0.65 0.55 0.00 0.51 0.42 0.48 0.76 0.70 0.30 0.53 0.84 0.63 ]
[0.64 0.35 0.70 0.02 0.41 0.20 0.54 0.27 0.57 0.86 0.96 0.39 0.95 0.86 0.18 0.47 0.12 0.45 0.11 0.30 0.82 0.46 0.76 0.67 0.77 0.65 0.40 0.10 0.62 0.30 0.16 0.86 0.55 0.64 0.37 0.88 0.69 0.46 0.60 1.00 0.61 0.46 0.98 0.99 0.28 0.89 0.05 0.54 0.16 0.01 0.91 0.61 0.38 0.04 0.20 0.14 0.93 0.23 0.38 0.24 0.55 0.81 0.68 0.56 0.18 0.09 0.05 0.46 0.83 0.17 0.51 0.63 ]
[0.69 0.86 0.54 0.22 0.26 0.52 0.95 0.23 0.80 0.40 0.26 0.80 0.06 0.11 0.89 0.16 0.15 0.31 0.52 0.13 0.50 0.82 0.60 0.03 0.85 0.14 0.15 0.89 0.76 0.66 0.99 0.10 0.58 0.34 0.85 0.52 0.68 0.27 0.74 0.61 1.00 0.53 0.95 0.43 0.28 0.73 0.52 0.12 0.68 0.94 0.58 0.89 0.56 0.62 0.96 0.08 0.54 0.98 0.98 0.53 0.56 0.54 0.46 0.48 0.99 0.42 0.22 0.29 0.71 0.37 0.41 0.92 ]
[0.05 0.08 0.31 0.08 0.52 0.78 0.89 0.62 0.28 0.74 0.51 0.27 0.50 0.15 0.98 0.09 0.95 0.86 0.39 0.48 0.22 0.51 0.84 0.69 0.34 0.46 0.54 0.47 0.17 0.12 0.26 0.95 0.64 0.67 0.85 0.89 0.85 0.68 0.60 0.46 0.53 1.00 0.51 0.93 0.81 0.14 0.30 0.93 0.72 0.30 0.66 0.04 0.66 0.30 0.25 0.93 0.30 0.15 0.32 0.53 0.15 0.22 0.12 0.83 0.89 0.13 0.71 0.53 0.29 0.01 0.84 0.31 ]
[0.16 0.94 0.88 0.41 0.50 0.18 0.11 0.90 0.58 0.38 0.10 0.29 0.32 0.18 0.41 0.73 0.74 0.33 0.78 0.09 0.62 0.77 0.18 0.56 0.79 0.22 0.32 0.28 0.73 0.41 0.26 0.32 0.46 0.16 0.44 0.23 0.94 0.17 0.05 0.98 0.95 0.51 1.00 0.07 0.05 0.11 0.44 0.36 0.59 0.92 0.02 0.05 0.24 0.77 0.38 0.63 0.39 0.37 0.05 0.26 0.16 0.12 0.83 0.82 0.98 0.17 0.41 0.30 0.82 0.36 0.44 0.93 ]
[0.86 0.29 0.78 0.26 0.03 0.64 0.98 0.56 0.85 0.19 0.04 0.61 0.00 0.59 0.08 0.20 0.57 0.01 0.51 0.84 0.33 0.70 0.40 0.57 0.09 0.46 0.74 0.38 0.72 0.07 0.62 0.93 0.25 0.37 1.00 0.19 0.41 0.09 0.91 0.99 0.43 0.93 0.07 1.00 0.60 0.21 0.62 0.31 0.04 0.17 0.15 0.50 0.77 0.68 0.03 0.04 0.83 0.17 0.32 0.85 0.73 0.78 0.88 0.01 0.40 0.97 0.05 0.06 0.12 0.07 0.10 0.19 ]
[0.31 0.41 0.05 0.14 0.02 0.02 0.61 0.61 0.78 0.71 0.98 0.49 0.47 0.36 0.58 0.46 0.43 0.35 0.92 0.85 0.64 0.50 0.29 0.82 0.55 0.26 0.64 0.20 0.46 0.34 0.07 0.39 0.23 0.14 0.88 0.07 0.27 0.97 0.00 0.28 0.28 0.81 0.05 0.60 1.00 0.72 0.21 0.31 0.53 0.75 0.64 0.64 0.38 0.09 0.66 0.45 0.07 0.08 0.19 0.60 0.04 0.44 0.60 0.43 0.64 0.42 0.92 0.89 0.79 0.20 0.37 0.62 ]
[0.24 0.71 0.43 0.91 0.28 0.21 0.08 0.99 0.91 0.53 0.22 0.99 0.71 0.94 0.91 0.71 0.58 0.66 0.25 0.67 0.52 0.65 0.16 0.92 0.06 0.32 0.20 0.91 0.36 0.80 0.82 0.37 0.90 0.05 0.05 0.54 0.57 0.36 0.77 0.89 0.73 0.14 0.11 0.21 0.72 1.00 0.50 0.46 0.92 0.85 0.05 0.23 0.99 0.12 0.61 0.19 0.56 0.97 0.88 0.46 0.60 0.07 0.51 0.31 0.36 0.02 0.85 0.55 0.66 0.28 0.92 0.36 ]
[0.91 0.55 0.23 0.31 0.33 0.09 0.60 0.72 0.81 0.31 0.62 0.92 0.71 0.93 0.98 0.62 0.31 0.67 0.50 0.00 0.77 0.56 0.97 0.73 0.79 0.87 0.38 0.61 0.02 0.88 0.69 0.18 0.39 0.96 0.88 0.43 0.12 0.72 0.92 0.05 0.52 0.30 0.44 0.62 0.21 0.50 1.00 0.09 0.64 0.10 0.46 0.96 0.47 0.60 0.70 0.97 0.03 0.65 0.25 0.41 0.93 0.38 0.21 0.68 0.41 0.75 0.69 0.16 0.18 0.05 0.20 0.91 ]
[0.04 0.49 0.05 0.68 0.07 0.08 0.19 0.55 0.48 0.22 0.77 0.66 0.41 0.86 0.60 0.46 0.97 0.50 0.60 0.43 0.62 0.71 0.70 0.90 0.69 0.16 0.67 0.64 0.55 0.76 0.74 0.20 0.34 0.55 0.03 0.60 0.50 0.53 0.81 0.54 0.12 0.93 0.36 0.31 0.31 0.46 0.09 1.00 0.51 0.57 0.03 0.39 0.83 0.20 0.94 0.65 0.17 0.38 0.47 0.36 0.25 0.12 0.54 0.19 0.94 0.01 0.38 0.19 0.38 0.77 0.78 0.39 ]
[0.29 0.70 0.69 0.65 0.55 0.37 0.57 0.20 0.79 0.63 0.84 0.57 0.41 0.58 0.46 0.64 0.53 0.94 0.21 0.97 0.34 0.13 0.21 0.71 0.78 0.84 0.35 0.70 0.89 0.63 0.81 0.67 0.82 0.88 0.41 0.57 0.33 0.06 0.47 0.16 0.68 0.72 0.59 0.04 0.53 0.92 0.64 0.51 1.00 0.19 0.29 0.03 0.81 0.27 0.24 0.97 0.26 0.45 0.82 0.79 0.38 0.62 0.14 0.53 0.69 0.05 0.07 0.08 0.07 0.16 0.39 0.76 ]
[0.59 0.24 0.84 0.07 0.63 0.06 0.36 0.26 1.00 0.09 0.88 0.92 0.57 0.10 0.65 0.01 0.48 0.77 0.33 0.13 0.54 0.67 0.84 0.30 0.55 0.47 0.19 0.18 0.49 0.21 0.13 0.97 0.03 0.60 0.39 0.06 0.95 0.22 0.72 0.01 0.94 0.30 0.92 0.17 0.75 0.85 0.10 0.57 0.19 1.00 0.24 0.48 0.89 0.67 0.23 0.86 0.49 0.75 0.61 0.47 0.82 0.54 0.94 0.56 0.55 0.16 0.34 0.88 0.51 0.22 0.49 0.76 ]
[0.50 0.19 0.42 1.00 0.10 0.46 0.25 0.38 0.02 0.21 0.84 0.08 0.84 0.37 0.96 0.21 0.10 0.12 0.11 0.66 0.63 0.15 0.13 0.98 0.58 0.47 0.62 0.79 0.07 0.43 0.81 0.85 0.16 0.47 0.15 0.46 0.68 0.94 0.53 0.91 0.58 0.66 0.02 0.15 0.64 0.05 0.46 0.03 0.29 0.24 1.00 0.97 0.56 0.83 0.04 0.74 0.19 0.43 0.55 0.69 0.26 0.49 0.32 0.20 0.94 0.72 0.03 0.99 0.92 0.20 0.46 1.00 ]
[0.93 0.69 0.76 0.52 0.82 0.55 0.92 0.85 0.62 0.74 0.05 0.22 0.08 0.96 0.00 0.75 0.97 0.38 0.64 0.03 0.28 0.62 0.66 0.46 0.69 0.34 0.83 0.66 0.88 0.62 0.06 0.38 0.44 0.88 0.26 0.52 0.86 0.10 0.46 0.61 0.89 0.04 0.05 0.50 0.64 0.23 0.96 0.39 0.03 0.48 0.97 1.00 0.89 0.19 0.41 0.22 0.35 0.72 0.82 0.57 0.40 0.38 0.69 0.18 0.52 0.89 0.93 0.26 0.78 0.32 0.15 0.46 ]
[0.89 0.17 0.13 0.54 0.84 0.22 0.46 0.45 0.11 0.63 0.45 0.83 0.40 0.56 0.97 0.75 0.97 0.78 0.28 0.59 0.99 0.83 0.70 0.49 0.78 0.81 0.34 0.60 0.17 0.39 0.99 0.66 0.17 0.24 0.19 0.36 0.57 0.13 0.17 0.38 0.56 0.66 0.24 0.77 0.38 0.99 0.47 0.83 0.81 0.89 0.56 0.89 1.00 0.91 0.05 0.80 0.98 0.59 0.84 0.21 0.13 0.75 0.62 0.92 0.36 0.05 0.73 0.26 0.41 0.82 0.59 0.23 ]
[0.45 0.51 0.22 0.91 0.23 0.98 0.17 0.62 0.02 0.87 0.91 0.77 0.58 0.11 0.13 0.93 0.20 0.19 0.32 0.78 0.45 0.00 0.00 0.16 0.03 0.42 0.65 0.96 0.70 0.22 0.54 0.40 0.36 0.26 0.36 0.79 0.19 0.41 0.05 0.04 0.62 0.30 0.77 0.68 0.09 0.12 0.60 0.20 0.27 0.67 0.83 0.19 0.91 1.00 0.57 0.02 0.77 0.75 0.39 0.08 0.53 0.76 0.54 0.13 0.53 0.42 0.96 0.16 0.70 0.32 0.15 0.47 ]
[0.91 0.06 0.54 0.54 0.19 0.71 0.68 0.91 0.06 0.94 0.74 0.99 0.95 0.57 0.90 0.47 0.51 0.66 0.77 0.49 0.58 0.00 0.20 0.58 0.88 0.91 0.90 0.83 0.03 0.61 0.40 0.79 0.84 0.57 0.99 0.39 0.40 0.85 0.31 0.20 0.96 0.25 0.38 0.03 0.66 0.61 0.70 0.94 0.24 0.23 0.04 0.41 0.05 0.57 1.00 0.95 0.45 0.75 0.59 0.59 0.88 0.15 0.24 0.28 0.10 0.50 0.91 0.59 0.89 0.32 0.64 0.92 ]
[0.56 0.27 0.61 0.35 0.44 0.86 0.96 0.47 0.81 0.71 0.62 0.68 0.87 0.28 0.48 0.16 0.79 0.43 0.01 0.52 0.28 0.54 0.62 0.16 0.96 0.33 0.97 0.66 0.32 0.15 0.86 0.02 0.63 0.33 0.15 0.02 0.58 0.37 0.61 0.14 0.08 0.93 0.63 0.04 0.45 0.19 0.97 0.65 0.97 0.86 0.74 0.22 0.80 0.02 0.95 1.00 0.89 0.01 0.49 0.66 0.54 0.98 0.09 0.73 0.08 0.55 0.68 0.26 0.39 0.13 0.46 0.63 ]
[0.04 0.54 0.78 0.31 0.19 0.69 0.49 0.76 0.11 0.51 0.33 0.29 0.38 0.02 0.50 0.53 0.18 0.53 0.75 0.46 0.12 0.65 0.83 0.52 0.78 0.59 0.70 0.58 0.69 0.70 0.82 0.54 0.11 0.29 0.61 0.79 0.02 0.55 0.64 0.93 0.54 0.30 0.39 0.83 0.07 0.56 0.03 0.17 0.26 0.49 0.19 0.35 0.98 0.77 0.45 0.89 1.00 0.72 0.26 0.78 0.42 0.54 0.47 0.72 0.28 0.31 0.98 0.49 0.38 0.22 0.35 0.80 ]
[0.99 0.78 0.12 0.52 0.30 0.46 0.64 0.62 0.46 0.38 0.87 0.51 0.27 0.37 0.41 0.68 0.01 0.99 0.84 0.67 0.09 0.21 0.50 0.45 0.29 0.65 0.06 0.69 0.49 0.80 0.37 0.94 0.04 0.71 0.47 0.87 0.23 0.08 0.38 0.23 0.98 0.15 0.37 0.17 0.08 0.97 0.65 0.38 0.45 0.75 0.43 0.72 0.59 0.75 0.75 0.01 0.72 1.00 0.92 0.89 0.51 0.20 0.24 0.87 0.10 0.98 0.10 0.52 0.29 0.57 0.71 0.00 ]
[0.65 0.38 0.02 0.68 0.41 0.93 0.04 0.59 0.32 0.41 0.23 0.29 0.21 0.90 0.57 0.13 0.73 0.69 0.82 0.78 0.05 0.50 0.57 0.61 0.21 0.83 0.04 0.59 0.80 0.77 0.18 0.68 0.74 0.05 0.76 0.41 0.54 0.96 0.95 0.38 0.98 0.32 0.05 0.32 0.19 0.88 0.25 0.47 0.82 0.61 0.55 0.82 0.84 0.39 0.59 0.49 0.26 0.92 1.00 0.24 0.90 0.42 0.40 0.58 0.31 0.56 0.14 0.96 0.51 0.12 0.02 0.40 ]
[0.96 0.56 0.88 0.11 0.49 0.77 0.76 0.81 0.03 0.76 0.19 0.13 0.47 0.52 0.22 1.00 0.43 0.06 0.85 0.74 0.16 0.88 0.12 0.49 0.45 0.93 0.26 0.57 0.83 0.84 0.34 0.46 0.15 0.43 0.27 0.11 0.28 0.17 0.70 0.24 0.53 0.53 0.26 0.85 0.60 0.46 0.41 0.36 0.79 0.47 0.69 0.57 0.21 0.08 0.59 0.66 0.78 0.89 0.24 1.00 0.81 0.11 0.76 0.79 0.90 0.86 0.87 0.83 0.42 0.17 0.31 0.75 ]
[0.74 0.48 0.45 0.08 0.38 0.96 0.86 0.07 0.15 0.19 0.03 0.94 0.58 0.83 0.95 0.36 0.95 0.65 0.88 0.45 0.49 0.16 0.68 0.33 0.41 0.53 0.90 0.61 0.09 0.63 0.03 0.75 0.34 0.95 0.93 0.97 0.29 0.75 0.65 0.55 0.56 0.15 0.16 0.73 0.04 0.60 0.93 0.25 0.38 0.82 0.26 0.40 0.13 0.53 0.88 0.54 0.42 0.51 0.90 0.81 1.00 0.53 0.27 0.12 0.22 0.37 0.56 0.30 0.53 0.06 0.14 0.96 ]
[0.03 0.25 0.42 0.50 0.61 0.48 0.13 0.29 0.69 0.45 0.37 0.43 0.58 0.72 0.41 0.42 0.45 0.73 0.26 0.95 0.95 0.83 0.68 0.78 0.93 0.81 0.05 0.20 0.09 0.27 0.21 0.80 0.81 0.65 0.72 0.32 0.37 0.86 0.55 0.81 0.54 0.22 0.12 0.78 0.44 0.07 0.38 0.12 0.62 0.54 0.49 0.38 0.75 0.76 0.15 0.98 0.54 0.20 0.42 0.11 0.53 1.00 0.34 0.76 0.69 0.84 0.46 0.57 0.65 0.08 0.81 0.08 ]
[0.80 0.50 0.38 0.21 0.87 0.83 0.02 0.39 0.97 0.88 0.60 0.40 0.64 0.17 0.25 0.76 0.83 0.06 0.68 0.57 0.33 0.57 0.28 0.96 0.91 0.73 0.70 0.69 0.88 0.40 0.99 0.98 0.84 0.46 0.28 0.83 0.95 0.96 0.00 0.68 0.46 0.12 0.83 0.88 0.60 0.51 0.21 0.54 0.14 0.94 0.32 0.69 0.62 0.54 0.24 0.09 0.47 0.24 0.40 0.76 0.27 0.34 1.00 0.18 0.71 0.19 0.69 0.43 0.20 0.97 0.34 0.21 ]
[0.87 0.81 0.64 0.47 0.97 0.35 0.49 0.11 0.77 0.66 0.07 0.08 0.24 0.07 0.01 0.12 0.73 0.31 0.40 0.97 0.15 0.17 0.15 0.06 0.60 0.12 0.32 0.47 0.40 0.88 0.82 0.10 0.81 0.34 0.64 0.34 0.50 0.93 0.51 0.56 0.48 0.83 0.82 0.01 0.43 0.31 0.68 0.19 0.53 0.56 0.20 0.18 0.92 0.13 0.28 0.73 0.72 0.87 0.58 0.79 0.12 0.76 0.18 1.00 0.25 0.35 0.40 0.95 0.95 0.15 0.31 0.31 ]
[0.72 0.85 0.31 0.78 0.87 0.14 0.05 0.91 0.91 0.78 0.68 0.40 0.81 0.56 0.80 0.15 0.60 0.26 0.90 0.15 0.41 0.58 0.15 0.01 0.05 0.57 0.70 0.80 0.63 0.05 0.15 0.86 0.92 0.51 0.07 0.82 0.02 0.70 0.42 0.18 0.99 0.89 0.98 0.40 0.64 0.36 0.41 0.94 0.69 0.55 0.94 0.52 0.36 0.53 0.10 0.08 0.28 0.10 0.31 0.90 0.22 0.69 0.71 0.25 1.00 0.40 0.02 0.67 0.62 0.26 0.89 0.46 ]
[0.34 0.51 0.67 0.92 0.24 0.28 0.09 0.61 0.15 0.64 0.88 0.51 0.06 0.49 0.30 0.85 0.21 0.03 0.02 0.37 0.56 0.35 0.53 0.81 0.71 0.77 0.63 0.34 0.66 0.93 0.58 0.83 0.47 0.81 0.67 0.83 0.93 0.40 0.48 0.09 0.42 0.13 0.17 0.97 0.42 0.02 0.75 0.01 0.05 0.16 0.72 0.89 0.05 0.42 0.50 0.55 0.31 0.98 0.56 0.86 0.37 0.84 0.19 0.35 0.40 1.00 0.70 0.81 1.00 0.62 0.55 0.90 ]
[0.87 0.94 0.62 0.58 0.72 0.62 0.25 0.61 0.34 0.20 0.47 0.31 0.89 0.73 0.36 0.62 0.69 0.53 0.84 0.77 0.06 0.84 0.68 0.32 0.75 0.01 0.28 0.64 0.48 0.88 0.35 0.95 0.19 1.00 0.14 0.69 0.86 0.39 0.76 0.05 0.22 0.71 0.41 0.05 0.92 0.85 0.69 0.38 0.07 0.34 0.03 0.93 0.73 0.96 0.91 0.68 0.98 0.10 0.14 0.87 0.56 0.46 0.69 0.40 0.02 0.70 1.00 0.44 0.78 0.20 0.81 0.84 ]
[0.02 0.84 0.59 0.11 0.17 0.14 0.76 0.92 0.04 0.19 0.04 0.30 0.28 0.18 0.42 0.57 0.96 0.26 0.66 0.94 0.27 0.24 0.33 0.20 0.50 0.10 0.42 0.24 0.42 0.94 0.10 0.89 0.66 0.63 0.41 0.33 0.46 0.30 0.70 0.46 0.29 0.53 0.30 0.06 0.89 0.55 0.16 0.19 0.08 0.88 0.99 0.26 0.26 0.16 0.59 0.26 0.49 0.52 0.96 0.83 0.30 0.57 0.43 0.95 0.67 0.81 0.44 1.00 0.57 0.23 0.70 0.75 ]
[0.20 0.07 0.91 0.99 0.18 0.33 0.14 0.87 0.22 0.51 0.98 0.59 0.75 0.09 0.63 0.68 0.49 0.06 0.31 0.28 0.07 0.30 0.04 0.99 0.89 0.36 0.30 0.81 0.83 0.60 0.40 0.63 0.18 0.36 0.09 0.27 0.00 0.40 0.30 0.83 0.71 0.29 0.82 0.12 0.79 0.66 0.18 0.38 0.07 0.51 0.92 0.78 0.41 0.70 0.89 0.39 0.38 0.29 0.51 0.42 0.53 0.65 0.20 0.95 0.62 1.00 0.78 0.57 1.00 0.56 0.10 0.39 ]
[0.28 0.69 0.45 0.63 0.25 0.47 0.32 0.84 0.48 0.60 0.77 0.68 0.38 0.94 0.84 0.35 0.85 0.74 0.36 0.37 0.69 0.07 0.56 0.05 0.91 0.74 0.92 0.01 0.22 0.77 0.03 0.31 0.22 0.37 0.39 0.98 0.11 0.96 0.53 0.17 0.37 0.01 0.36 0.07 0.20 0.28 0.05 0.77 0.16 0.22 0.20 0.32 0.82 0.32 0.32 0.13 0.22 0.57 0.12 0.17 0.06 0.08 0.97 0.15 0.26 0.62 0.20 0.23 0.56 1.00 0.79 0.67 ]
[0.47 0.80 0.25 0.30 0.36 0.99 0.94 0.14 0.15 0.05 0.91 1.00 0.02 0.74 0.02 0.62 0.47 0.54 0.61 0.94 0.31 0.66 0.21 0.09 0.95 0.49 0.15 0.96 0.74 0.96 0.46 0.68 0.70 0.92 0.49 0.94 0.92 0.27 0.84 0.51 0.41 0.84 0.44 0.10 0.37 0.92 0.20 0.78 0.39 0.49 0.46 0.15 0.59 0.15 0.64 0.46 0.35 0.71 0.02 0.31 0.14 0.81 0.34 0.31 0.89 0.55 0.81 0.70 0.10 0.79 1.00 0.41 ]
[0.29 0.64 0.10 0.53 0.52 0.48 0.47 0.88 0.05 0.21 0.42 0.85 0.91 0.40 0.71 0.03 0.19 0.13 0.47 0.40 0.54 0.15 0.34 0.83 0.38 0.31 0.03 0.22 0.63 0.99 0.62 0.49 0.53 0.80 0.99 0.16 0.50 0.20 0.63 0.63 0.92 0.31 0.93 0.19 0.62 0.36 0.91 0.39 0.76 0.76 1.00 0.46 0.23 0.47 0.92 0.63 0.80 0.00 0.40 0.75 0.96 0.08 0.21 0.31 0.46 0.90 0.84 0.75 0.39 0.67 0.41 1.00 ]
];
