D = 6;
n = [ 2 2 2 2 2 2 ];
N = 62;
d = [1 1 1 1 1 1 1 1 1 1 2 2 2 2 2 2 2 2 2 2 3 3 3 3 3 3 3 3 3 3 4 4 4 4 4 4 4 4 4 4 5 5 5 5 5 5 5 5 5 5 6 6 6 6 6 6 6 6 6 6 6 6 ];
m = [
[1.00 0.95 0.82 0.88 0.23 0.14 0.76 0.47 0.74 0.68 0.83 0.54 0.90 0.33 0.14 0.88 0.14 0.87 0.90 0.81 0.93 0.69 0.41 0.88 0.03 0.56 0.20 0.29 0.14 0.17 0.86 0.55 0.98 0.26 0.71 0.10 0.89 0.15 0.51 0.38 0.81 0.25 0.68 0.07 0.86 0.26 0.52 0.08 0.74 0.13 0.04 0.08 0.28 0.78 0.17 0.12 0.71 0.69 0.33 0.51 0.22 0.02 ]
[0.95 1.00 0.28 0.72 0.54 0.93 0.31 0.59 0.78 0.20 0.52 0.72 0.77 0.44 0.57 0.32 0.74 0.49 0.15 0.27 0.91 0.52 0.01 0.79 0.28 0.32 0.76 0.87 0.59 0.22 0.07 0.90 0.65 0.77 0.09 0.16 0.14 0.83 0.56 0.97 0.42 0.63 0.04 0.29 0.15 0.37 0.67 0.26 0.38 0.07 0.26 0.20 0.43 0.18 0.75 0.17 0.72 0.77 0.88 0.71 0.84 0.89 ]
[0.82 0.28 1.00 0.18 0.30 0.73 0.05 0.74 0.79 0.59 0.33 0.73 0.76 0.02 0.68 0.84 0.95 0.55 0.21 0.01 0.17 0.84 0.87 0.42 0.68 0.22 0.03 0.97 0.34 0.01 0.87 0.59 0.37 0.34 0.89 0.29 0.00 0.99 0.13 0.11 0.62 0.17 0.93 0.86 0.84 0.18 0.43 0.51 0.71 0.64 0.52 0.63 0.12 0.77 0.50 0.11 0.20 0.42 0.83 0.62 0.16 0.38 ]
[0.88 0.72 0.18 1.00 0.43 0.64 0.24 0.32 0.33 0.81 0.64 0.40 0.52 0.24 0.80 0.98 0.00 0.03 0.96 0.34 0.99 0.60 0.86 0.73 0.87 0.66 0.76 0.80 0.02 0.05 0.04 0.77 0.73 0.43 0.20 0.24 0.36 0.62 0.74 0.94 0.82 0.55 0.73 0.36 0.09 0.21 0.83 0.52 0.58 0.95 0.89 0.13 0.51 0.96 0.77 0.62 0.27 0.56 0.38 0.21 0.53 0.25 ]
[0.23 0.54 0.30 0.43 1.00 0.06 0.13 0.44 0.76 0.14 0.14 0.71 0.43 0.44 0.94 0.62 0.93 0.28 0.38 0.32 0.44 0.46 0.67 0.87 0.70 0.30 0.60 0.67 0.59 0.88 0.40 0.57 0.94 0.19 0.16 0.79 0.32 0.21 0.90 0.69 0.08 0.16 0.60 0.13 0.77 0.56 0.45 0.41 0.61 0.35 0.45 0.12 0.55 0.85 0.29 0.56 0.37 0.04 0.33 0.79 0.63 0.92 ]
[0.14 0.93 0.73 0.64 0.06 1.00 0.25 0.06 0.24 0.46 0.04 0.67 0.26 0.15 0.71 0.86 0.84 0.94 0.44 0.86 0.99 0.91 0.21 0.06 0.45 0.82 0.38 0.79 0.78 0.44 0.90 0.79 0.79 0.21 0.84 0.18 0.15 0.65 0.97 0.22 0.53 0.91 0.69 0.53 0.29 0.81 0.09 0.43 0.43 0.29 1.00 0.82 0.15 0.11 0.36 0.67 0.88 0.82 0.05 0.70 0.07 0.17 ]
[0.76 0.31 0.05 0.24 0.13 0.25 1.00 0.51 0.60 0.74 0.66 0.89 0.91 0.39 0.50 0.10 0.01 0.82 0.02 0.49 0.99 0.90 0.47 0.38 0.79 0.95 0.96 0.91 0.90 0.64 0.43 0.92 0.30 0.81 0.21 0.83 0.38 0.55 0.74 0.93 0.30 0.09 0.14 0.76 0.24 0.43 0.40 0.37 0.01 0.51 0.89 0.91 0.90 0.07 0.82 0.27 0.94 0.01 0.99 0.21 0.33 0.35 ]
[0.47 0.59 0.74 0.32 0.44 0.06 0.51 1.00 0.38 0.61 0.77 0.51 0.12 0.73 0.05 0.76 0.68 0.50 0.50 0.77 0.26 0.17 0.26 0.89 0.79 0.13 0.05 0.67 0.42 0.74 0.98 0.05 0.51 0.87 0.64 0.80 0.03 0.88 0.21 0.42 0.51 0.76 0.66 0.32 0.67 0.02 0.29 0.87 0.55 0.73 0.41 0.23 0.24 0.95 0.83 0.27 0.22 0.73 0.98 0.05 0.16 0.42 ]
[0.74 0.78 0.79 0.33 0.76 0.24 0.60 0.38 1.00 0.62 0.68 0.14 0.65 0.05 0.67 0.82 0.88 0.29 0.61 0.81 0.05 0.06 0.68 0.37 0.43 0.65 0.78 0.59 0.84 0.71 0.11 0.76 0.23 0.64 0.70 0.28 0.08 0.61 0.93 0.52 0.23 0.28 0.00 0.15 0.24 0.12 0.94 0.01 0.51 0.62 0.68 0.49 0.89 0.60 0.23 0.29 0.43 0.67 0.47 0.89 0.33 0.64 ]
[0.68 0.20 0.59 0.81 0.14 0.46 0.74 0.61 0.62 1.00 0.69 0.56 0.52 0.03 0.06 0.42 0.73 1.00 0.01 0.33 0.26 0.05 0.12 0.65 0.15 0.77 0.93 0.50 0.68 0.34 0.28 0.32 0.69 0.42 0.68 0.81 0.75 0.66 0.33 0.23 0.46 0.90 0.80 0.95 0.24 0.29 0.36 0.65 0.92 0.93 0.96 0.50 0.29 0.37 0.41 0.29 0.14 0.71 0.15 0.61 0.49 0.91 ]
[0.83 0.52 0.33 0.64 0.14 0.04 0.66 0.77 0.68 0.69 1.00 0.33 0.55 0.85 0.21 0.51 0.54 0.81 0.66 0.29 0.39 0.46 0.13 0.67 0.14 0.83 0.24 0.03 0.79 0.43 0.87 0.54 0.67 0.17 0.56 0.90 0.65 0.05 0.45 0.85 0.77 0.56 0.57 0.70 0.75 0.18 0.90 0.01 0.68 0.65 0.78 0.95 0.29 0.69 0.01 0.40 0.98 0.51 0.40 0.66 0.20 0.28 ]
[0.54 0.72 0.73 0.40 0.71 0.67 0.89 0.51 0.14 0.56 0.33 1.00 0.45 0.08 0.63 0.79 0.81 0.93 0.04 0.81 0.81 0.69 0.28 0.96 0.43 0.36 0.86 0.12 0.78 0.30 0.26 1.00 0.59 0.89 0.89 0.71 0.33 0.12 0.20 0.44 0.64 0.61 0.65 0.63 0.59 0.26 0.27 0.49 0.42 0.05 0.14 0.30 0.68 0.45 0.41 0.85 0.62 0.09 0.72 0.85 0.73 0.94 ]
[0.90 0.77 0.76 0.52 0.43 0.26 0.91 0.12 0.65 0.52 0.55 0.45 1.00 0.15 0.52 0.20 0.63 0.05 0.57 0.32 0.28 0.16 0.31 0.63 0.29 0.33 0.89 0.03 0.41 0.37 0.76 0.89 0.10 0.99 0.60 0.12 0.48 0.06 0.75 0.96 0.52 0.92 0.72 0.42 0.40 0.48 0.47 0.59 0.23 0.08 0.50 0.65 0.63 0.47 0.43 0.05 0.95 0.79 0.33 0.22 0.48 0.55 ]
[0.33 0.44 0.02 0.24 0.44 0.15 0.39 0.73 0.05 0.03 0.85 0.08 0.15 1.00 0.10 0.91 0.56 0.77 0.77 0.77 0.23 0.07 0.92 0.31 0.52 0.74 0.32 0.46 0.92 0.13 0.93 0.74 0.53 0.71 0.09 0.01 0.15 0.88 0.68 0.34 0.80 0.82 0.76 0.49 0.68 0.44 0.48 0.91 0.33 0.87 0.29 0.46 0.44 0.98 0.05 0.76 0.42 0.49 0.47 0.26 0.25 0.77 ]
[0.14 0.57 0.68 0.80 0.94 0.71 0.50 0.05 0.67 0.06 0.21 0.63 0.52 0.10 1.00 0.52 0.82 0.46 0.18 0.73 0.97 0.86 0.24 0.11 0.35 0.26 0.19 0.39 0.18 0.10 0.70 0.09 0.26 0.58 0.08 0.38 0.77 0.71 0.64 0.90 0.09 0.88 0.33 0.20 0.29 0.78 0.36 0.92 0.29 0.49 0.45 0.53 0.37 0.46 0.06 0.71 0.03 0.53 0.70 0.10 0.98 0.82 ]
[0.88 0.32 0.84 0.98 0.62 0.86 0.10 0.76 0.82 0.42 0.51 0.79 0.20 0.91 0.52 1.00 0.37 0.86 0.64 0.51 0.57 0.90 0.45 0.42 0.12 0.58 0.89 0.87 0.71 0.94 0.78 0.31 0.42 0.84 0.96 0.02 0.57 0.19 0.39 0.53 0.69 0.75 0.18 0.64 0.81 0.60 0.33 0.44 0.69 0.05 0.51 0.80 0.87 0.60 0.63 0.53 0.59 0.34 0.92 0.16 0.16 0.71 ]
[0.14 0.74 0.95 0.00 0.93 0.84 0.01 0.68 0.88 0.73 0.54 0.81 0.63 0.56 0.82 0.37 1.00 0.77 0.22 0.05 0.41 0.78 0.01 0.03 0.39 0.77 0.56 0.35 0.38 0.93 0.24 0.24 0.03 0.95 0.94 0.73 0.71 0.75 0.77 0.36 0.57 0.97 0.33 0.28 0.58 0.51 0.48 0.69 0.92 0.58 0.49 0.81 0.79 0.45 0.07 0.90 0.96 0.35 0.89 0.46 0.01 0.79 ]
[0.87 0.49 0.55 0.03 0.28 0.94 0.82 0.50 0.29 1.00 0.81 0.93 0.05 0.77 0.46 0.86 0.77 1.00 0.93 0.56 0.90 0.12 0.84 0.45 0.43 0.62 0.13 0.55 0.31 0.83 0.74 0.02 0.09 0.21 0.14 0.69 0.31 0.57 1.00 0.55 0.28 0.29 0.09 0.32 0.51 0.01 0.04 0.72 0.65 0.64 0.13 0.06 0.76 0.33 0.96 0.44 0.78 0.02 0.43 0.93 0.94 0.64 ]
[0.90 0.15 0.21 0.96 0.38 0.44 0.02 0.50 0.61 0.01 0.66 0.04 0.57 0.77 0.18 0.64 0.22 0.93 1.00 0.95 0.86 0.18 0.49 0.36 0.69 0.51 0.17 0.92 0.65 0.09 0.30 0.33 0.77 0.02 0.01 0.59 0.75 0.31 0.85 0.41 0.36 0.85 0.51 0.61 0.73 0.00 0.20 0.88 0.56 0.06 0.99 0.64 0.53 0.00 0.48 0.73 0.38 0.24 0.48 0.99 0.29 0.65 ]
[0.81 0.27 0.01 0.34 0.32 0.86 0.49 0.77 0.81 0.33 0.29 0.81 0.32 0.77 0.73 0.51 0.05 0.56 0.95 1.00 0.58 0.17 0.84 0.87 0.27 0.01 0.74 0.28 0.52 0.97 0.82 0.07 0.23 0.50 0.14 0.10 0.05 0.15 0.42 0.70 0.12 0.53 0.38 0.93 0.84 0.51 0.84 0.45 0.01 0.60 0.02 0.92 0.75 0.04 0.17 0.17 0.16 0.49 0.96 0.61 0.44 0.18 ]
[0.93 0.91 0.17 0.99 0.44 0.99 0.99 0.26 0.05 0.26 0.39 0.81 0.28 0.23 0.97 0.57 0.41 0.90 0.86 0.58 1.00 0.99 0.06 0.66 0.62 0.24 0.85 0.88 0.76 0.93 0.54 0.55 0.22 0.42 0.17 0.22 0.40 0.58 0.05 0.10 0.70 0.39 0.98 0.12 0.07 0.02 0.75 0.41 0.29 0.05 0.75 0.26 0.40 0.87 0.92 0.45 0.01 0.31 0.01 0.37 0.74 0.76 ]
[0.69 0.52 0.84 0.60 0.46 0.91 0.90 0.17 0.06 0.05 0.46 0.69 0.16 0.07 0.86 0.90 0.78 0.12 0.18 0.17 0.99 1.00 0.77 0.00 0.72 0.06 0.08 0.58 0.57 0.37 0.24 0.90 0.28 0.10 0.62 0.72 0.51 0.83 0.27 0.26 0.83 0.15 0.82 0.32 0.04 0.65 0.58 0.09 0.96 0.81 0.38 0.90 0.41 0.62 0.46 0.68 0.48 0.04 0.66 0.71 0.61 0.80 ]
[0.41 0.01 0.87 0.86 0.67 0.21 0.47 0.26 0.68 0.12 0.13 0.28 0.31 0.92 0.24 0.45 0.01 0.84 0.49 0.84 0.06 0.77 1.00 0.11 0.17 0.10 0.90 0.55 0.66 0.31 0.38 0.10 0.37 0.80 0.72 0.81 0.49 0.60 0.62 0.82 0.44 0.17 0.64 0.84 0.56 0.41 0.52 0.83 0.40 0.67 0.22 0.44 0.16 0.60 0.93 0.48 0.92 0.03 0.66 0.37 0.59 0.21 ]
[0.88 0.79 0.42 0.73 0.87 0.06 0.38 0.89 0.37 0.65 0.67 0.96 0.63 0.31 0.11 0.42 0.03 0.45 0.36 0.87 0.66 0.00 0.11 1.00 0.18 0.85 0.64 0.57 0.13 0.43 0.53 0.00 0.43 0.16 0.89 0.28 0.00 0.95 0.41 0.35 0.95 0.77 0.15 0.95 0.58 0.76 0.64 0.39 0.39 0.79 0.33 0.17 0.20 0.64 0.27 0.20 0.53 0.66 0.39 0.30 0.16 0.96 ]
[0.03 0.28 0.68 0.87 0.70 0.45 0.79 0.79 0.43 0.15 0.14 0.43 0.29 0.52 0.35 0.12 0.39 0.43 0.69 0.27 0.62 0.72 0.17 0.18 1.00 0.47 0.34 0.20 0.06 0.81 0.15 0.91 0.29 0.95 0.06 0.67 0.49 0.67 0.11 0.12 0.95 0.18 0.69 0.05 0.80 0.04 0.41 0.86 0.69 0.36 0.77 0.48 0.67 0.72 0.13 0.29 0.14 0.01 0.83 0.32 0.78 0.84 ]
[0.56 0.32 0.22 0.66 0.30 0.82 0.95 0.13 0.65 0.77 0.83 0.36 0.33 0.74 0.26 0.58 0.77 0.62 0.51 0.01 0.24 0.06 0.10 0.85 0.47 1.00 0.06 0.09 0.12 0.24 0.12 0.64 0.31 0.60 0.51 0.08 0.68 0.28 0.90 0.52 0.55 0.08 0.55 0.88 0.51 0.35 0.71 0.66 0.05 0.87 0.01 0.81 0.86 0.92 0.25 0.16 0.65 0.80 0.83 0.88 0.80 0.57 ]
[0.20 0.76 0.03 0.76 0.60 0.38 0.96 0.05 0.78 0.93 0.24 0.86 0.89 0.32 0.19 0.89 0.56 0.13 0.17 0.74 0.85 0.08 0.90 0.64 0.34 0.06 1.00 0.33 0.35 0.63 0.51 0.13 0.98 0.15 0.01 0.38 0.05 0.10 0.46 0.48 0.46 0.08 0.01 0.59 0.22 0.73 0.36 0.91 0.19 0.32 0.05 0.36 0.41 0.14 0.94 0.00 0.91 0.26 0.97 0.94 0.82 0.43 ]
[0.29 0.87 0.97 0.80 0.67 0.79 0.91 0.67 0.59 0.50 0.03 0.12 0.03 0.46 0.39 0.87 0.35 0.55 0.92 0.28 0.88 0.58 0.55 0.57 0.20 0.09 0.33 1.00 0.01 0.62 0.89 0.77 0.77 0.33 0.82 0.28 0.01 0.80 0.68 0.98 0.42 0.48 0.74 0.90 0.76 0.42 0.15 0.98 0.73 0.92 0.74 0.97 0.04 0.37 0.18 0.51 0.32 0.60 0.04 0.71 0.75 0.62 ]
[0.14 0.59 0.34 0.02 0.59 0.78 0.90 0.42 0.84 0.68 0.79 0.78 0.41 0.92 0.18 0.71 0.38 0.31 0.65 0.52 0.76 0.57 0.66 0.13 0.06 0.12 0.35 0.01 1.00 0.69 0.38 0.85 0.46 0.84 0.60 0.25 0.27 0.64 0.44 0.88 0.05 0.93 0.34 0.00 0.88 0.84 0.82 0.53 0.55 0.57 0.44 0.17 0.19 0.63 0.19 0.96 0.16 0.33 0.12 0.52 0.05 0.94 ]
[0.17 0.22 0.01 0.05 0.88 0.44 0.64 0.74 0.71 0.34 0.43 0.30 0.37 0.13 0.10 0.94 0.93 0.83 0.09 0.97 0.93 0.37 0.31 0.43 0.81 0.24 0.63 0.62 0.69 1.00 0.50 0.18 0.13 0.37 0.49 0.26 0.54 0.79 0.74 0.73 0.36 0.49 0.41 0.40 0.68 0.63 0.68 0.17 0.15 0.11 0.83 0.74 0.65 0.40 0.10 0.81 0.40 0.56 0.76 0.47 0.40 0.73 ]
[0.86 0.07 0.87 0.04 0.40 0.90 0.43 0.98 0.11 0.28 0.87 0.26 0.76 0.93 0.70 0.78 0.24 0.74 0.30 0.82 0.54 0.24 0.38 0.53 0.15 0.12 0.51 0.89 0.38 0.50 1.00 0.46 0.36 0.57 0.61 0.98 0.31 0.75 0.74 0.10 0.93 0.52 0.24 0.60 0.87 0.32 0.32 0.26 0.77 0.88 0.35 0.86 0.46 0.13 0.92 0.19 0.38 0.87 0.59 0.12 0.06 0.73 ]
[0.55 0.90 0.59 0.77 0.57 0.79 0.92 0.05 0.76 0.32 0.54 1.00 0.89 0.74 0.09 0.31 0.24 0.02 0.33 0.07 0.55 0.90 0.10 0.00 0.91 0.64 0.13 0.77 0.85 0.18 0.46 1.00 0.68 0.48 0.45 0.49 0.03 0.52 0.01 0.06 0.45 0.47 0.41 0.54 0.34 0.53 0.31 0.57 0.56 0.44 0.21 0.75 0.62 0.51 0.72 0.48 0.43 0.25 0.54 0.72 0.57 0.97 ]
[0.98 0.65 0.37 0.73 0.94 0.79 0.30 0.51 0.23 0.69 0.67 0.59 0.10 0.53 0.26 0.42 0.03 0.09 0.77 0.23 0.22 0.28 0.37 0.43 0.29 0.31 0.98 0.77 0.46 0.13 0.36 0.68 1.00 0.85 0.66 0.50 0.43 0.02 0.24 0.87 0.22 0.00 0.40 0.54 0.42 0.80 0.54 0.89 0.70 0.34 0.50 0.96 0.54 0.86 0.67 0.01 0.23 0.77 0.12 0.46 0.43 0.78 ]
[0.26 0.77 0.34 0.43 0.19 0.21 0.81 0.87 0.64 0.42 0.17 0.89 0.99 0.71 0.58 0.84 0.95 0.21 0.02 0.50 0.42 0.10 0.80 0.16 0.95 0.60 0.15 0.33 0.84 0.37 0.57 0.48 0.85 1.00 0.07 0.50 0.83 0.04 0.40 0.13 0.37 0.40 0.99 0.44 0.07 0.02 0.97 0.73 0.73 0.77 0.29 0.32 0.13 0.21 0.35 0.74 0.91 0.47 0.70 0.12 0.50 0.24 ]
[0.71 0.09 0.89 0.20 0.16 0.84 0.21 0.64 0.70 0.68 0.56 0.89 0.60 0.09 0.08 0.96 0.94 0.14 0.01 0.14 0.17 0.62 0.72 0.89 0.06 0.51 0.01 0.82 0.60 0.49 0.61 0.45 0.66 0.07 1.00 0.50 0.67 0.05 0.14 0.28 0.82 0.90 0.06 0.66 0.33 0.47 0.76 0.05 0.07 0.81 0.36 0.90 0.64 1.00 0.01 0.45 0.15 0.60 0.84 0.13 0.56 0.40 ]
[0.10 0.16 0.29 0.24 0.79 0.18 0.83 0.80 0.28 0.81 0.90 0.71 0.12 0.01 0.38 0.02 0.73 0.69 0.59 0.10 0.22 0.72 0.81 0.28 0.67 0.08 0.38 0.28 0.25 0.26 0.98 0.49 0.50 0.50 0.50 1.00 0.26 0.47 0.99 0.08 0.05 0.74 0.99 1.00 0.01 0.03 0.49 0.62 0.28 0.73 0.49 0.03 0.06 0.01 0.45 0.66 0.45 0.42 0.33 0.73 0.99 0.67 ]
[0.89 0.14 0.00 0.36 0.32 0.15 0.38 0.03 0.08 0.75 0.65 0.33 0.48 0.15 0.77 0.57 0.71 0.31 0.75 0.05 0.40 0.51 0.49 0.00 0.49 0.68 0.05 0.01 0.27 0.54 0.31 0.03 0.43 0.83 0.67 0.26 1.00 0.76 0.10 0.20 0.22 0.12 0.05 0.71 0.83 0.44 0.81 0.84 0.04 0.38 0.84 0.55 0.45 0.82 0.65 0.11 0.50 0.40 0.14 0.98 0.54 0.76 ]
[0.15 0.83 0.99 0.62 0.21 0.65 0.55 0.88 0.61 0.66 0.05 0.12 0.06 0.88 0.71 0.19 0.75 0.57 0.31 0.15 0.58 0.83 0.60 0.95 0.67 0.28 0.10 0.80 0.64 0.79 0.75 0.52 0.02 0.04 0.05 0.47 0.76 1.00 0.46 0.87 0.97 0.33 0.40 0.86 0.16 0.74 0.21 0.37 0.95 0.53 0.82 0.23 0.53 0.83 0.79 0.61 0.57 0.70 0.89 0.97 0.98 0.82 ]
[0.51 0.56 0.13 0.74 0.90 0.97 0.74 0.21 0.93 0.33 0.45 0.20 0.75 0.68 0.64 0.39 0.77 1.00 0.85 0.42 0.05 0.27 0.62 0.41 0.11 0.90 0.46 0.68 0.44 0.74 0.74 0.01 0.24 0.40 0.14 0.99 0.10 0.46 1.00 0.68 0.26 0.91 1.00 0.67 0.95 0.81 0.58 0.78 0.99 0.04 0.36 0.97 0.26 0.57 0.85 0.50 0.37 0.92 0.67 0.28 0.67 0.77 ]
[0.38 0.97 0.11 0.94 0.69 0.22 0.93 0.42 0.52 0.23 0.85 0.44 0.96 0.34 0.90 0.53 0.36 0.55 0.41 0.70 0.10 0.26 0.82 0.35 0.12 0.52 0.48 0.98 0.88 0.73 0.10 0.06 0.87 0.13 0.28 0.08 0.20 0.87 0.68 1.00 0.66 0.89 0.90 0.19 0.29 0.68 0.50 0.87 0.26 0.74 0.23 0.61 0.40 0.50 0.45 0.65 0.77 0.35 0.02 0.53 0.94 0.81 ]
[0.81 0.42 0.62 0.82 0.08 0.53 0.30 0.51 0.23 0.46 0.77 0.64 0.52 0.80 0.09 0.69 0.57 0.28 0.36 0.12 0.70 0.83 0.44 0.95 0.95 0.55 0.46 0.42 0.05 0.36 0.93 0.45 0.22 0.37 0.82 0.05 0.22 0.97 0.26 0.66 1.00 0.78 0.07 0.59 0.45 0.92 0.82 0.45 0.14 0.49 0.46 0.83 0.55 0.50 0.12 0.25 0.80 0.73 0.87 0.04 0.59 0.69 ]
[0.25 0.63 0.17 0.55 0.16 0.91 0.09 0.76 0.28 0.90 0.56 0.61 0.92 0.82 0.88 0.75 0.97 0.29 0.85 0.53 0.39 0.15 0.17 0.77 0.18 0.08 0.08 0.48 0.93 0.49 0.52 0.47 0.00 0.40 0.90 0.74 0.12 0.33 0.91 0.89 0.78 1.00 0.49 0.90 0.53 0.06 0.83 0.28 0.41 0.89 0.92 0.82 0.81 0.35 0.20 0.96 0.49 0.73 0.12 0.13 0.87 0.44 ]
[0.68 0.04 0.93 0.73 0.60 0.69 0.14 0.66 0.00 0.80 0.57 0.65 0.72 0.76 0.33 0.18 0.33 0.09 0.51 0.38 0.98 0.82 0.64 0.15 0.69 0.55 0.01 0.74 0.34 0.41 0.24 0.41 0.40 0.99 0.06 0.99 0.05 0.40 1.00 0.90 0.07 0.49 1.00 0.79 0.13 0.20 0.76 0.47 0.78 0.29 0.66 0.78 0.28 0.67 0.70 0.97 0.15 0.88 0.10 0.85 0.61 0.54 ]
[0.07 0.29 0.86 0.36 0.13 0.53 0.76 0.32 0.15 0.95 0.70 0.63 0.42 0.49 0.20 0.64 0.28 0.32 0.61 0.93 0.12 0.32 0.84 0.95 0.05 0.88 0.59 0.90 0.00 0.40 0.60 0.54 0.54 0.44 0.66 1.00 0.71 0.86 0.67 0.19 0.59 0.90 0.79 1.00 0.13 0.36 0.35 0.53 0.78 0.30 0.56 0.78 0.46 0.93 0.03 0.20 0.01 0.57 0.55 0.02 0.72 0.73 ]
[0.86 0.15 0.84 0.09 0.77 0.29 0.24 0.67 0.24 0.24 0.75 0.59 0.40 0.68 0.29 0.81 0.58 0.51 0.73 0.84 0.07 0.04 0.56 0.58 0.80 0.51 0.22 0.76 0.88 0.68 0.87 0.34 0.42 0.07 0.33 0.01 0.83 0.16 0.95 0.29 0.45 0.53 0.13 0.13 1.00 0.86 0.48 0.16 0.28 0.97 0.50 0.95 0.69 0.93 0.28 0.92 0.25 0.11 0.87 0.26 0.53 0.99 ]
[0.26 0.37 0.18 0.21 0.56 0.81 0.43 0.02 0.12 0.29 0.18 0.26 0.48 0.44 0.78 0.60 0.51 0.01 0.00 0.51 0.02 0.65 0.41 0.76 0.04 0.35 0.73 0.42 0.84 0.63 0.32 0.53 0.80 0.02 0.47 0.03 0.44 0.74 0.81 0.68 0.92 0.06 0.20 0.36 0.86 1.00 0.71 0.60 0.70 0.41 0.98 0.37 0.58 0.17 0.17 0.45 0.95 0.30 0.39 0.92 0.51 0.93 ]
[0.52 0.67 0.43 0.83 0.45 0.09 0.40 0.29 0.94 0.36 0.90 0.27 0.47 0.48 0.36 0.33 0.48 0.04 0.20 0.84 0.75 0.58 0.52 0.64 0.41 0.71 0.36 0.15 0.82 0.68 0.32 0.31 0.54 0.97 0.76 0.49 0.81 0.21 0.58 0.50 0.82 0.83 0.76 0.35 0.48 0.71 1.00 0.07 0.65 0.60 0.61 0.64 0.27 0.40 0.16 0.44 0.98 0.20 0.52 0.34 0.59 0.99 ]
[0.08 0.26 0.51 0.52 0.41 0.43 0.37 0.87 0.01 0.65 0.01 0.49 0.59 0.91 0.92 0.44 0.69 0.72 0.88 0.45 0.41 0.09 0.83 0.39 0.86 0.66 0.91 0.98 0.53 0.17 0.26 0.57 0.89 0.73 0.05 0.62 0.84 0.37 0.78 0.87 0.45 0.28 0.47 0.53 0.16 0.60 0.07 1.00 0.12 0.93 0.33 0.59 0.23 0.05 0.10 0.97 0.51 0.60 0.96 0.67 0.36 0.77 ]
[0.74 0.38 0.71 0.58 0.61 0.43 0.01 0.55 0.51 0.92 0.68 0.42 0.23 0.33 0.29 0.69 0.92 0.65 0.56 0.01 0.29 0.96 0.40 0.39 0.69 0.05 0.19 0.73 0.55 0.15 0.77 0.56 0.70 0.73 0.07 0.28 0.04 0.95 0.99 0.26 0.14 0.41 0.78 0.78 0.28 0.70 0.65 0.12 1.00 0.71 0.33 0.53 0.86 0.12 0.16 0.56 0.05 0.29 0.12 0.12 0.15 0.70 ]
[0.13 0.07 0.64 0.95 0.35 0.29 0.51 0.73 0.62 0.93 0.65 0.05 0.08 0.87 0.49 0.05 0.58 0.64 0.06 0.60 0.05 0.81 0.67 0.79 0.36 0.87 0.32 0.92 0.57 0.11 0.88 0.44 0.34 0.77 0.81 0.73 0.38 0.53 0.04 0.74 0.49 0.89 0.29 0.30 0.97 0.41 0.60 0.93 0.71 1.00 0.97 0.02 0.88 0.77 0.15 0.77 0.75 0.68 1.00 0.71 0.46 0.67 ]
[0.04 0.26 0.52 0.89 0.45 1.00 0.89 0.41 0.68 0.96 0.78 0.14 0.50 0.29 0.45 0.51 0.49 0.13 0.99 0.02 0.75 0.38 0.22 0.33 0.77 0.01 0.05 0.74 0.44 0.83 0.35 0.21 0.50 0.29 0.36 0.49 0.84 0.82 0.36 0.23 0.46 0.92 0.66 0.56 0.50 0.98 0.61 0.33 0.33 0.97 1.00 0.99 0.40 0.57 0.45 0.42 0.69 0.53 0.47 0.20 0.39 0.75 ]
[0.08 0.20 0.63 0.13 0.12 0.82 0.91 0.23 0.49 0.50 0.95 0.30 0.65 0.46 0.53 0.80 0.81 0.06 0.64 0.92 0.26 0.90 0.44 0.17 0.48 0.81 0.36 0.97 0.17 0.74 0.86 0.75 0.96 0.32 0.90 0.03 0.55 0.23 0.97 0.61 0.83 0.82 0.78 0.78 0.95 0.37 0.64 0.59 0.53 0.02 0.99 1.00 0.94 0.33 0.68 0.20 0.55 0.36 0.68 0.64 0.83 0.67 ]
[0.28 0.43 0.12 0.51 0.55 0.15 0.90 0.24 0.89 0.29 0.29 0.68 0.63 0.44 0.37 0.87 0.79 0.76 0.53 0.75 0.40 0.41 0.16 0.20 0.67 0.86 0.41 0.04 0.19 0.65 0.46 0.62 0.54 0.13 0.64 0.06 0.45 0.53 0.26 0.40 0.55 0.81 0.28 0.46 0.69 0.58 0.27 0.23 0.86 0.88 0.40 0.94 1.00 0.15 0.74 0.28 0.80 0.17 0.84 0.51 0.76 0.85 ]
[0.78 0.18 0.77 0.96 0.85 0.11 0.07 0.95 0.60 0.37 0.69 0.45 0.47 0.98 0.46 0.60 0.45 0.33 0.00 0.04 0.87 0.62 0.60 0.64 0.72 0.92 0.14 0.37 0.63 0.40 0.13 0.51 0.86 0.21 1.00 0.01 0.82 0.83 0.57 0.50 0.50 0.35 0.67 0.93 0.93 0.17 0.40 0.05 0.12 0.77 0.57 0.33 0.15 1.00 0.33 0.06 0.60 0.53 0.76 0.71 0.49 0.51 ]
[0.17 0.75 0.50 0.77 0.29 0.36 0.82 0.83 0.23 0.41 0.01 0.41 0.43 0.05 0.06 0.63 0.07 0.96 0.48 0.17 0.92 0.46 0.93 0.27 0.13 0.25 0.94 0.18 0.19 0.10 0.92 0.72 0.67 0.35 0.01 0.45 0.65 0.79 0.85 0.45 0.12 0.20 0.70 0.03 0.28 0.17 0.16 0.10 0.16 0.15 0.45 0.68 0.74 0.33 1.00 0.32 0.27 0.45 0.96 0.78 0.39 0.05 ]
[0.12 0.17 0.11 0.62 0.56 0.67 0.27 0.27 0.29 0.29 0.40 0.85 0.05 0.76 0.71 0.53 0.90 0.44 0.73 0.17 0.45 0.68 0.48 0.20 0.29 0.16 0.00 0.51 0.96 0.81 0.19 0.48 0.01 0.74 0.45 0.66 0.11 0.61 0.50 0.65 0.25 0.96 0.97 0.20 0.92 0.45 0.44 0.97 0.56 0.77 0.42 0.20 0.28 0.06 0.32 1.00 0.43 0.12 0.64 0.61 0.27 0.88 ]
[0.71 0.72 0.20 0.27 0.37 0.88 0.94 0.22 0.43 0.14 0.98 0.62 0.95 0.42 0.03 0.59 0.96 0.78 0.38 0.16 0.01 0.48 0.92 0.53 0.14 0.65 0.91 0.32 0.16 0.40 0.38 0.43 0.23 0.91 0.15 0.45 0.50 0.57 0.37 0.77 0.80 0.49 0.15 0.01 0.25 0.95 0.98 0.51 0.05 0.75 0.69 0.55 0.80 0.60 0.27 0.43 1.00 0.23 0.78 0.98 0.13 0.01 ]
[0.69 0.77 0.42 0.56 0.04 0.82 0.01 0.73 0.67 0.71 0.51 0.09 0.79 0.49 0.53 0.34 0.35 0.02 0.24 0.49 0.31 0.04 0.03 0.66 0.01 0.80 0.26 0.60 0.33 0.56 0.87 0.25 0.77 0.47 0.60 0.42 0.40 0.70 0.92 0.35 0.73 0.73 0.88 0.57 0.11 0.30 0.20 0.60 0.29 0.68 0.53 0.36 0.17 0.53 0.45 0.12 0.23 1.00 0.93 0.10 0.19 0.20 ]
[0.33 0.88 0.83 0.38 0.33 0.05 0.99 0.98 0.47 0.15 0.40 0.72 0.33 0.47 0.70 0.92 0.89 0.43 0.48 0.96 0.01 0.66 0.66 0.39 0.83 0.83 0.97 0.04 0.12 0.76 0.59 0.54 0.12 0.70 0.84 0.33 0.14 0.89 0.67 0.02 0.87 0.12 0.10 0.55 0.87 0.39 0.52 0.96 0.12 1.00 0.47 0.68 0.84 0.76 0.96 0.64 0.78 0.93 1.00 0.09 0.12 0.90 ]
[0.51 0.71 0.62 0.21 0.79 0.70 0.21 0.05 0.89 0.61 0.66 0.85 0.22 0.26 0.10 0.16 0.46 0.93 0.99 0.61 0.37 0.71 0.37 0.30 0.32 0.88 0.94 0.71 0.52 0.47 0.12 0.72 0.46 0.12 0.13 0.73 0.98 0.97 0.28 0.53 0.04 0.13 0.85 0.02 0.26 0.92 0.34 0.67 0.12 0.71 0.20 0.64 0.51 0.71 0.78 0.61 0.98 0.10 0.09 1.00 0.08 0.87 ]
[0.22 0.84 0.16 0.53 0.63 0.07 0.33 0.16 0.33 0.49 0.20 0.73 0.48 0.25 0.98 0.16 0.01 0.94 0.29 0.44 0.74 0.61 0.59 0.16 0.78 0.80 0.82 0.75 0.05 0.40 0.06 0.57 0.43 0.50 0.56 0.99 0.54 0.98 0.67 0.94 0.59 0.87 0.61 0.72 0.53 0.51 0.59 0.36 0.15 0.46 0.39 0.83 0.76 0.49 0.39 0.27 0.13 0.19 0.12 0.08 1.00 0.21 ]
[0.02 0.89 0.38 0.25 0.92 0.17 0.35 0.42 0.64 0.91 0.28 0.94 0.55 0.77 0.82 0.71 0.79 0.64 0.65 0.18 0.76 0.80 0.21 0.96 0.84 0.57 0.43 0.62 0.94 0.73 0.73 0.97 0.78 0.24 0.40 0.67 0.76 0.82 0.77 0.81 0.69 0.44 0.54 0.73 0.99 0.93 0.99 0.77 0.70 0.67 0.75 0.67 0.85 0.51 0.05 0.88 0.01 0.20 0.90 0.87 0.21 1.00 ]
];
