D = 8;
n = [ 2 2 2 2 2 2 2 2 ];
N = 73;
d = [1 1 1 1 1 1 1 1 1 2 2 2 2 2 2 2 2 2 3 3 3 3 3 3 3 3 3 4 4 4 4 4 4 4 4 4 5 5 5 5 5 5 5 5 5 6 6 6 6 6 6 6 6 6 7 7 7 7 7 7 7 7 7 8 8 8 8 8 8 8 8 8 8 ];
m = [
[1.00 0.16 0.91 0.92 0.57 0.99 0.97 0.74 0.14 0.33 0.70 0.64 0.41 0.38 0.17 0.58 0.02 0.13 0.32 0.94 0.31 0.54 0.97 0.96 0.76 0.71 0.25 0.67 0.80 0.69 0.34 0.93 0.19 0.87 0.76 0.86 0.14 0.41 0.92 0.38 0.28 0.76 0.33 0.63 0.64 0.90 0.41 0.22 0.74 0.59 0.03 0.11 0.95 0.16 0.65 0.02 0.25 0.86 0.63 0.10 0.45 0.97 0.47 0.43 0.30 0.23 0.27 0.76 0.48 0.02 0.96 0.53 0.60 ]
[0.16 1.00 0.95 0.71 0.06 0.79 0.12 0.51 0.90 0.66 0.96 0.54 0.25 0.38 0.76 0.27 0.64 0.40 0.45 0.97 0.67 0.15 0.53 0.57 0.72 0.29 0.79 0.71 0.79 0.80 0.60 0.23 0.68 0.83 0.13 0.41 0.13 0.18 0.52 0.75 0.23 0.49 0.03 0.54 1.00 0.76 0.87 0.20 0.66 0.49 0.39 0.06 0.87 0.59 0.33 0.71 0.98 0.09 0.83 0.88 0.73 0.30 0.04 0.87 0.76 0.06 0.72 0.41 0.54 0.05 0.99 1.00 0.53 ]
[0.91 0.95 1.00 0.24 0.58 0.74 0.80 0.74 0.05 0.28 0.16 0.30 0.08 0.18 0.34 0.95 0.79 0.76 0.29 0.21 0.75 0.07 0.83 0.32 0.23 0.28 0.91 0.74 0.44 0.19 0.80 0.68 0.12 0.24 0.75 0.11 0.16 0.69 0.89 0.46 0.10 0.75 0.93 0.53 1.00 0.66 0.56 0.63 0.79 0.17 0.24 0.50 0.72 0.35 0.94 0.16 0.43 0.03 0.18 0.15 0.02 0.29 0.63 0.16 0.24 0.13 0.65 0.90 0.02 0.51 0.55 0.63 0.02 ]
[0.92 0.71 0.24 1.00 0.15 0.19 0.13 0.57 0.52 0.61 0.66 0.94 0.81 0.78 0.28 0.63 0.81 0.23 0.84 0.96 0.89 0.94 0.07 0.95 0.61 0.56 0.21 0.11 0.06 0.54 0.82 0.13 0.55 0.08 0.47 0.95 0.17 0.12 0.97 0.86 0.58 0.61 0.94 0.98 0.63 1.00 0.77 0.47 0.26 0.24 0.54 0.78 0.49 0.38 0.02 0.76 0.45 0.23 0.90 0.69 0.95 0.19 0.28 0.94 0.72 0.81 0.66 0.65 0.44 0.60 0.23 0.11 0.92 ]
[0.57 0.06 0.58 0.15 1.00 0.17 0.60 0.89 0.34 0.62 0.52 0.27 0.23 0.47 0.70 0.05 0.12 0.91 0.99 0.82 0.28 0.06 0.49 0.02 0.03 0.86 0.22 0.36 0.23 0.20 0.47 0.49 0.73 0.79 0.27 0.52 0.52 0.55 0.66 0.30 0.87 0.01 0.68 0.88 0.11 0.70 0.60 0.83 0.83 0.64 0.25 0.78 0.20 0.42 0.74 0.16 0.16 1.00 0.02 0.69 0.76 0.28 0.47 0.78 0.44 0.33 0.27 0.01 0.88 0.56 0.47 0.66 0.43 ]
[0.99 0.79 0.74 0.19 0.17 1.00 0.70 0.42 0.11 0.56 0.55 0.45 0.39 0.79 0.55 0.58 0.63 0.24 0.42 0.01 0.84 0.64 0.40 0.48 0.43 0.22 0.71 0.01 0.41 0.43 0.39 0.78 0.48 0.22 0.95 0.51 0.32 0.42 1.00 0.22 0.82 0.12 0.56 0.91 0.52 0.76 0.73 0.81 0.59 0.94 0.55 0.43 0.61 0.43 0.53 0.21 0.38 0.64 0.40 0.97 0.55 0.84 0.77 0.41 0.67 0.87 0.96 0.26 0.71 0.48 0.67 0.42 0.88 ]
[0.97 0.12 0.80 0.13 0.60 0.70 1.00 0.72 0.82 0.06 0.41 0.80 0.44 0.30 0.95 0.20 0.26 0.19 0.66 0.34 0.08 0.67 0.59 0.95 0.50 0.47 0.12 0.02 0.22 0.66 0.46 0.73 0.58 0.52 0.20 0.96 0.59 0.13 0.43 0.67 0.17 0.34 0.63 0.43 0.72 0.05 0.51 0.91 0.49 0.79 0.78 0.08 0.90 0.02 0.31 0.68 0.67 0.53 0.13 0.08 0.52 0.60 0.15 0.49 0.28 0.02 0.90 0.34 0.02 0.91 0.38 0.53 0.99 ]
[0.74 0.51 0.74 0.57 0.89 0.42 0.72 1.00 0.57 0.72 0.27 0.26 0.36 0.31 0.67 0.85 0.52 0.69 0.08 0.08 0.62 0.82 0.79 0.21 0.82 0.14 0.13 0.40 0.57 0.18 0.38 0.84 0.29 0.13 1.00 0.99 0.85 0.83 0.17 0.76 0.78 0.74 0.53 0.89 0.59 0.35 0.31 0.65 0.36 0.67 0.32 0.75 0.12 0.64 0.69 0.97 0.19 0.18 0.41 0.78 0.70 0.98 0.95 0.71 0.45 0.15 0.09 0.87 0.26 0.12 0.08 0.31 0.87 ]
[0.14 0.90 0.05 0.52 0.34 0.11 0.82 0.57 1.00 0.01 0.49 0.43 0.40 0.76 0.83 0.54 0.87 0.30 0.75 0.04 0.77 0.15 0.88 0.20 0.87 0.56 0.96 0.69 0.07 0.03 0.18 0.56 0.87 0.53 0.08 0.58 0.83 0.06 0.79 0.88 0.97 0.92 0.15 0.23 0.97 0.31 0.16 0.09 0.27 0.29 0.72 0.17 0.36 0.05 0.01 0.33 0.86 0.57 0.78 0.11 0.98 0.20 0.09 0.51 0.98 0.92 0.44 0.34 0.09 0.84 0.76 0.08 0.88 ]
[0.33 0.66 0.28 0.61 0.62 0.56 0.06 0.72 0.01 1.00 0.32 0.41 0.06 0.75 0.90 0.73 0.68 0.91 0.87 0.34 0.07 0.83 0.40 0.99 0.52 0.19 0.38 0.24 0.11 0.57 0.91 0.04 0.84 0.67 0.50 0.41 0.52 0.87 0.60 0.02 0.90 0.76 0.24 0.20 0.38 0.52 0.15 0.45 0.57 0.31 0.97 0.21 0.78 0.77 0.16 0.71 0.44 0.77 0.51 0.75 0.43 0.93 0.02 0.37 0.68 0.62 0.47 0.45 0.20 0.53 0.37 0.80 0.09 ]
[0.70 0.96 0.16 0.66 0.52 0.55 0.41 0.27 0.49 0.32 1.00 0.49 0.06 0.57 0.15 0.05 0.09 0.24 0.37 0.18 0.56 0.04 0.29 0.65 0.22 0.04 0.42 0.15 0.91 0.77 0.64 0.48 0.22 0.15 0.60 0.20 0.71 0.60 0.51 0.15 0.13 0.67 0.13 0.69 0.53 0.25 0.93 0.87 0.38 0.90 0.15 0.22 0.17 0.96 0.10 0.16 0.60 0.07 0.38 0.25 0.23 0.05 0.65 0.09 0.66 0.43 0.24 0.22 0.92 0.61 0.58 0.32 0.73 ]
[0.64 0.54 0.30 0.94 0.27 0.45 0.80 0.26 0.43 0.41 0.49 1.00 0.31 0.48 0.48 0.06 0.25 0.36 0.31 0.22 0.93 0.43 0.17 0.72 0.57 0.33 0.70 0.27 0.70 0.94 0.97 0.69 0.59 0.37 0.83 0.82 0.11 0.04 0.97 0.00 0.26 0.30 0.85 0.95 0.71 0.42 0.37 0.53 0.60 0.75 0.64 0.95 0.71 0.22 0.49 0.60 0.46 0.21 0.30 0.37 0.53 0.03 0.73 0.72 0.65 0.50 0.71 0.93 0.29 0.36 0.57 0.94 0.34 ]
[0.41 0.25 0.08 0.81 0.23 0.39 0.44 0.36 0.40 0.06 0.06 0.31 1.00 0.34 0.68 0.24 0.74 0.40 0.83 0.62 0.15 0.95 0.36 0.82 0.46 0.75 0.17 0.89 0.38 0.27 0.13 0.67 0.44 0.74 0.20 0.46 0.90 0.20 0.10 0.43 0.36 0.03 0.34 0.99 0.43 0.16 0.52 0.35 0.13 0.08 0.93 0.83 0.04 0.07 0.68 0.97 0.15 0.21 0.86 0.16 0.16 0.55 0.78 0.11 0.62 0.44 0.29 0.12 0.26 0.50 0.78 0.48 0.68 ]
[0.38 0.38 0.18 0.78 0.47 0.79 0.30 0.31 0.76 0.75 0.57 0.48 0.34 1.00 1.00 0.72 0.33 0.68 0.16 0.65 0.77 0.80 0.99 0.80 0.41 0.70 0.83 0.03 0.44 0.92 0.55 0.98 0.71 0.44 0.64 0.26 0.35 0.82 0.30 0.85 0.37 0.71 0.82 0.71 0.35 0.07 0.95 0.70 0.84 0.87 0.81 0.23 0.66 0.52 0.67 0.33 0.80 0.19 0.76 0.92 0.47 0.16 0.44 0.17 0.64 0.85 0.79 0.81 0.60 0.00 0.85 0.13 0.61 ]
[0.17 0.76 0.34 0.28 0.70 0.55 0.95 0.67 0.83 0.90 0.15 0.48 0.68 1.00 1.00 0.17 0.94 0.75 0.63 0.23 0.71 0.98 0.89 0.11 0.46 0.51 0.99 0.56 0.21 0.78 0.42 0.74 0.06 0.30 0.81 0.25 0.82 0.32 0.45 0.79 0.10 0.71 0.45 0.90 0.78 1.00 0.02 0.93 0.91 0.53 0.22 0.47 0.19 0.90 0.45 0.49 0.54 0.25 0.51 0.76 0.53 0.99 0.35 0.33 0.24 0.45 0.37 0.04 0.83 0.16 0.55 0.09 0.03 ]
[0.58 0.27 0.95 0.63 0.05 0.58 0.20 0.85 0.54 0.73 0.05 0.06 0.24 0.72 0.17 1.00 0.91 0.88 0.84 0.56 0.90 0.05 0.42 0.77 0.20 0.27 0.09 0.67 0.92 0.85 0.07 0.32 0.07 0.36 0.73 0.50 0.29 0.83 0.41 0.26 0.50 0.31 0.65 0.26 0.05 0.50 0.49 0.23 0.07 0.15 0.68 0.51 0.50 0.30 0.91 0.99 0.29 0.42 0.81 0.64 0.62 0.55 0.11 0.36 0.48 0.98 0.83 0.45 0.32 0.58 0.88 0.75 0.23 ]
[0.02 0.64 0.79 0.81 0.12 0.63 0.26 0.52 0.87 0.68 0.09 0.25 0.74 0.33 0.94 0.91 1.00 0.20 0.20 0.51 0.46 0.79 0.72 0.42 0.55 0.86 0.37 0.59 0.35 0.09 0.48 0.77 0.03 0.63 0.85 0.48 0.81 0.95 0.44 0.98 0.09 0.61 0.54 0.61 0.59 0.59 0.85 0.32 0.95 0.99 0.33 0.10 0.63 0.59 0.47 0.64 0.59 0.33 0.84 0.42 0.30 0.68 0.30 0.40 0.66 0.75 0.90 0.37 0.18 0.03 0.78 0.33 0.47 ]
[0.13 0.40 0.76 0.23 0.91 0.24 0.19 0.69 0.30 0.91 0.24 0.36 0.40 0.68 0.75 0.88 0.20 1.00 0.50 0.68 0.23 0.06 0.18 0.85 0.35 0.01 0.53 0.46 0.22 0.49 0.55 0.24 0.35 0.15 0.27 0.95 0.09 0.81 0.94 0.54 0.43 0.33 0.13 0.38 0.60 0.73 0.22 0.24 0.43 0.01 0.37 0.51 0.79 0.02 0.37 1.00 0.39 0.54 0.09 0.50 0.55 0.54 0.27 0.20 0.27 0.08 0.27 0.57 0.17 0.09 0.09 0.54 0.50 ]
[0.32 0.45 0.29 0.84 0.99 0.42 0.66 0.08 0.75 0.87 0.37 0.31 0.83 0.16 0.63 0.84 0.20 0.50 1.00 0.28 0.67 0.37 0.10 0.71 0.15 0.52 0.45 0.26 0.76 0.23 0.47 0.21 0.44 0.81 0.48 0.13 0.44 0.76 0.34 0.87 0.70 0.81 0.48 0.46 0.19 0.52 0.01 0.71 0.40 0.67 0.18 0.50 0.98 0.25 0.82 0.79 0.51 0.71 0.83 0.48 0.59 0.04 0.63 0.57 0.86 0.89 0.37 0.73 0.61 0.10 0.69 0.57 0.06 ]
[0.94 0.97 0.21 0.96 0.82 0.01 0.34 0.08 0.04 0.34 0.18 0.22 0.62 0.65 0.23 0.56 0.51 0.68 0.28 1.00 0.93 0.92 0.40 0.75 0.27 0.03 0.78 0.74 0.71 0.40 0.94 0.23 0.36 0.12 0.81 0.46 0.95 0.37 0.19 0.28 0.50 0.78 0.54 0.21 0.91 0.99 0.58 0.57 0.68 0.23 0.84 0.17 0.16 0.95 0.40 0.29 0.65 0.16 0.42 0.94 0.58 0.89 0.87 0.67 0.11 0.89 0.44 0.48 0.06 0.37 0.85 0.01 0.97 ]
[0.31 0.67 0.75 0.89 0.28 0.84 0.08 0.62 0.77 0.07 0.56 0.93 0.15 0.77 0.71 0.90 0.46 0.23 0.67 0.93 1.00 0.06 0.41 0.78 0.09 0.13 0.87 0.73 0.11 0.13 0.78 0.51 0.20 0.10 0.34 0.46 0.96 0.95 0.64 0.22 0.31 0.32 0.99 0.52 0.57 0.57 0.99 0.07 0.19 0.53 0.57 0.14 0.75 0.74 0.57 0.14 0.18 0.50 0.63 0.05 0.44 0.05 0.63 0.75 0.91 0.09 0.43 0.37 0.81 0.51 0.23 0.40 0.05 ]
[0.54 0.15 0.07 0.94 0.06 0.64 0.67 0.82 0.15 0.83 0.04 0.43 0.95 0.80 0.98 0.05 0.79 0.06 0.37 0.92 0.06 1.00 0.65 0.03 0.58 0.45 0.66 0.12 0.87 0.23 0.79 0.23 0.42 0.73 0.83 0.13 0.56 0.16 0.66 0.40 0.17 0.02 0.93 0.94 0.76 0.97 0.23 0.73 0.41 0.86 0.57 0.55 0.22 0.57 0.87 0.90 0.87 0.38 0.99 0.88 0.71 0.83 0.20 0.89 0.99 0.78 0.04 0.50 0.25 0.86 0.86 0.10 0.77 ]
[0.97 0.53 0.83 0.07 0.49 0.40 0.59 0.79 0.88 0.40 0.29 0.17 0.36 0.99 0.89 0.42 0.72 0.18 0.10 0.40 0.41 0.65 1.00 0.36 0.86 0.58 0.42 0.55 0.27 0.31 0.91 0.60 0.49 0.39 0.27 0.25 0.61 0.20 0.17 0.36 0.95 0.37 0.58 0.80 0.71 0.11 0.61 0.69 0.44 0.02 0.65 0.39 0.44 0.60 0.64 0.91 0.25 0.58 0.83 0.83 0.53 0.82 0.87 0.17 0.22 0.19 0.41 0.19 0.67 0.56 0.71 0.05 0.80 ]
[0.96 0.57 0.32 0.95 0.02 0.48 0.95 0.21 0.20 0.99 0.65 0.72 0.82 0.80 0.11 0.77 0.42 0.85 0.71 0.75 0.78 0.03 0.36 1.00 0.91 0.77 0.41 0.30 0.07 0.94 0.62 0.40 0.01 0.15 0.22 0.68 0.62 0.03 0.05 0.53 0.18 0.21 0.46 0.76 0.77 0.82 0.17 0.02 0.98 0.57 0.43 0.86 0.62 0.07 0.36 0.16 0.92 0.16 0.73 0.48 0.16 0.00 0.71 0.21 0.06 0.61 0.09 0.57 0.12 0.96 0.18 0.86 0.80 ]
[0.76 0.72 0.23 0.61 0.03 0.43 0.50 0.82 0.87 0.52 0.22 0.57 0.46 0.41 0.46 0.20 0.55 0.35 0.15 0.27 0.09 0.58 0.86 0.91 1.00 0.45 0.02 0.94 0.88 0.29 0.49 0.57 0.08 0.86 0.35 0.55 0.78 0.83 0.57 0.70 0.59 0.15 0.08 0.63 0.33 0.44 0.13 0.20 0.19 0.31 0.87 0.37 0.31 0.00 0.71 0.66 0.71 0.97 0.00 0.38 0.59 0.16 0.94 0.89 0.21 0.23 0.50 0.68 0.42 0.73 0.69 0.62 0.64 ]
[0.71 0.29 0.28 0.56 0.86 0.22 0.47 0.14 0.56 0.19 0.04 0.33 0.75 0.70 0.51 0.27 0.86 0.01 0.52 0.03 0.13 0.45 0.58 0.77 0.45 1.00 0.25 0.52 0.21 0.19 0.14 0.84 0.78 0.24 0.18 0.11 0.25 0.99 0.47 0.76 0.14 0.46 0.17 0.26 0.24 0.79 0.79 0.78 0.60 1.00 0.49 0.17 0.14 0.19 0.20 0.19 0.73 0.18 0.38 0.01 0.25 0.17 0.48 0.61 0.34 0.54 0.81 0.25 0.68 0.17 0.06 0.18 0.74 ]
[0.25 0.79 0.91 0.21 0.22 0.71 0.12 0.13 0.96 0.38 0.42 0.70 0.17 0.83 0.99 0.09 0.37 0.53 0.45 0.78 0.87 0.66 0.42 0.41 0.02 0.25 1.00 0.55 0.37 0.74 0.14 0.93 0.55 0.46 0.66 0.99 0.90 0.82 0.17 0.42 0.90 0.08 0.98 0.83 0.53 0.81 0.19 0.62 0.99 0.77 0.03 0.08 0.25 0.23 0.61 0.25 1.00 0.21 0.42 0.47 0.05 0.87 0.41 0.90 0.27 0.43 0.81 0.39 0.86 0.76 0.99 0.70 0.06 ]
[0.67 0.71 0.74 0.11 0.36 0.01 0.02 0.40 0.69 0.24 0.15 0.27 0.89 0.03 0.56 0.67 0.59 0.46 0.26 0.74 0.73 0.12 0.55 0.30 0.94 0.52 0.55 1.00 0.69 0.46 0.51 0.75 0.42 0.19 0.53 0.33 0.74 0.59 0.39 0.87 0.92 0.81 0.64 0.96 0.70 0.37 0.81 0.24 0.19 0.48 0.17 0.57 0.33 0.49 0.79 0.84 0.05 0.26 0.12 0.33 0.86 0.30 0.63 0.19 0.93 0.49 0.63 0.03 0.63 0.22 0.24 0.76 0.48 ]
[0.80 0.79 0.44 0.06 0.23 0.41 0.22 0.57 0.07 0.11 0.91 0.70 0.38 0.44 0.21 0.92 0.35 0.22 0.76 0.71 0.11 0.87 0.27 0.07 0.88 0.21 0.37 0.69 1.00 0.96 0.77 0.96 0.72 0.18 0.29 0.40 0.93 0.33 0.55 0.68 0.09 0.06 0.80 0.56 0.24 0.28 0.51 0.21 0.63 0.41 0.18 0.30 0.99 0.24 0.75 0.53 0.92 0.00 0.49 0.77 0.51 0.16 0.36 0.14 0.02 0.18 0.20 0.43 0.42 0.81 0.51 0.79 0.71 ]
[0.69 0.80 0.19 0.54 0.20 0.43 0.66 0.18 0.03 0.57 0.77 0.94 0.27 0.92 0.78 0.85 0.09 0.49 0.23 0.40 0.13 0.23 0.31 0.94 0.29 0.19 0.74 0.46 0.96 1.00 0.72 0.35 0.61 0.95 0.64 0.52 0.21 0.12 0.50 0.51 0.44 0.74 0.19 0.28 0.72 0.44 0.37 0.20 0.01 0.90 0.69 0.85 1.00 0.05 0.05 0.90 0.95 0.41 0.78 0.93 0.63 0.11 0.89 0.40 0.95 0.55 0.70 0.60 0.20 0.80 0.14 0.95 0.16 ]
[0.34 0.60 0.80 0.82 0.47 0.39 0.46 0.38 0.18 0.91 0.64 0.97 0.13 0.55 0.42 0.07 0.48 0.55 0.47 0.94 0.78 0.79 0.91 0.62 0.49 0.14 0.14 0.51 0.77 0.72 1.00 0.01 0.82 0.13 0.93 0.85 0.30 0.07 0.67 0.18 0.41 0.48 0.38 0.85 0.68 0.01 0.46 0.50 0.04 0.95 0.92 0.27 0.74 0.21 0.90 0.64 0.52 0.09 0.44 0.64 0.55 0.61 0.66 0.61 0.39 0.18 0.03 0.06 0.22 0.20 0.86 0.35 0.76 ]
[0.93 0.23 0.68 0.13 0.49 0.78 0.73 0.84 0.56 0.04 0.48 0.69 0.67 0.98 0.74 0.32 0.77 0.24 0.21 0.23 0.51 0.23 0.60 0.40 0.57 0.84 0.93 0.75 0.96 0.35 0.01 1.00 0.26 0.34 0.68 0.28 0.62 0.56 0.15 0.30 0.55 0.48 0.91 0.20 0.87 0.25 0.94 0.40 0.45 0.71 0.08 0.36 0.42 0.42 0.45 0.08 0.95 0.55 0.66 0.28 0.23 1.00 0.27 0.71 0.60 0.82 0.78 0.09 0.57 0.20 0.92 0.38 0.64 ]
[0.19 0.68 0.12 0.55 0.73 0.48 0.58 0.29 0.87 0.84 0.22 0.59 0.44 0.71 0.06 0.07 0.03 0.35 0.44 0.36 0.20 0.42 0.49 0.01 0.08 0.78 0.55 0.42 0.72 0.61 0.82 0.26 1.00 0.87 0.84 0.27 0.05 0.01 0.67 0.00 0.22 0.63 0.29 0.66 0.42 0.95 0.41 0.07 0.34 0.56 0.69 0.72 0.46 0.63 0.25 0.95 0.23 0.01 0.30 0.01 0.31 0.51 0.18 0.36 0.27 0.45 0.48 0.01 0.81 0.11 0.83 0.56 0.08 ]
[0.87 0.83 0.24 0.08 0.79 0.22 0.52 0.13 0.53 0.67 0.15 0.37 0.74 0.44 0.30 0.36 0.63 0.15 0.81 0.12 0.10 0.73 0.39 0.15 0.86 0.24 0.46 0.19 0.18 0.95 0.13 0.34 0.87 1.00 0.86 0.35 0.98 0.25 0.10 0.30 0.99 0.63 0.08 0.77 0.22 0.69 0.32 0.10 0.48 0.76 0.14 0.78 0.93 0.88 0.17 0.62 0.35 0.25 0.47 0.84 0.97 0.37 0.76 0.59 0.64 0.98 0.72 0.78 0.29 0.87 0.77 0.69 0.94 ]
[0.76 0.13 0.75 0.47 0.27 0.95 0.20 1.00 0.08 0.50 0.60 0.83 0.20 0.64 0.81 0.73 0.85 0.27 0.48 0.81 0.34 0.83 0.27 0.22 0.35 0.18 0.66 0.53 0.29 0.64 0.93 0.68 0.84 0.86 1.00 0.02 0.63 0.33 0.94 0.44 0.79 0.74 0.64 0.85 0.48 0.74 0.70 0.63 0.14 0.13 0.54 0.35 0.01 0.57 0.09 0.21 0.97 0.67 0.95 0.12 0.72 0.60 0.88 0.32 0.37 0.66 0.61 0.45 0.68 0.30 0.21 0.19 0.22 ]
[0.86 0.41 0.11 0.95 0.52 0.51 0.96 0.99 0.58 0.41 0.20 0.82 0.46 0.26 0.25 0.50 0.48 0.95 0.13 0.46 0.46 0.13 0.25 0.68 0.55 0.11 0.99 0.33 0.40 0.52 0.85 0.28 0.27 0.35 0.02 1.00 0.11 0.43 0.88 0.77 0.60 0.39 0.18 0.95 0.61 0.17 0.61 0.50 0.29 0.32 0.72 0.65 0.98 0.98 0.33 0.50 0.22 0.49 0.97 0.62 0.79 0.27 0.43 0.19 0.58 0.33 0.07 0.87 0.45 0.50 0.31 0.42 0.60 ]
[0.14 0.13 0.16 0.17 0.52 0.32 0.59 0.85 0.83 0.52 0.71 0.11 0.90 0.35 0.82 0.29 0.81 0.09 0.44 0.95 0.96 0.56 0.61 0.62 0.78 0.25 0.90 0.74 0.93 0.21 0.30 0.62 0.05 0.98 0.63 0.11 1.00 0.42 0.13 0.03 0.01 0.44 0.31 0.77 0.53 0.11 0.50 0.40 0.97 0.21 0.03 0.94 0.95 0.09 0.99 0.04 0.19 0.47 0.63 0.80 0.76 0.71 0.01 0.84 0.09 0.01 0.27 0.28 0.86 0.82 0.51 0.78 0.80 ]
[0.41 0.18 0.69 0.12 0.55 0.42 0.13 0.83 0.06 0.87 0.60 0.04 0.20 0.82 0.32 0.83 0.95 0.81 0.76 0.37 0.95 0.16 0.20 0.03 0.83 0.99 0.82 0.59 0.33 0.12 0.07 0.56 0.01 0.25 0.33 0.43 0.42 1.00 0.42 0.17 0.16 0.37 0.01 0.68 0.34 0.05 0.76 0.34 0.60 0.89 0.71 0.84 0.79 0.81 0.99 0.61 0.70 0.35 0.36 0.36 0.90 0.62 0.31 0.63 0.34 0.84 0.78 0.58 0.56 0.52 0.13 0.72 0.04 ]
[0.92 0.52 0.89 0.97 0.66 1.00 0.43 0.17 0.79 0.60 0.51 0.97 0.10 0.30 0.45 0.41 0.44 0.94 0.34 0.19 0.64 0.66 0.17 0.05 0.57 0.47 0.17 0.39 0.55 0.50 0.67 0.15 0.67 0.10 0.94 0.88 0.13 0.42 1.00 0.38 0.47 0.06 0.18 0.74 0.96 0.46 0.51 0.23 0.82 0.33 0.06 0.46 0.09 0.21 0.37 0.00 0.53 0.28 0.48 0.12 0.83 0.34 0.22 0.83 0.13 0.59 0.65 0.33 0.09 0.50 0.17 0.96 0.22 ]
[0.38 0.75 0.46 0.86 0.30 0.22 0.67 0.76 0.88 0.02 0.15 0.00 0.43 0.85 0.79 0.26 0.98 0.54 0.87 0.28 0.22 0.40 0.36 0.53 0.70 0.76 0.42 0.87 0.68 0.51 0.18 0.30 0.00 0.30 0.44 0.77 0.03 0.17 0.38 1.00 0.34 0.17 0.91 0.43 0.28 0.22 0.71 0.07 0.70 0.37 0.61 0.09 0.16 0.95 0.46 0.88 0.31 0.04 0.69 0.34 0.17 0.35 0.58 0.09 0.19 0.22 0.53 0.42 0.20 0.43 0.08 0.26 0.62 ]
[0.28 0.23 0.10 0.58 0.87 0.82 0.17 0.78 0.97 0.90 0.13 0.26 0.36 0.37 0.10 0.50 0.09 0.43 0.70 0.50 0.31 0.17 0.95 0.18 0.59 0.14 0.90 0.92 0.09 0.44 0.41 0.55 0.22 0.99 0.79 0.60 0.01 0.16 0.47 0.34 1.00 0.33 0.67 0.51 0.07 0.78 0.16 0.01 0.85 0.30 0.57 0.60 0.13 0.61 0.72 0.99 0.67 0.80 0.84 0.94 0.43 0.18 0.59 0.28 0.10 0.10 0.39 0.32 0.79 0.26 0.81 0.05 0.32 ]
[0.76 0.49 0.75 0.61 0.01 0.12 0.34 0.74 0.92 0.76 0.67 0.30 0.03 0.71 0.71 0.31 0.61 0.33 0.81 0.78 0.32 0.02 0.37 0.21 0.15 0.46 0.08 0.81 0.06 0.74 0.48 0.48 0.63 0.63 0.74 0.39 0.44 0.37 0.06 0.17 0.33 1.00 0.60 0.65 0.81 0.08 0.83 0.28 0.06 0.94 0.14 0.78 0.76 0.75 0.38 0.05 0.48 0.90 0.11 0.85 0.81 0.98 0.24 0.96 0.16 0.03 0.87 0.39 0.41 0.06 0.77 0.30 0.51 ]
[0.33 0.03 0.93 0.94 0.68 0.56 0.63 0.53 0.15 0.24 0.13 0.85 0.34 0.82 0.45 0.65 0.54 0.13 0.48 0.54 0.99 0.93 0.58 0.46 0.08 0.17 0.98 0.64 0.80 0.19 0.38 0.91 0.29 0.08 0.64 0.18 0.31 0.01 0.18 0.91 0.67 0.60 1.00 0.99 0.39 0.61 0.23 0.90 0.88 0.99 0.67 0.80 0.24 0.54 0.42 0.89 0.37 0.39 0.89 0.02 0.09 0.72 0.96 0.38 0.47 0.45 0.72 0.98 0.46 0.41 0.66 0.90 0.60 ]
[0.63 0.54 0.53 0.98 0.88 0.91 0.43 0.89 0.23 0.20 0.69 0.95 0.99 0.71 0.90 0.26 0.61 0.38 0.46 0.21 0.52 0.94 0.80 0.76 0.63 0.26 0.83 0.96 0.56 0.28 0.85 0.20 0.66 0.77 0.85 0.95 0.77 0.68 0.74 0.43 0.51 0.65 0.99 1.00 0.81 0.39 0.66 0.46 0.17 0.16 0.69 0.38 0.80 0.15 0.11 0.78 0.23 0.33 0.67 0.84 0.03 0.76 0.92 0.36 0.27 0.25 0.09 0.30 0.95 0.11 0.23 0.10 0.37 ]
[0.64 1.00 1.00 0.63 0.11 0.52 0.72 0.59 0.97 0.38 0.53 0.71 0.43 0.35 0.78 0.05 0.59 0.60 0.19 0.91 0.57 0.76 0.71 0.77 0.33 0.24 0.53 0.70 0.24 0.72 0.68 0.87 0.42 0.22 0.48 0.61 0.53 0.34 0.96 0.28 0.07 0.81 0.39 0.81 1.00 0.31 0.67 0.52 0.87 0.10 0.30 0.30 0.95 0.03 0.04 0.16 0.41 0.35 0.12 0.67 0.60 0.52 0.23 0.54 0.39 0.95 0.95 0.87 0.83 0.84 0.18 0.21 0.14 ]
[0.90 0.76 0.66 1.00 0.70 0.76 0.05 0.35 0.31 0.52 0.25 0.42 0.16 0.07 1.00 0.50 0.59 0.73 0.52 0.99 0.57 0.97 0.11 0.82 0.44 0.79 0.81 0.37 0.28 0.44 0.01 0.25 0.95 0.69 0.74 0.17 0.11 0.05 0.46 0.22 0.78 0.08 0.61 0.39 0.31 1.00 0.40 0.84 0.73 0.49 0.71 0.32 0.65 0.16 0.28 0.63 0.87 0.13 0.37 0.66 0.42 0.35 0.23 0.27 0.43 0.20 0.43 0.94 0.98 0.06 0.53 0.16 0.46 ]
[0.41 0.87 0.56 0.77 0.60 0.73 0.51 0.31 0.16 0.15 0.93 0.37 0.52 0.95 0.02 0.49 0.85 0.22 0.01 0.58 0.99 0.23 0.61 0.17 0.13 0.79 0.19 0.81 0.51 0.37 0.46 0.94 0.41 0.32 0.70 0.61 0.50 0.76 0.51 0.71 0.16 0.83 0.23 0.66 0.67 0.40 1.00 0.01 0.74 0.27 0.29 0.49 0.65 0.91 0.76 0.43 0.77 0.91 0.11 0.26 0.29 0.25 0.02 0.51 0.19 0.62 0.89 0.09 0.97 0.46 0.93 0.69 0.37 ]
[0.22 0.20 0.63 0.47 0.83 0.81 0.91 0.65 0.09 0.45 0.87 0.53 0.35 0.70 0.93 0.23 0.32 0.24 0.71 0.57 0.07 0.73 0.69 0.02 0.20 0.78 0.62 0.24 0.21 0.20 0.50 0.40 0.07 0.10 0.63 0.50 0.40 0.34 0.23 0.07 0.01 0.28 0.90 0.46 0.52 0.84 0.01 1.00 0.05 0.03 0.72 0.28 0.08 0.91 0.28 0.78 1.00 0.25 0.03 0.05 0.10 0.22 0.56 0.61 0.95 0.18 0.32 0.82 0.17 0.46 0.55 0.15 0.29 ]
[0.74 0.66 0.79 0.26 0.83 0.59 0.49 0.36 0.27 0.57 0.38 0.60 0.13 0.84 0.91 0.07 0.95 0.43 0.40 0.68 0.19 0.41 0.44 0.98 0.19 0.60 0.99 0.19 0.63 0.01 0.04 0.45 0.34 0.48 0.14 0.29 0.97 0.60 0.82 0.70 0.85 0.06 0.88 0.17 0.87 0.73 0.74 0.05 1.00 0.50 0.71 0.64 0.90 0.62 0.76 0.25 0.99 0.50 0.01 0.07 0.20 0.02 0.45 0.44 0.03 0.68 0.19 0.78 0.17 0.46 0.08 0.71 0.91 ]
[0.59 0.49 0.17 0.24 0.64 0.94 0.79 0.67 0.29 0.31 0.90 0.75 0.08 0.87 0.53 0.15 0.99 0.01 0.67 0.23 0.53 0.86 0.02 0.57 0.31 1.00 0.77 0.48 0.41 0.90 0.95 0.71 0.56 0.76 0.13 0.32 0.21 0.89 0.33 0.37 0.30 0.94 0.99 0.16 0.10 0.49 0.27 0.03 0.50 1.00 0.13 0.85 0.30 0.75 0.08 0.67 0.75 0.90 0.29 0.15 0.76 0.47 0.63 0.58 0.30 0.95 0.09 0.86 0.10 0.91 0.18 0.08 0.90 ]
[0.03 0.39 0.24 0.54 0.25 0.55 0.78 0.32 0.72 0.97 0.15 0.64 0.93 0.81 0.22 0.68 0.33 0.37 0.18 0.84 0.57 0.57 0.65 0.43 0.87 0.49 0.03 0.17 0.18 0.69 0.92 0.08 0.69 0.14 0.54 0.72 0.03 0.71 0.06 0.61 0.57 0.14 0.67 0.69 0.30 0.71 0.29 0.72 0.71 0.13 1.00 0.30 0.04 0.65 0.82 0.69 0.47 0.20 0.86 0.41 0.18 0.90 0.03 0.94 0.14 0.05 0.56 0.58 0.41 0.52 0.82 0.34 0.01 ]
[0.11 0.06 0.50 0.78 0.78 0.43 0.08 0.75 0.17 0.21 0.22 0.95 0.83 0.23 0.47 0.51 0.10 0.51 0.50 0.17 0.14 0.55 0.39 0.86 0.37 0.17 0.08 0.57 0.30 0.85 0.27 0.36 0.72 0.78 0.35 0.65 0.94 0.84 0.46 0.09 0.60 0.78 0.80 0.38 0.30 0.32 0.49 0.28 0.64 0.85 0.30 1.00 0.95 0.04 0.02 0.21 0.49 0.53 0.20 0.24 0.49 0.86 0.99 0.36 0.42 0.31 0.86 0.66 0.11 0.17 0.19 0.67 0.64 ]
[0.95 0.87 0.72 0.49 0.20 0.61 0.90 0.12 0.36 0.78 0.17 0.71 0.04 0.66 0.19 0.50 0.63 0.79 0.98 0.16 0.75 0.22 0.44 0.62 0.31 0.14 0.25 0.33 0.99 1.00 0.74 0.42 0.46 0.93 0.01 0.98 0.95 0.79 0.09 0.16 0.13 0.76 0.24 0.80 0.95 0.65 0.65 0.08 0.90 0.30 0.04 0.95 1.00 1.00 0.22 0.30 0.43 0.03 0.30 0.15 0.44 0.30 0.41 0.30 0.84 0.11 0.07 0.91 0.90 0.97 0.13 0.76 0.46 ]
[0.16 0.59 0.35 0.38 0.42 0.43 0.02 0.64 0.05 0.77 0.96 0.22 0.07 0.52 0.90 0.30 0.59 0.02 0.25 0.95 0.74 0.57 0.60 0.07 0.00 0.19 0.23 0.49 0.24 0.05 0.21 0.42 0.63 0.88 0.57 0.98 0.09 0.81 0.21 0.95 0.61 0.75 0.54 0.15 0.03 0.16 0.91 0.91 0.62 0.75 0.65 0.04 1.00 1.00 0.52 0.20 0.58 0.65 0.48 1.00 0.00 0.37 0.50 0.52 0.97 0.67 0.25 0.48 0.95 0.43 0.59 0.19 0.36 ]
[0.65 0.33 0.94 0.02 0.74 0.53 0.31 0.69 0.01 0.16 0.10 0.49 0.68 0.67 0.45 0.91 0.47 0.37 0.82 0.40 0.57 0.87 0.64 0.36 0.71 0.20 0.61 0.79 0.75 0.05 0.90 0.45 0.25 0.17 0.09 0.33 0.99 0.99 0.37 0.46 0.72 0.38 0.42 0.11 0.04 0.28 0.76 0.28 0.76 0.08 0.82 0.02 0.22 0.52 1.00 0.19 0.74 0.04 0.42 0.84 0.49 0.27 0.17 0.95 0.74 0.80 0.91 0.94 0.81 0.23 0.85 0.84 0.71 ]
[0.02 0.71 0.16 0.76 0.16 0.21 0.68 0.97 0.33 0.71 0.16 0.60 0.97 0.33 0.49 0.99 0.64 1.00 0.79 0.29 0.14 0.90 0.91 0.16 0.66 0.19 0.25 0.84 0.53 0.90 0.64 0.08 0.95 0.62 0.21 0.50 0.04 0.61 0.00 0.88 0.99 0.05 0.89 0.78 0.16 0.63 0.43 0.78 0.25 0.67 0.69 0.21 0.30 0.20 0.19 1.00 0.05 0.74 0.06 0.11 0.87 0.77 0.96 0.26 0.21 0.81 0.29 0.12 0.40 0.90 0.96 0.74 0.93 ]
[0.25 0.98 0.43 0.45 0.16 0.38 0.67 0.19 0.86 0.44 0.60 0.46 0.15 0.80 0.54 0.29 0.59 0.39 0.51 0.65 0.18 0.87 0.25 0.92 0.71 0.73 1.00 0.05 0.92 0.95 0.52 0.95 0.23 0.35 0.97 0.22 0.19 0.70 0.53 0.31 0.67 0.48 0.37 0.23 0.41 0.87 0.77 1.00 0.99 0.75 0.47 0.49 0.43 0.58 0.74 0.05 1.00 0.87 0.52 0.90 0.40 0.50 0.23 0.27 0.19 0.62 0.66 0.58 0.12 0.82 0.28 0.10 0.82 ]
[0.86 0.09 0.03 0.23 1.00 0.64 0.53 0.18 0.57 0.77 0.07 0.21 0.21 0.19 0.25 0.42 0.33 0.54 0.71 0.16 0.50 0.38 0.58 0.16 0.97 0.18 0.21 0.26 0.00 0.41 0.09 0.55 0.01 0.25 0.67 0.49 0.47 0.35 0.28 0.04 0.80 0.90 0.39 0.33 0.35 0.13 0.91 0.25 0.50 0.90 0.20 0.53 0.03 0.65 0.04 0.74 0.87 1.00 0.06 0.21 0.81 0.62 0.45 0.87 0.94 0.13 0.72 0.29 0.23 0.32 0.79 0.97 0.13 ]
[0.63 0.83 0.18 0.90 0.02 0.40 0.13 0.41 0.78 0.51 0.38 0.30 0.86 0.76 0.51 0.81 0.84 0.09 0.83 0.42 0.63 0.99 0.83 0.73 0.00 0.38 0.42 0.12 0.49 0.78 0.44 0.66 0.30 0.47 0.95 0.97 0.63 0.36 0.48 0.69 0.84 0.11 0.89 0.67 0.12 0.37 0.11 0.03 0.01 0.29 0.86 0.20 0.30 0.48 0.42 0.06 0.52 0.06 1.00 0.51 0.58 0.75 0.57 0.57 0.99 0.59 0.39 0.60 0.86 0.59 0.27 0.58 0.46 ]
[0.10 0.88 0.15 0.69 0.69 0.97 0.08 0.78 0.11 0.75 0.25 0.37 0.16 0.92 0.76 0.64 0.42 0.50 0.48 0.94 0.05 0.88 0.83 0.48 0.38 0.01 0.47 0.33 0.77 0.93 0.64 0.28 0.01 0.84 0.12 0.62 0.80 0.36 0.12 0.34 0.94 0.85 0.02 0.84 0.67 0.66 0.26 0.05 0.07 0.15 0.41 0.24 0.15 1.00 0.84 0.11 0.90 0.21 0.51 1.00 0.12 0.70 0.20 0.49 0.52 0.28 0.17 0.74 0.44 0.84 0.79 0.17 0.51 ]
[0.45 0.73 0.02 0.95 0.76 0.55 0.52 0.70 0.98 0.43 0.23 0.53 0.16 0.47 0.53 0.62 0.30 0.55 0.59 0.58 0.44 0.71 0.53 0.16 0.59 0.25 0.05 0.86 0.51 0.63 0.55 0.23 0.31 0.97 0.72 0.79 0.76 0.90 0.83 0.17 0.43 0.81 0.09 0.03 0.60 0.42 0.29 0.10 0.20 0.76 0.18 0.49 0.44 0.00 0.49 0.87 0.40 0.81 0.58 0.12 1.00 0.68 0.05 0.31 0.20 0.85 0.44 0.84 0.32 0.32 0.12 0.94 0.53 ]
[0.97 0.30 0.29 0.19 0.28 0.84 0.60 0.98 0.20 0.93 0.05 0.03 0.55 0.16 0.99 0.55 0.68 0.54 0.04 0.89 0.05 0.83 0.82 0.00 0.16 0.17 0.87 0.30 0.16 0.11 0.61 1.00 0.51 0.37 0.60 0.27 0.71 0.62 0.34 0.35 0.18 0.98 0.72 0.76 0.52 0.35 0.25 0.22 0.02 0.47 0.90 0.86 0.30 0.37 0.27 0.77 0.50 0.62 0.75 0.70 0.68 1.00 0.93 0.69 1.00 0.99 0.95 0.40 0.52 0.10 0.87 0.59 0.53 ]
[0.47 0.04 0.63 0.28 0.47 0.77 0.15 0.95 0.09 0.02 0.65 0.73 0.78 0.44 0.35 0.11 0.30 0.27 0.63 0.87 0.63 0.20 0.87 0.71 0.94 0.48 0.41 0.63 0.36 0.89 0.66 0.27 0.18 0.76 0.88 0.43 0.01 0.31 0.22 0.58 0.59 0.24 0.96 0.92 0.23 0.23 0.02 0.56 0.45 0.63 0.03 0.99 0.41 0.50 0.17 0.96 0.23 0.45 0.57 0.20 0.05 0.93 1.00 0.06 0.57 0.80 0.46 0.64 0.50 0.80 0.70 0.89 0.03 ]
[0.43 0.87 0.16 0.94 0.78 0.41 0.49 0.71 0.51 0.37 0.09 0.72 0.11 0.17 0.33 0.36 0.40 0.20 0.57 0.67 0.75 0.89 0.17 0.21 0.89 0.61 0.90 0.19 0.14 0.40 0.61 0.71 0.36 0.59 0.32 0.19 0.84 0.63 0.83 0.09 0.28 0.96 0.38 0.36 0.54 0.27 0.51 0.61 0.44 0.58 0.94 0.36 0.30 0.52 0.95 0.26 0.27 0.87 0.57 0.49 0.31 0.69 0.06 1.00 0.28 0.62 0.85 0.90 0.45 0.51 0.11 0.85 0.58 ]
[0.30 0.76 0.24 0.72 0.44 0.67 0.28 0.45 0.98 0.68 0.66 0.65 0.62 0.64 0.24 0.48 0.66 0.27 0.86 0.11 0.91 0.99 0.22 0.06 0.21 0.34 0.27 0.93 0.02 0.95 0.39 0.60 0.27 0.64 0.37 0.58 0.09 0.34 0.13 0.19 0.10 0.16 0.47 0.27 0.39 0.43 0.19 0.95 0.03 0.30 0.14 0.42 0.84 0.97 0.74 0.21 0.19 0.94 0.99 0.52 0.20 1.00 0.57 0.28 1.00 0.44 0.69 0.05 0.20 0.92 0.09 0.40 0.31 ]
[0.23 0.06 0.13 0.81 0.33 0.87 0.02 0.15 0.92 0.62 0.43 0.50 0.44 0.85 0.45 0.98 0.75 0.08 0.89 0.89 0.09 0.78 0.19 0.61 0.23 0.54 0.43 0.49 0.18 0.55 0.18 0.82 0.45 0.98 0.66 0.33 0.01 0.84 0.59 0.22 0.10 0.03 0.45 0.25 0.95 0.20 0.62 0.18 0.68 0.95 0.05 0.31 0.11 0.67 0.80 0.81 0.62 0.13 0.59 0.28 0.85 0.99 0.80 0.62 0.44 1.00 0.33 0.87 0.19 0.77 0.24 0.35 0.96 ]
[0.27 0.72 0.65 0.66 0.27 0.96 0.90 0.09 0.44 0.47 0.24 0.71 0.29 0.79 0.37 0.83 0.90 0.27 0.37 0.44 0.43 0.04 0.41 0.09 0.50 0.81 0.81 0.63 0.20 0.70 0.03 0.78 0.48 0.72 0.61 0.07 0.27 0.78 0.65 0.53 0.39 0.87 0.72 0.09 0.95 0.43 0.89 0.32 0.19 0.09 0.56 0.86 0.07 0.25 0.91 0.29 0.66 0.72 0.39 0.17 0.44 0.95 0.46 0.85 0.69 0.33 1.00 0.48 0.05 0.03 0.76 0.35 0.71 ]
[0.76 0.41 0.90 0.65 0.01 0.26 0.34 0.87 0.34 0.45 0.22 0.93 0.12 0.81 0.04 0.45 0.37 0.57 0.73 0.48 0.37 0.50 0.19 0.57 0.68 0.25 0.39 0.03 0.43 0.60 0.06 0.09 0.01 0.78 0.45 0.87 0.28 0.58 0.33 0.42 0.32 0.39 0.98 0.30 0.87 0.94 0.09 0.82 0.78 0.86 0.58 0.66 0.91 0.48 0.94 0.12 0.58 0.29 0.60 0.74 0.84 0.40 0.64 0.90 0.05 0.87 0.48 1.00 0.95 0.42 0.20 0.14 0.92 ]
[0.48 0.54 0.02 0.44 0.88 0.71 0.02 0.26 0.09 0.20 0.92 0.29 0.26 0.60 0.83 0.32 0.18 0.17 0.61 0.06 0.81 0.25 0.67 0.12 0.42 0.68 0.86 0.63 0.42 0.20 0.22 0.57 0.81 0.29 0.68 0.45 0.86 0.56 0.09 0.20 0.79 0.41 0.46 0.95 0.83 0.98 0.97 0.17 0.17 0.10 0.41 0.11 0.90 0.95 0.81 0.40 0.12 0.23 0.86 0.44 0.32 0.52 0.50 0.45 0.20 0.19 0.05 0.95 1.00 0.50 0.83 0.40 0.01 ]
[0.02 0.05 0.51 0.60 0.56 0.48 0.91 0.12 0.84 0.53 0.61 0.36 0.50 0.00 0.16 0.58 0.03 0.09 0.10 0.37 0.51 0.86 0.56 0.96 0.73 0.17 0.76 0.22 0.81 0.80 0.20 0.20 0.11 0.87 0.30 0.50 0.82 0.52 0.50 0.43 0.26 0.06 0.41 0.11 0.84 0.06 0.46 0.46 0.46 0.91 0.52 0.17 0.97 0.43 0.23 0.90 0.82 0.32 0.59 0.84 0.32 0.10 0.80 0.51 0.92 0.77 0.03 0.42 0.50 1.00 0.19 0.47 0.87 ]
[0.96 0.99 0.55 0.23 0.47 0.67 0.38 0.08 0.76 0.37 0.58 0.57 0.78 0.85 0.55 0.88 0.78 0.09 0.69 0.85 0.23 0.86 0.71 0.18 0.69 0.06 0.99 0.24 0.51 0.14 0.86 0.92 0.83 0.77 0.21 0.31 0.51 0.13 0.17 0.08 0.81 0.77 0.66 0.23 0.18 0.53 0.93 0.55 0.08 0.18 0.82 0.19 0.13 0.59 0.85 0.96 0.28 0.79 0.27 0.79 0.12 0.87 0.70 0.11 0.09 0.24 0.76 0.20 0.83 0.19 1.00 0.92 0.43 ]
[0.53 1.00 0.63 0.11 0.66 0.42 0.53 0.31 0.08 0.80 0.32 0.94 0.48 0.13 0.09 0.75 0.33 0.54 0.57 0.01 0.40 0.10 0.05 0.86 0.62 0.18 0.70 0.76 0.79 0.95 0.35 0.38 0.56 0.69 0.19 0.42 0.78 0.72 0.96 0.26 0.05 0.30 0.90 0.10 0.21 0.16 0.69 0.15 0.71 0.08 0.34 0.67 0.76 0.19 0.84 0.74 0.10 0.97 0.58 0.17 0.94 0.59 0.89 0.85 0.40 0.35 0.35 0.14 0.40 0.47 0.92 1.00 0.36 ]
[0.60 0.53 0.02 0.92 0.43 0.88 0.99 0.87 0.88 0.09 0.73 0.34 0.68 0.61 0.03 0.23 0.47 0.50 0.06 0.97 0.05 0.77 0.80 0.80 0.64 0.74 0.06 0.48 0.71 0.16 0.76 0.64 0.08 0.94 0.22 0.60 0.80 0.04 0.22 0.62 0.32 0.51 0.60 0.37 0.14 0.46 0.37 0.29 0.91 0.90 0.01 0.64 0.46 0.36 0.71 0.93 0.82 0.13 0.46 0.51 0.53 0.53 0.03 0.58 0.31 0.96 0.71 0.92 0.01 0.87 0.43 0.36 1.00 ]
];
