D = 2;
n = [ 5 5 ];
N = 77;
d = [1 1 1 1 1 1 1 1 1 1 1 1 1 1 1 1 1 1 1 1 1 1 1 1 1 1 1 1 1 1 1 1 1 1 1 1 1 1 2 2 2 2 2 2 2 2 2 2 2 2 2 2 2 2 2 2 2 2 2 2 2 2 2 2 2 2 2 2 2 2 2 2 2 2 2 2 2 ];
m = [
[1.00 0.69 0.29 0.66 0.05 0.62 0.43 0.46 0.61 0.72 0.29 0.07 0.99 0.86 0.14 0.95 0.73 0.09 0.43 0.39 0.97 0.29 0.25 0.37 0.76 0.38 0.83 0.74 0.42 0.43 0.34 0.53 0.22 0.02 0.39 0.02 0.72 0.61 0.68 0.40 0.96 0.57 0.02 0.55 0.67 0.16 0.04 0.97 0.09 0.33 0.19 0.71 0.82 0.75 0.11 0.60 0.19 0.45 0.71 0.55 0.25 0.19 0.79 0.51 0.19 0.84 0.23 0.70 0.18 0.20 0.32 0.15 0.50 0.79 0.77 0.03 0.50 ]
[0.69 1.00 0.98 0.15 0.47 0.95 0.25 0.66 0.00 0.47 0.60 0.48 0.27 1.00 0.18 0.16 0.75 0.09 0.51 0.67 0.65 0.07 0.88 0.20 0.40 0.68 0.12 0.40 0.58 0.64 0.83 0.08 0.13 0.77 0.50 0.68 0.09 0.89 0.13 0.62 0.52 0.81 0.36 0.82 0.44 0.10 0.13 0.37 0.63 0.16 0.74 0.50 0.68 0.00 0.13 0.24 0.24 0.52 0.16 0.38 0.76 0.25 0.39 0.42 0.35 0.88 0.11 0.88 0.33 0.41 0.59 0.45 0.96 0.32 0.88 0.66 0.03 ]
[0.29 0.98 1.00 0.48 0.16 0.91 0.90 0.83 0.05 0.20 0.65 0.37 0.62 0.37 0.58 0.40 0.03 0.99 0.64 0.88 0.45 0.48 0.40 0.68 0.88 0.23 0.91 0.94 0.15 0.76 0.90 0.87 0.76 0.74 0.42 0.33 0.51 0.98 0.93 0.54 0.76 0.69 0.74 0.74 0.59 0.39 0.71 0.54 0.13 0.52 0.99 0.51 0.44 0.52 0.80 0.85 0.87 0.03 0.40 0.42 0.86 0.53 0.41 0.64 0.61 0.86 0.97 0.87 0.12 0.61 0.42 0.55 0.04 0.01 0.49 0.99 0.63 ]
[0.66 0.15 0.48 1.00 0.08 0.63 0.99 0.02 0.20 0.99 0.25 0.22 0.44 0.30 0.64 0.72 0.31 0.60 0.26 0.95 0.99 0.01 0.43 0.21 0.46 0.73 0.14 0.41 0.72 0.94 0.46 0.72 0.96 0.95 0.55 0.64 0.59 0.85 0.96 0.63 0.44 0.51 0.76 0.06 0.38 0.36 0.06 0.09 0.24 0.12 0.05 0.36 0.20 0.38 0.54 0.85 0.05 0.52 0.72 0.35 0.30 0.75 0.52 0.78 0.43 0.95 0.44 0.92 0.96 0.30 0.97 0.75 0.25 0.92 0.73 0.23 0.85 ]
[0.05 0.47 0.16 0.08 1.00 0.56 0.87 0.27 0.14 0.19 0.91 0.81 0.72 0.76 0.47 0.50 0.07 0.16 0.97 0.66 0.31 0.06 0.94 0.14 0.84 0.86 0.23 0.01 0.86 0.81 0.82 0.09 0.75 0.78 0.76 0.14 0.25 0.67 0.32 0.50 0.17 0.93 0.58 0.94 0.37 0.69 0.26 0.13 0.20 0.43 0.97 0.23 0.52 0.98 0.25 0.39 0.60 0.01 0.87 0.56 0.32 0.92 0.78 0.82 0.56 0.56 0.20 0.22 0.59 0.13 0.02 0.68 0.89 0.50 0.50 0.92 0.78 ]
[0.62 0.95 0.91 0.63 0.56 1.00 0.64 0.93 0.13 0.31 0.45 0.64 0.37 0.39 0.48 0.61 0.38 0.15 0.60 0.95 0.98 0.00 0.40 0.37 0.93 0.07 0.54 0.96 0.63 0.55 0.92 0.36 0.53 0.87 0.70 0.08 0.28 0.86 0.09 0.87 0.28 0.77 0.94 0.33 0.35 0.06 0.77 0.63 0.19 0.21 0.52 0.08 0.52 0.76 0.15 0.96 0.97 0.78 0.56 0.23 0.66 0.47 1.00 0.48 0.78 0.83 0.89 0.73 0.35 0.39 0.47 0.90 0.83 0.06 0.82 0.13 0.91 ]
[0.43 0.25 0.90 0.99 0.87 0.64 1.00 0.49 0.38 0.93 0.92 0.92 0.49 0.98 0.55 0.94 0.14 0.44 0.85 0.52 0.11 0.75 0.47 0.17 0.83 0.07 0.83 0.29 0.28 0.98 0.34 0.14 0.74 0.19 0.80 0.03 0.88 0.28 0.48 0.35 0.88 0.77 0.38 0.83 0.21 0.13 0.62 0.93 0.95 0.03 0.30 0.42 0.75 0.26 0.72 0.99 0.25 0.11 0.44 0.67 0.40 0.07 0.91 0.28 0.50 0.39 0.03 0.38 0.36 0.58 0.76 0.58 0.61 0.62 0.44 0.07 0.84 ]
[0.46 0.66 0.83 0.02 0.27 0.93 0.49 1.00 0.45 0.09 0.90 0.69 0.94 0.03 0.55 0.44 0.75 0.07 0.94 0.35 0.06 0.54 0.31 0.16 0.49 0.64 0.78 0.51 0.11 0.86 0.80 0.74 0.40 0.91 0.66 0.25 0.36 0.93 0.25 0.19 0.71 0.33 0.98 0.22 0.25 0.63 0.92 0.73 0.37 0.79 0.90 0.83 0.48 0.93 0.31 0.28 0.62 0.72 0.39 0.26 0.76 0.25 0.81 0.28 0.67 0.20 0.50 0.02 0.68 0.56 0.51 0.69 0.34 0.15 0.81 0.09 0.99 ]
[0.61 0.00 0.05 0.20 0.14 0.13 0.38 0.45 1.00 0.58 0.60 0.24 0.17 0.25 0.33 0.28 0.46 0.70 0.72 0.28 0.38 0.10 0.20 0.52 0.08 0.61 0.28 0.72 0.45 0.92 0.11 0.95 0.97 0.66 0.75 0.54 1.00 0.09 0.92 0.36 0.97 0.80 0.39 0.77 0.43 0.01 0.54 0.56 0.90 0.54 0.92 0.58 0.12 0.78 0.96 0.90 0.52 0.03 0.25 0.45 0.10 0.78 0.42 0.96 0.30 0.59 0.95 0.20 0.52 0.00 0.12 0.90 0.76 0.56 0.63 0.28 0.92 ]
[0.72 0.47 0.20 0.99 0.19 0.31 0.93 0.09 0.58 1.00 0.76 0.20 0.29 0.13 0.51 0.43 0.35 0.58 0.87 0.43 0.84 0.93 0.97 0.05 0.52 0.90 0.89 0.23 0.63 0.01 0.48 0.59 0.59 0.75 0.14 0.87 0.92 0.74 0.63 0.49 0.52 0.71 0.74 0.41 0.28 0.71 0.29 0.76 0.70 0.87 0.58 0.74 0.85 0.06 0.43 0.08 0.76 0.38 0.91 0.71 0.34 0.35 0.30 0.21 0.45 0.79 0.80 0.67 0.33 0.68 0.99 0.37 0.90 0.49 0.07 0.25 0.11 ]
[0.29 0.60 0.65 0.25 0.91 0.45 0.92 0.90 0.60 0.76 1.00 0.69 0.26 0.45 0.97 0.94 0.28 0.58 0.58 0.19 0.23 0.31 0.60 0.23 0.87 0.43 0.41 0.11 0.90 0.28 0.31 0.71 0.10 0.09 0.81 0.60 0.65 0.47 0.73 0.03 0.01 0.21 0.91 0.96 0.29 0.69 0.68 0.66 0.64 0.89 0.96 0.55 0.23 0.22 0.88 0.98 0.46 0.33 0.27 0.29 0.28 0.85 0.98 0.53 0.21 0.81 0.58 0.31 0.86 0.11 0.28 0.39 0.53 0.69 0.41 0.17 0.94 ]
[0.07 0.48 0.37 0.22 0.81 0.64 0.92 0.69 0.24 0.20 0.69 1.00 0.58 0.33 0.50 0.19 0.45 0.28 0.58 0.39 0.78 0.69 0.41 0.02 0.01 0.10 0.04 0.24 0.18 0.76 0.14 0.96 0.61 0.96 0.38 0.40 0.53 0.79 0.99 0.09 0.07 0.52 0.28 0.29 0.52 0.92 0.81 0.41 0.41 0.35 0.81 0.78 0.35 0.86 0.59 0.27 0.05 0.99 0.87 0.80 0.39 0.75 0.96 0.48 0.96 0.05 0.44 0.66 0.55 0.45 0.49 0.53 0.02 0.34 0.81 0.48 0.80 ]
[0.99 0.27 0.62 0.44 0.72 0.37 0.49 0.94 0.17 0.29 0.26 0.58 1.00 0.19 0.97 0.99 0.63 0.29 0.09 0.66 0.38 0.30 0.86 0.85 0.71 0.06 0.06 0.03 0.77 0.54 0.62 0.41 0.19 0.49 0.42 0.46 0.60 0.59 0.28 0.43 0.34 0.80 0.25 1.00 0.76 0.08 0.54 0.98 0.01 0.34 0.09 0.34 0.64 0.97 0.93 0.14 0.60 0.83 0.17 0.45 0.49 0.19 0.33 0.07 0.25 0.18 0.98 0.21 0.49 0.79 0.39 0.07 0.60 0.89 0.49 0.90 0.18 ]
[0.86 1.00 0.37 0.30 0.76 0.39 0.98 0.03 0.25 0.13 0.45 0.33 0.19 1.00 0.93 0.09 0.40 0.80 0.64 0.77 0.75 0.85 0.73 0.15 0.11 0.75 0.66 0.32 0.65 0.10 0.63 0.80 0.09 0.70 0.79 0.49 0.41 0.40 0.01 0.80 0.53 0.45 0.04 0.33 0.78 0.62 0.71 0.07 0.54 0.50 0.65 0.36 0.16 0.51 0.11 0.88 0.70 0.92 0.89 0.12 0.52 0.02 0.85 0.68 0.27 0.71 0.63 0.01 0.08 0.19 0.10 0.06 0.01 0.44 0.33 0.83 0.50 ]
[0.14 0.18 0.58 0.64 0.47 0.48 0.55 0.55 0.33 0.51 0.97 0.50 0.97 0.93 1.00 0.19 0.50 0.44 0.27 0.26 0.33 0.70 0.53 0.39 0.32 0.48 0.46 0.56 0.95 0.96 0.52 0.76 0.72 0.92 0.71 0.28 0.55 0.60 0.68 0.83 0.12 0.92 0.50 0.07 0.57 0.27 0.32 0.27 0.86 0.12 0.44 0.62 0.53 0.52 0.90 0.08 0.82 0.72 0.67 0.59 0.35 0.52 0.26 0.25 0.06 0.06 0.06 0.71 0.46 0.97 0.20 0.04 0.27 0.46 0.31 0.11 0.43 ]
[0.95 0.16 0.40 0.72 0.50 0.61 0.94 0.44 0.28 0.43 0.94 0.19 0.99 0.09 0.19 1.00 0.51 0.79 0.32 0.52 0.54 0.48 0.90 0.57 0.71 0.28 0.50 0.51 0.64 0.49 0.86 0.46 0.56 0.54 0.80 0.70 0.76 0.94 0.83 0.81 0.96 0.74 0.04 0.57 0.10 0.29 0.21 0.48 0.49 0.68 0.47 0.11 0.63 0.58 0.49 0.82 0.33 0.32 0.48 0.20 0.91 0.09 0.83 0.20 0.71 0.96 0.81 0.88 0.78 0.73 0.41 0.64 0.79 0.24 0.44 0.31 0.76 ]
[0.73 0.75 0.03 0.31 0.07 0.38 0.14 0.75 0.46 0.35 0.28 0.45 0.63 0.40 0.50 0.51 1.00 0.81 0.90 0.19 0.92 0.50 0.45 0.69 0.51 0.79 0.30 0.00 0.20 0.13 0.96 0.63 0.67 0.79 0.49 0.21 0.49 0.30 0.52 0.19 0.32 0.20 0.73 0.14 0.60 0.70 0.96 0.91 0.03 0.20 0.70 0.49 0.52 0.12 0.58 0.31 0.49 0.26 0.43 0.44 0.62 0.83 0.63 0.42 0.73 0.09 0.46 0.98 0.77 0.25 0.56 0.11 0.70 0.93 0.98 0.89 0.15 ]
[0.09 0.09 0.99 0.60 0.16 0.15 0.44 0.07 0.70 0.58 0.58 0.28 0.29 0.80 0.44 0.79 0.81 1.00 0.38 0.91 0.52 0.72 0.88 0.55 0.96 0.77 0.22 0.77 0.85 0.91 0.46 0.71 0.72 0.88 0.11 0.36 0.41 0.27 0.77 0.22 0.44 0.95 0.83 0.53 0.33 0.01 0.26 0.93 0.20 0.84 0.24 0.73 0.44 0.15 0.21 0.06 0.47 0.67 0.87 0.99 0.30 0.37 0.96 0.41 0.32 0.71 0.66 0.74 0.83 0.37 0.36 0.08 0.02 0.44 0.86 0.00 0.57 ]
[0.43 0.51 0.64 0.26 0.97 0.60 0.85 0.94 0.72 0.87 0.58 0.58 0.09 0.64 0.27 0.32 0.90 0.38 1.00 0.22 0.01 0.21 0.89 0.76 0.23 0.92 0.99 0.66 0.42 0.74 0.37 0.80 0.61 0.17 0.04 0.65 0.54 0.18 0.69 0.86 0.59 0.78 0.27 0.29 0.35 0.63 0.79 0.40 0.71 0.46 0.46 0.61 0.16 0.54 0.95 0.02 0.89 0.53 0.67 0.47 0.08 0.84 0.99 0.27 0.61 0.90 0.62 0.57 0.32 0.07 0.83 1.00 0.21 0.40 0.67 0.97 0.38 ]
[0.39 0.67 0.88 0.95 0.66 0.95 0.52 0.35 0.28 0.43 0.19 0.39 0.66 0.77 0.26 0.52 0.19 0.91 0.22 1.00 1.00 0.93 0.04 0.81 0.04 0.54 0.18 0.70 0.36 0.18 0.33 0.96 0.91 0.86 0.95 0.42 0.49 0.76 0.54 0.71 0.70 0.68 0.99 0.02 0.30 0.83 0.06 0.85 0.25 0.91 0.94 0.37 0.56 0.23 0.56 0.73 0.99 0.80 0.26 0.16 0.97 0.09 0.45 0.75 0.08 0.76 0.24 0.84 0.64 0.16 0.82 0.83 0.09 0.14 0.71 0.24 0.41 ]
[0.97 0.65 0.45 0.99 0.31 0.98 0.11 0.06 0.38 0.84 0.23 0.78 0.38 0.75 0.33 0.54 0.92 0.52 0.01 1.00 1.00 0.66 0.63 0.36 0.98 0.75 0.28 0.42 0.39 0.98 0.01 0.61 0.88 0.76 0.56 0.67 0.19 0.20 0.13 0.31 0.84 0.16 0.49 0.57 0.50 0.36 0.91 0.77 0.14 0.62 0.23 0.80 0.30 0.96 0.99 0.11 0.43 0.93 0.44 0.49 0.76 0.12 0.87 0.34 0.19 0.55 0.80 0.78 0.61 0.94 0.81 0.66 0.40 0.37 0.15 0.12 0.85 ]
[0.29 0.07 0.48 0.01 0.06 0.00 0.75 0.54 0.10 0.93 0.31 0.69 0.30 0.85 0.70 0.48 0.50 0.72 0.21 0.93 0.66 1.00 0.24 0.31 0.93 0.04 0.84 0.41 0.25 0.25 0.03 0.56 0.85 0.15 0.51 0.77 0.16 0.52 0.94 0.84 0.66 0.23 0.96 0.19 0.88 0.11 0.54 0.29 0.97 0.23 0.85 0.70 0.28 0.26 0.22 0.63 0.14 0.55 0.69 0.91 0.77 0.33 0.55 0.53 0.13 0.43 0.10 0.58 0.54 0.97 0.30 0.47 0.10 0.10 0.84 0.47 0.10 ]
[0.25 0.88 0.40 0.43 0.94 0.40 0.47 0.31 0.20 0.97 0.60 0.41 0.86 0.73 0.53 0.90 0.45 0.88 0.89 0.04 0.63 0.24 1.00 0.03 0.24 0.21 0.63 0.80 0.78 0.20 0.79 0.48 0.54 0.57 0.02 0.06 0.74 0.09 0.95 0.98 0.54 0.71 0.15 0.33 0.41 0.97 0.32 0.41 0.81 0.35 0.58 0.04 0.60 0.96 0.25 0.86 0.55 0.27 0.89 0.60 0.94 0.49 0.01 0.89 0.22 0.75 0.85 0.37 0.37 0.90 0.74 0.76 0.41 0.73 0.08 0.88 0.71 ]
[0.37 0.20 0.68 0.21 0.14 0.37 0.17 0.16 0.52 0.05 0.23 0.02 0.85 0.15 0.39 0.57 0.69 0.55 0.76 0.81 0.36 0.31 0.03 1.00 0.41 0.52 0.84 0.04 0.73 0.22 0.28 0.78 0.07 0.33 0.14 0.37 0.93 0.62 0.60 0.47 0.71 0.83 0.29 0.07 0.69 0.98 0.37 0.31 0.90 0.21 0.05 0.73 0.08 0.50 0.97 0.61 0.30 0.03 0.32 0.05 0.35 0.58 0.90 0.85 0.40 0.64 0.94 0.14 0.84 0.12 0.89 0.83 0.14 0.03 0.05 0.85 0.26 ]
[0.76 0.40 0.88 0.46 0.84 0.93 0.83 0.49 0.08 0.52 0.87 0.01 0.71 0.11 0.32 0.71 0.51 0.96 0.23 0.04 0.98 0.93 0.24 0.41 1.00 0.02 0.15 0.20 0.87 0.35 0.29 0.60 0.78 0.52 0.12 0.75 0.59 0.01 0.06 0.30 0.95 0.88 0.35 0.01 0.69 0.75 0.30 0.84 0.28 0.85 0.26 0.64 0.56 0.71 0.17 0.35 0.54 0.06 0.06 0.56 0.00 0.60 0.57 0.40 0.21 0.79 0.83 0.51 0.54 0.03 0.79 0.57 0.50 0.96 0.08 0.82 0.97 ]
[0.38 0.68 0.23 0.73 0.86 0.07 0.07 0.64 0.61 0.90 0.43 0.10 0.06 0.75 0.48 0.28 0.79 0.77 0.92 0.54 0.75 0.04 0.21 0.52 0.02 1.00 0.34 0.10 0.51 0.09 0.04 0.10 0.80 0.50 0.59 0.92 0.75 0.92 0.88 0.90 0.54 0.15 0.41 0.57 0.69 0.62 0.55 0.20 0.47 0.30 0.23 0.15 0.56 0.94 0.67 0.86 0.07 1.00 0.40 0.40 0.55 0.72 0.13 0.41 0.42 0.39 0.97 0.27 0.98 0.37 0.09 0.02 0.64 0.82 0.27 0.52 0.58 ]
[0.83 0.12 0.91 0.14 0.23 0.54 0.83 0.78 0.28 0.89 0.41 0.04 0.06 0.66 0.46 0.50 0.30 0.22 0.99 0.18 0.28 0.84 0.63 0.84 0.15 0.34 1.00 0.51 0.14 0.79 0.83 0.90 0.12 0.11 0.78 0.03 0.78 0.98 0.66 0.37 0.40 0.96 0.56 0.18 0.95 0.43 0.10 0.71 0.61 0.71 0.41 0.24 0.40 0.87 0.00 0.83 0.95 0.96 0.24 0.31 0.87 0.56 0.22 0.29 0.79 0.49 0.06 0.50 0.80 0.18 0.23 0.90 0.65 0.40 0.52 0.58 0.68 ]
[0.74 0.40 0.94 0.41 0.01 0.96 0.29 0.51 0.72 0.23 0.11 0.24 0.03 0.32 0.56 0.51 0.00 0.77 0.66 0.70 0.42 0.41 0.80 0.04 0.20 0.10 0.51 1.00 0.16 0.12 0.44 0.88 0.05 0.95 0.36 0.45 0.01 0.22 0.63 0.06 0.27 0.08 0.52 0.94 0.60 0.31 0.67 0.63 0.04 0.94 0.72 0.77 0.62 0.18 0.87 0.05 0.74 0.03 0.96 0.34 0.54 0.83 0.95 0.79 0.48 0.26 0.88 0.01 0.31 0.58 0.36 0.99 0.96 0.30 0.07 0.20 0.08 ]
[0.42 0.58 0.15 0.72 0.86 0.63 0.28 0.11 0.45 0.63 0.90 0.18 0.77 0.65 0.95 0.64 0.20 0.85 0.42 0.36 0.39 0.25 0.78 0.73 0.87 0.51 0.14 0.16 1.00 0.17 0.15 0.48 0.68 0.40 0.83 0.09 0.79 0.49 0.32 0.37 0.41 0.49 0.68 0.64 0.45 0.06 0.88 0.31 0.16 0.50 0.74 0.28 0.93 0.79 0.00 0.42 0.89 0.19 0.80 0.76 0.30 0.31 0.59 0.29 0.29 0.45 0.25 0.38 0.83 0.71 0.00 0.70 0.16 0.92 0.48 0.38 0.01 ]
[0.43 0.64 0.76 0.94 0.81 0.55 0.98 0.86 0.92 0.01 0.28 0.76 0.54 0.10 0.96 0.49 0.13 0.91 0.74 0.18 0.98 0.25 0.20 0.22 0.35 0.09 0.79 0.12 0.17 1.00 0.92 0.17 0.60 0.87 0.10 0.51 0.32 0.58 0.70 0.12 0.17 0.53 0.14 0.10 0.43 0.63 0.99 0.66 0.23 0.68 0.25 0.06 0.69 0.35 0.87 0.98 0.31 0.65 0.24 0.37 0.45 0.43 0.72 0.07 0.90 0.57 0.24 0.89 0.08 0.02 0.87 0.70 0.38 0.38 0.16 0.56 0.95 ]
[0.34 0.83 0.90 0.46 0.82 0.92 0.34 0.80 0.11 0.48 0.31 0.14 0.62 0.63 0.52 0.86 0.96 0.46 0.37 0.33 0.01 0.03 0.79 0.28 0.29 0.04 0.83 0.44 0.15 0.92 1.00 0.28 0.31 0.83 0.52 0.59 0.36 0.88 1.00 0.41 0.05 0.82 0.03 0.08 0.52 0.06 0.67 0.98 0.86 0.65 0.44 0.86 0.05 0.90 0.76 0.74 0.36 0.65 0.38 0.50 0.02 0.23 0.01 0.07 0.23 0.38 0.03 0.72 0.56 0.90 0.66 0.98 0.22 0.00 0.95 0.76 0.11 ]
[0.53 0.08 0.87 0.72 0.09 0.36 0.14 0.74 0.95 0.59 0.71 0.96 0.41 0.80 0.76 0.46 0.63 0.71 0.80 0.96 0.61 0.56 0.48 0.78 0.60 0.10 0.90 0.88 0.48 0.17 0.28 1.00 0.51 0.04 0.03 0.33 0.91 0.06 0.42 0.21 0.03 0.60 0.08 0.88 0.74 0.37 0.19 0.28 0.27 0.49 0.21 0.71 0.04 0.56 0.61 0.36 0.11 0.45 0.30 0.19 1.00 0.36 0.40 0.24 0.39 0.45 0.23 0.94 0.08 0.16 0.06 0.70 0.24 0.73 0.62 0.56 0.27 ]
[0.22 0.13 0.76 0.96 0.75 0.53 0.74 0.40 0.97 0.59 0.10 0.61 0.19 0.09 0.72 0.56 0.67 0.72 0.61 0.91 0.88 0.85 0.54 0.07 0.78 0.80 0.12 0.05 0.68 0.60 0.31 0.51 1.00 0.60 0.28 0.61 0.17 1.00 0.49 0.51 0.49 0.74 0.61 0.18 0.82 0.40 0.93 0.25 0.84 0.53 0.10 0.89 0.90 0.26 0.24 0.25 0.15 0.07 0.70 0.60 0.40 1.00 0.12 0.95 0.38 0.56 0.66 0.75 0.71 0.12 0.09 0.99 0.07 0.42 0.96 0.04 0.50 ]
[0.02 0.77 0.74 0.95 0.78 0.87 0.19 0.91 0.66 0.75 0.09 0.96 0.49 0.70 0.92 0.54 0.79 0.88 0.17 0.86 0.76 0.15 0.57 0.33 0.52 0.50 0.11 0.95 0.40 0.87 0.83 0.04 0.60 1.00 0.63 0.76 0.17 0.37 0.95 0.19 0.86 0.26 0.06 0.27 0.32 0.93 0.77 0.39 0.22 0.88 0.16 0.83 0.45 0.82 0.49 0.05 0.78 0.61 0.62 0.19 0.30 0.13 0.51 0.49 0.21 0.71 0.34 0.90 0.13 0.25 0.53 0.32 0.28 0.62 0.84 0.19 0.86 ]
[0.39 0.50 0.42 0.55 0.76 0.70 0.80 0.66 0.75 0.14 0.81 0.38 0.42 0.79 0.71 0.80 0.49 0.11 0.04 0.95 0.56 0.51 0.02 0.14 0.12 0.59 0.78 0.36 0.83 0.10 0.52 0.03 0.28 0.63 1.00 0.73 0.33 0.66 0.22 0.33 0.31 0.28 0.69 0.36 0.77 0.15 0.63 0.17 0.03 0.55 0.53 0.14 0.11 0.70 0.43 0.14 0.33 0.59 0.14 0.46 0.81 0.45 0.75 0.89 0.30 0.01 0.52 0.00 0.18 0.51 0.62 0.71 0.10 0.49 0.44 0.85 0.98 ]
[0.02 0.68 0.33 0.64 0.14 0.08 0.03 0.25 0.54 0.87 0.60 0.40 0.46 0.49 0.28 0.70 0.21 0.36 0.65 0.42 0.67 0.77 0.06 0.37 0.75 0.92 0.03 0.45 0.09 0.51 0.59 0.33 0.61 0.76 0.73 1.00 0.78 0.97 0.30 0.18 0.48 0.05 0.18 0.48 0.87 0.97 0.94 0.90 0.74 0.88 0.55 0.03 0.55 0.67 0.58 0.67 0.81 0.33 0.17 0.13 0.14 0.89 0.35 0.25 0.94 0.18 0.83 0.57 0.10 0.93 0.63 0.45 0.42 0.83 0.57 0.78 0.70 ]
[0.72 0.09 0.51 0.59 0.25 0.28 0.88 0.36 1.00 0.92 0.65 0.53 0.60 0.41 0.55 0.76 0.49 0.41 0.54 0.49 0.19 0.16 0.74 0.93 0.59 0.75 0.78 0.01 0.79 0.32 0.36 0.91 0.17 0.17 0.33 0.78 1.00 0.32 0.84 0.63 0.33 0.13 0.11 0.25 0.81 0.50 0.66 0.73 0.32 0.10 0.38 0.56 0.75 0.62 0.07 0.82 0.14 0.36 0.63 0.21 0.17 0.18 0.49 0.56 0.35 0.74 0.75 0.59 0.52 0.14 0.65 0.75 0.03 0.10 0.98 0.24 0.16 ]
[0.61 0.89 0.98 0.85 0.67 0.86 0.28 0.93 0.09 0.74 0.47 0.79 0.59 0.40 0.60 0.94 0.30 0.27 0.18 0.76 0.20 0.52 0.09 0.62 0.01 0.92 0.98 0.22 0.49 0.58 0.88 0.06 1.00 0.37 0.66 0.97 0.32 1.00 0.69 0.57 0.01 0.87 0.40 0.52 0.65 0.38 0.29 0.09 0.89 0.35 0.54 0.21 0.72 0.44 0.25 0.80 0.89 0.17 0.25 0.10 0.02 0.91 0.66 0.97 0.52 0.37 0.22 0.11 0.08 0.26 0.94 0.58 0.66 0.91 0.93 0.80 0.63 ]
[0.68 0.13 0.93 0.96 0.32 0.09 0.48 0.25 0.92 0.63 0.73 0.99 0.28 0.01 0.68 0.83 0.52 0.77 0.69 0.54 0.13 0.94 0.95 0.60 0.06 0.88 0.66 0.63 0.32 0.70 1.00 0.42 0.49 0.95 0.22 0.30 0.84 0.69 1.00 0.63 0.31 0.89 0.11 0.90 0.08 0.75 0.98 0.65 0.32 0.14 0.26 0.40 0.42 0.07 0.50 0.51 0.22 0.55 1.00 0.23 0.47 0.32 0.06 0.58 0.94 0.89 0.49 0.30 0.87 0.97 0.11 0.00 0.10 0.23 0.11 0.64 0.91 ]
[0.40 0.62 0.54 0.63 0.50 0.87 0.35 0.19 0.36 0.49 0.03 0.09 0.43 0.80 0.83 0.81 0.19 0.22 0.86 0.71 0.31 0.84 0.98 0.47 0.30 0.90 0.37 0.06 0.37 0.12 0.41 0.21 0.51 0.19 0.33 0.18 0.63 0.57 0.63 1.00 0.20 0.33 0.95 0.76 0.26 0.02 0.10 0.59 0.72 0.02 1.00 0.84 0.79 0.08 0.27 0.73 0.81 0.20 0.57 0.25 0.64 0.08 0.14 0.46 0.44 0.04 0.50 0.13 0.62 0.36 0.68 0.13 0.24 0.85 0.49 0.36 0.59 ]
[0.96 0.52 0.76 0.44 0.17 0.28 0.88 0.71 0.97 0.52 0.01 0.07 0.34 0.53 0.12 0.96 0.32 0.44 0.59 0.70 0.84 0.66 0.54 0.71 0.95 0.54 0.40 0.27 0.41 0.17 0.05 0.03 0.49 0.86 0.31 0.48 0.33 0.01 0.31 0.20 1.00 0.25 0.28 0.15 0.33 0.22 0.69 0.19 0.68 0.39 0.66 0.83 0.34 0.25 0.95 0.52 0.41 0.78 0.02 0.93 0.08 0.84 0.42 0.57 0.31 0.22 0.07 0.21 0.56 0.29 0.71 0.19 0.16 0.42 0.73 0.70 0.04 ]
[0.57 0.81 0.69 0.51 0.93 0.77 0.77 0.33 0.80 0.71 0.21 0.52 0.80 0.45 0.92 0.74 0.20 0.95 0.78 0.68 0.16 0.23 0.71 0.83 0.88 0.15 0.96 0.08 0.49 0.53 0.82 0.60 0.74 0.26 0.28 0.05 0.13 0.87 0.89 0.33 0.25 1.00 0.67 0.90 0.90 0.91 0.27 0.63 0.23 0.53 0.13 0.30 0.92 0.01 0.89 0.77 0.26 0.37 0.60 0.80 0.19 0.25 0.46 0.45 0.43 0.15 0.20 0.52 0.44 0.75 0.72 0.36 0.32 1.00 0.13 0.05 0.54 ]
[0.02 0.36 0.74 0.76 0.58 0.94 0.38 0.98 0.39 0.74 0.91 0.28 0.25 0.04 0.50 0.04 0.73 0.83 0.27 0.99 0.49 0.96 0.15 0.29 0.35 0.41 0.56 0.52 0.68 0.14 0.03 0.08 0.61 0.06 0.69 0.18 0.11 0.40 0.11 0.95 0.28 0.67 1.00 0.21 0.42 0.84 0.88 0.34 0.49 0.15 0.42 0.58 0.46 0.45 0.37 0.78 0.75 0.64 0.51 0.98 0.69 0.91 0.04 0.59 0.99 0.04 0.18 0.07 0.61 0.87 0.15 0.27 0.64 0.31 0.22 0.33 0.52 ]
[0.55 0.82 0.74 0.06 0.94 0.33 0.83 0.22 0.77 0.41 0.96 0.29 1.00 0.33 0.07 0.57 0.14 0.53 0.29 0.02 0.57 0.19 0.33 0.07 0.01 0.57 0.18 0.94 0.64 0.10 0.08 0.88 0.18 0.27 0.36 0.48 0.25 0.52 0.90 0.76 0.15 0.90 0.21 1.00 0.92 0.90 0.90 0.40 0.36 0.86 0.36 0.66 0.16 0.79 0.25 0.06 0.13 0.40 0.27 0.17 0.37 0.33 0.98 0.48 0.50 0.15 0.86 0.91 0.13 0.40 0.91 0.64 0.78 0.19 0.49 0.07 0.15 ]
[0.67 0.44 0.59 0.38 0.37 0.35 0.21 0.25 0.43 0.28 0.29 0.52 0.76 0.78 0.57 0.10 0.60 0.33 0.35 0.30 0.50 0.88 0.41 0.69 0.69 0.69 0.95 0.60 0.45 0.43 0.52 0.74 0.82 0.32 0.77 0.87 0.81 0.65 0.08 0.26 0.33 0.90 0.42 0.92 1.00 0.25 0.31 0.51 0.39 0.03 0.62 0.85 0.65 0.09 0.54 0.28 0.08 0.54 0.98 0.01 0.97 0.18 0.30 0.66 0.22 0.94 0.29 0.02 0.49 0.03 0.62 0.80 0.03 0.63 0.28 0.54 0.38 ]
[0.16 0.10 0.39 0.36 0.69 0.06 0.13 0.63 0.01 0.71 0.69 0.92 0.08 0.62 0.27 0.29 0.70 0.01 0.63 0.83 0.36 0.11 0.97 0.98 0.75 0.62 0.43 0.31 0.06 0.63 0.06 0.37 0.40 0.93 0.15 0.97 0.50 0.38 0.75 0.02 0.22 0.91 0.84 0.90 0.25 1.00 0.53 0.19 0.61 0.79 0.10 0.82 0.20 0.79 0.42 0.63 0.96 0.20 0.69 0.17 0.14 0.66 0.20 0.64 0.30 0.48 0.92 0.69 0.22 0.10 0.38 0.11 0.36 0.36 0.78 0.87 0.93 ]
[0.04 0.13 0.71 0.06 0.26 0.77 0.62 0.92 0.54 0.29 0.68 0.81 0.54 0.71 0.32 0.21 0.96 0.26 0.79 0.06 0.91 0.54 0.32 0.37 0.30 0.55 0.10 0.67 0.88 0.99 0.67 0.19 0.93 0.77 0.63 0.94 0.66 0.29 0.98 0.10 0.69 0.27 0.88 0.90 0.31 0.53 1.00 0.15 0.03 0.63 0.71 0.30 0.95 0.47 0.05 0.37 0.29 0.71 0.17 0.17 0.98 0.75 0.28 0.09 0.91 0.93 0.51 0.13 0.02 0.58 0.76 0.45 0.70 0.57 0.91 0.80 0.47 ]
[0.97 0.37 0.54 0.09 0.13 0.63 0.93 0.73 0.56 0.76 0.66 0.41 0.98 0.07 0.27 0.48 0.91 0.93 0.40 0.85 0.77 0.29 0.41 0.31 0.84 0.20 0.71 0.63 0.31 0.66 0.98 0.28 0.25 0.39 0.17 0.90 0.73 0.09 0.65 0.59 0.19 0.63 0.34 0.40 0.51 0.19 0.15 1.00 0.01 0.75 0.10 0.93 0.12 0.59 0.67 0.64 0.00 0.21 0.21 0.40 0.08 0.56 0.04 0.42 0.68 0.18 0.25 0.33 0.29 0.13 0.61 0.34 0.40 0.16 0.18 0.29 0.60 ]
[0.09 0.63 0.13 0.24 0.20 0.19 0.95 0.37 0.90 0.70 0.64 0.41 0.01 0.54 0.86 0.49 0.03 0.20 0.71 0.25 0.14 0.97 0.81 0.90 0.28 0.47 0.61 0.04 0.16 0.23 0.86 0.27 0.84 0.22 0.03 0.74 0.32 0.89 0.32 0.72 0.68 0.23 0.49 0.36 0.39 0.61 0.03 0.01 1.00 0.61 0.02 0.15 0.17 0.66 0.03 0.31 0.01 0.21 0.98 0.87 0.18 0.72 0.30 0.37 0.95 0.76 0.11 0.35 0.74 0.39 0.58 0.89 0.29 0.30 0.30 0.06 0.04 ]
[0.33 0.16 0.52 0.12 0.43 0.21 0.03 0.79 0.54 0.87 0.89 0.35 0.34 0.50 0.12 0.68 0.20 0.84 0.46 0.91 0.62 0.23 0.35 0.21 0.85 0.30 0.71 0.94 0.50 0.68 0.65 0.49 0.53 0.88 0.55 0.88 0.10 0.35 0.14 0.02 0.39 0.53 0.15 0.86 0.03 0.79 0.63 0.75 0.61 1.00 0.99 0.69 0.30 0.66 0.61 0.32 0.55 0.70 0.05 0.84 0.01 0.68 0.06 0.49 0.52 0.36 0.52 0.65 0.74 0.86 0.28 0.22 0.32 0.81 0.89 0.30 0.15 ]
[0.19 0.74 0.99 0.05 0.97 0.52 0.30 0.90 0.92 0.58 0.96 0.81 0.09 0.65 0.44 0.47 0.70 0.24 0.46 0.94 0.23 0.85 0.58 0.05 0.26 0.23 0.41 0.72 0.74 0.25 0.44 0.21 0.10 0.16 0.53 0.55 0.38 0.54 0.26 1.00 0.66 0.13 0.42 0.36 0.62 0.10 0.71 0.10 0.02 0.99 1.00 0.66 0.48 0.75 0.97 0.60 0.92 0.52 0.69 0.26 0.87 0.03 0.98 0.00 0.43 0.48 0.04 0.19 0.44 0.02 0.37 0.08 0.66 0.17 0.79 0.17 0.51 ]
[0.71 0.50 0.51 0.36 0.23 0.08 0.42 0.83 0.58 0.74 0.55 0.78 0.34 0.36 0.62 0.11 0.49 0.73 0.61 0.37 0.80 0.70 0.04 0.73 0.64 0.15 0.24 0.77 0.28 0.06 0.86 0.71 0.89 0.83 0.14 0.03 0.56 0.21 0.40 0.84 0.83 0.30 0.58 0.66 0.85 0.82 0.30 0.93 0.15 0.69 0.66 1.00 0.15 0.53 0.62 0.02 0.06 0.47 0.17 0.76 0.00 0.90 0.98 0.74 0.63 0.10 0.20 0.88 0.98 0.71 0.45 0.00 0.84 0.42 0.92 0.64 0.57 ]
[0.82 0.68 0.44 0.20 0.52 0.52 0.75 0.48 0.12 0.85 0.23 0.35 0.64 0.16 0.53 0.63 0.52 0.44 0.16 0.56 0.30 0.28 0.60 0.08 0.56 0.56 0.40 0.62 0.93 0.69 0.05 0.04 0.90 0.45 0.11 0.55 0.75 0.72 0.42 0.79 0.34 0.92 0.46 0.16 0.65 0.20 0.95 0.12 0.17 0.30 0.48 0.15 1.00 0.52 0.69 0.08 0.52 0.52 0.28 0.73 0.98 0.92 0.62 0.86 0.62 0.61 0.03 0.89 0.16 0.69 0.16 0.53 0.95 0.73 0.17 0.93 0.25 ]
[0.75 0.00 0.52 0.38 0.98 0.76 0.26 0.93 0.78 0.06 0.22 0.86 0.97 0.51 0.52 0.58 0.12 0.15 0.54 0.23 0.96 0.26 0.96 0.50 0.71 0.94 0.87 0.18 0.79 0.35 0.90 0.56 0.26 0.82 0.70 0.67 0.62 0.44 0.07 0.08 0.25 0.01 0.45 0.79 0.09 0.79 0.47 0.59 0.66 0.66 0.75 0.53 0.52 1.00 0.17 0.74 0.25 0.39 0.06 0.44 0.78 0.77 0.93 0.35 0.51 0.13 0.31 0.05 0.32 0.84 0.79 0.82 0.60 0.22 0.69 0.28 0.67 ]
[0.11 0.13 0.80 0.54 0.25 0.15 0.72 0.31 0.96 0.43 0.88 0.59 0.93 0.11 0.90 0.49 0.58 0.21 0.95 0.56 0.99 0.22 0.25 0.97 0.17 0.67 0.00 0.87 0.00 0.87 0.76 0.61 0.24 0.49 0.43 0.58 0.07 0.25 0.50 0.27 0.95 0.89 0.37 0.25 0.54 0.42 0.05 0.67 0.03 0.61 0.97 0.62 0.69 0.17 1.00 0.56 0.99 0.96 0.12 0.34 0.15 0.91 0.60 0.66 0.68 0.23 0.63 0.03 0.95 0.75 0.08 0.91 0.20 0.70 0.18 0.83 0.76 ]
[0.60 0.24 0.85 0.85 0.39 0.96 0.99 0.28 0.90 0.08 0.98 0.27 0.14 0.88 0.08 0.82 0.31 0.06 0.02 0.73 0.11 0.63 0.86 0.61 0.35 0.86 0.83 0.05 0.42 0.98 0.74 0.36 0.25 0.05 0.14 0.67 0.82 0.80 0.51 0.73 0.52 0.77 0.78 0.06 0.28 0.63 0.37 0.64 0.31 0.32 0.60 0.02 0.08 0.74 0.56 1.00 0.20 0.06 0.20 0.66 0.26 0.84 0.64 0.28 0.33 0.62 0.89 0.17 0.53 0.70 0.71 0.52 0.70 0.95 0.02 0.43 0.38 ]
[0.19 0.24 0.87 0.05 0.60 0.97 0.25 0.62 0.52 0.76 0.46 0.05 0.60 0.70 0.82 0.33 0.49 0.47 0.89 0.99 0.43 0.14 0.55 0.30 0.54 0.07 0.95 0.74 0.89 0.31 0.36 0.11 0.15 0.78 0.33 0.81 0.14 0.89 0.22 0.81 0.41 0.26 0.75 0.13 0.08 0.96 0.29 0.00 0.01 0.55 0.92 0.06 0.52 0.25 0.99 0.20 1.00 0.56 0.89 0.90 0.19 0.05 0.46 0.94 0.75 0.83 0.69 0.15 0.91 0.32 0.24 0.02 0.56 0.29 0.45 0.80 0.95 ]
[0.45 0.52 0.03 0.52 0.01 0.78 0.11 0.72 0.03 0.38 0.33 0.99 0.83 0.92 0.72 0.32 0.26 0.67 0.53 0.80 0.93 0.55 0.27 0.03 0.06 1.00 0.96 0.03 0.19 0.65 0.65 0.45 0.07 0.61 0.59 0.33 0.36 0.17 0.55 0.20 0.78 0.37 0.64 0.40 0.54 0.20 0.71 0.21 0.21 0.70 0.52 0.47 0.52 0.39 0.96 0.06 0.56 1.00 0.03 0.52 0.75 0.24 0.60 0.28 0.76 0.02 0.63 0.51 0.37 0.11 0.14 0.28 0.61 0.20 0.79 0.66 0.72 ]
[0.71 0.16 0.40 0.72 0.87 0.56 0.44 0.39 0.25 0.91 0.27 0.87 0.17 0.89 0.67 0.48 0.43 0.87 0.67 0.26 0.44 0.69 0.89 0.32 0.06 0.40 0.24 0.96 0.80 0.24 0.38 0.30 0.70 0.62 0.14 0.17 0.63 0.25 1.00 0.57 0.02 0.60 0.51 0.27 0.98 0.69 0.17 0.21 0.98 0.05 0.69 0.17 0.28 0.06 0.12 0.20 0.89 0.03 1.00 0.79 0.24 0.28 0.74 0.89 0.88 0.79 0.56 0.62 0.13 0.88 0.40 0.24 0.40 0.49 0.47 0.43 0.42 ]
[0.55 0.38 0.42 0.35 0.56 0.23 0.67 0.26 0.45 0.71 0.29 0.80 0.45 0.12 0.59 0.20 0.44 0.99 0.47 0.16 0.49 0.91 0.60 0.05 0.56 0.40 0.31 0.34 0.76 0.37 0.50 0.19 0.60 0.19 0.46 0.13 0.21 0.10 0.23 0.25 0.93 0.80 0.98 0.17 0.01 0.17 0.17 0.40 0.87 0.84 0.26 0.76 0.73 0.44 0.34 0.66 0.90 0.52 0.79 1.00 0.50 0.63 0.86 0.68 0.77 0.36 0.96 0.88 0.91 0.23 0.89 0.72 0.18 0.60 0.94 0.69 0.76 ]
[0.25 0.76 0.86 0.30 0.32 0.66 0.40 0.76 0.10 0.34 0.28 0.39 0.49 0.52 0.35 0.91 0.62 0.30 0.08 0.97 0.76 0.77 0.94 0.35 0.00 0.55 0.87 0.54 0.30 0.45 0.02 1.00 0.40 0.30 0.81 0.14 0.17 0.02 0.47 0.64 0.08 0.19 0.69 0.37 0.97 0.14 0.98 0.08 0.18 0.01 0.87 0.00 0.98 0.78 0.15 0.26 0.19 0.75 0.24 0.50 1.00 0.89 0.37 0.81 0.25 0.07 0.73 0.88 0.47 0.66 0.25 0.06 0.31 0.34 0.89 0.45 0.44 ]
[0.19 0.25 0.53 0.75 0.92 0.47 0.07 0.25 0.78 0.35 0.85 0.75 0.19 0.02 0.52 0.09 0.83 0.37 0.84 0.09 0.12 0.33 0.49 0.58 0.60 0.72 0.56 0.83 0.31 0.43 0.23 0.36 1.00 0.13 0.45 0.89 0.18 0.91 0.32 0.08 0.84 0.25 0.91 0.33 0.18 0.66 0.75 0.56 0.72 0.68 0.03 0.90 0.92 0.77 0.91 0.84 0.05 0.24 0.28 0.63 0.89 1.00 1.00 0.35 0.24 0.77 0.00 0.81 0.30 0.86 0.51 0.68 0.69 0.96 0.13 0.98 0.45 ]
[0.79 0.39 0.41 0.52 0.78 1.00 0.91 0.81 0.42 0.30 0.98 0.96 0.33 0.85 0.26 0.83 0.63 0.96 0.99 0.45 0.87 0.55 0.01 0.90 0.57 0.13 0.22 0.95 0.59 0.72 0.01 0.40 0.12 0.51 0.75 0.35 0.49 0.66 0.06 0.14 0.42 0.46 0.04 0.98 0.30 0.20 0.28 0.04 0.30 0.06 0.98 0.98 0.62 0.93 0.60 0.64 0.46 0.60 0.74 0.86 0.37 1.00 1.00 0.93 0.38 0.49 0.54 0.19 0.90 0.48 0.21 0.39 0.90 0.23 0.11 0.49 0.20 ]
[0.51 0.42 0.64 0.78 0.82 0.48 0.28 0.28 0.96 0.21 0.53 0.48 0.07 0.68 0.25 0.20 0.42 0.41 0.27 0.75 0.34 0.53 0.89 0.85 0.40 0.41 0.29 0.79 0.29 0.07 0.07 0.24 0.95 0.49 0.89 0.25 0.56 0.97 0.58 0.46 0.57 0.45 0.59 0.48 0.66 0.64 0.09 0.42 0.37 0.49 0.00 0.74 0.86 0.35 0.66 0.28 0.94 0.28 0.89 0.68 0.81 0.35 0.93 1.00 0.30 0.77 0.35 0.69 0.75 0.52 0.40 0.66 0.39 0.14 0.70 0.76 0.57 ]
[0.19 0.35 0.61 0.43 0.56 0.78 0.50 0.67 0.30 0.45 0.21 0.96 0.25 0.27 0.06 0.71 0.73 0.32 0.61 0.08 0.19 0.13 0.22 0.40 0.21 0.42 0.79 0.48 0.29 0.90 0.23 0.39 0.38 0.21 0.30 0.94 0.35 0.52 0.94 0.44 0.31 0.43 0.99 0.50 0.22 0.30 0.91 0.68 0.95 0.52 0.43 0.63 0.62 0.51 0.68 0.33 0.75 0.76 0.88 0.77 0.25 0.24 0.38 0.30 1.00 0.69 0.17 0.72 0.33 0.11 0.23 0.99 0.38 0.13 0.44 0.22 0.74 ]
[0.84 0.88 0.86 0.95 0.56 0.83 0.39 0.20 0.59 0.79 0.81 0.05 0.18 0.71 0.06 0.96 0.09 0.71 0.90 0.76 0.55 0.43 0.75 0.64 0.79 0.39 0.49 0.26 0.45 0.57 0.38 0.45 0.56 0.71 0.01 0.18 0.74 0.37 0.89 0.04 0.22 0.15 0.04 0.15 0.94 0.48 0.93 0.18 0.76 0.36 0.48 0.10 0.61 0.13 0.23 0.62 0.83 0.02 0.79 0.36 0.07 0.77 0.49 0.77 0.69 1.00 0.22 0.63 0.75 0.67 0.08 0.61 0.41 0.97 1.00 0.49 0.94 ]
[0.23 0.11 0.97 0.44 0.20 0.89 0.03 0.50 0.95 0.80 0.58 0.44 0.98 0.63 0.06 0.81 0.46 0.66 0.62 0.24 0.80 0.10 0.85 0.94 0.83 0.97 0.06 0.88 0.25 0.24 0.03 0.23 0.66 0.34 0.52 0.83 0.75 0.22 0.49 0.50 0.07 0.20 0.18 0.86 0.29 0.92 0.51 0.25 0.11 0.52 0.04 0.20 0.03 0.31 0.63 0.89 0.69 0.63 0.56 0.96 0.73 0.00 0.54 0.35 0.17 0.22 1.00 0.57 0.88 0.37 0.52 0.49 0.06 0.62 0.52 0.26 0.07 ]
[0.70 0.88 0.87 0.92 0.22 0.73 0.38 0.02 0.20 0.67 0.31 0.66 0.21 0.01 0.71 0.88 0.98 0.74 0.57 0.84 0.78 0.58 0.37 0.14 0.51 0.27 0.50 0.01 0.38 0.89 0.72 0.94 0.75 0.90 0.00 0.57 0.59 0.11 0.30 0.13 0.21 0.52 0.07 0.91 0.02 0.69 0.13 0.33 0.35 0.65 0.19 0.88 0.89 0.05 0.03 0.17 0.15 0.51 0.62 0.88 0.88 0.81 0.19 0.69 0.72 0.63 0.57 1.00 0.93 0.46 0.65 0.23 0.07 0.93 0.05 0.90 0.89 ]
[0.18 0.33 0.12 0.96 0.59 0.35 0.36 0.68 0.52 0.33 0.86 0.55 0.49 0.08 0.46 0.78 0.77 0.83 0.32 0.64 0.61 0.54 0.37 0.84 0.54 0.98 0.80 0.31 0.83 0.08 0.56 0.08 0.71 0.13 0.18 0.10 0.52 0.08 0.87 0.62 0.56 0.44 0.61 0.13 0.49 0.22 0.02 0.29 0.74 0.74 0.44 0.98 0.16 0.32 0.95 0.53 0.91 0.37 0.13 0.91 0.47 0.30 0.90 0.75 0.33 0.75 0.88 0.93 1.00 0.16 0.59 0.25 0.43 0.72 0.13 0.63 0.05 ]
[0.20 0.41 0.61 0.30 0.13 0.39 0.58 0.56 0.00 0.68 0.11 0.45 0.79 0.19 0.97 0.73 0.25 0.37 0.07 0.16 0.94 0.97 0.90 0.12 0.03 0.37 0.18 0.58 0.71 0.02 0.90 0.16 0.12 0.25 0.51 0.93 0.14 0.26 0.97 0.36 0.29 0.75 0.87 0.40 0.03 0.10 0.58 0.13 0.39 0.86 0.02 0.71 0.69 0.84 0.75 0.70 0.32 0.11 0.88 0.23 0.66 0.86 0.48 0.52 0.11 0.67 0.37 0.46 0.16 1.00 0.16 0.72 0.98 0.76 0.42 0.01 0.40 ]
[0.32 0.59 0.42 0.97 0.02 0.47 0.76 0.51 0.12 0.99 0.28 0.49 0.39 0.10 0.20 0.41 0.56 0.36 0.83 0.82 0.81 0.30 0.74 0.89 0.79 0.09 0.23 0.36 0.00 0.87 0.66 0.06 0.09 0.53 0.62 0.63 0.65 0.94 0.11 0.68 0.71 0.72 0.15 0.91 0.62 0.38 0.76 0.61 0.58 0.28 0.37 0.45 0.16 0.79 0.08 0.71 0.24 0.14 0.40 0.89 0.25 0.51 0.21 0.40 0.23 0.08 0.52 0.65 0.59 0.16 1.00 0.54 0.50 0.04 0.42 0.39 0.57 ]
[0.15 0.45 0.55 0.75 0.68 0.90 0.58 0.69 0.90 0.37 0.39 0.53 0.07 0.06 0.04 0.64 0.11 0.08 1.00 0.83 0.66 0.47 0.76 0.83 0.57 0.02 0.90 0.99 0.70 0.70 0.98 0.70 0.99 0.32 0.71 0.45 0.75 0.58 0.00 0.13 0.19 0.36 0.27 0.64 0.80 0.11 0.45 0.34 0.89 0.22 0.08 0.00 0.53 0.82 0.91 0.52 0.02 0.28 0.24 0.72 0.06 0.68 0.39 0.66 0.99 0.61 0.49 0.23 0.25 0.72 0.54 1.00 0.26 0.43 0.14 0.22 0.31 ]
[0.50 0.96 0.04 0.25 0.89 0.83 0.61 0.34 0.76 0.90 0.53 0.02 0.60 0.01 0.27 0.79 0.70 0.02 0.21 0.09 0.40 0.10 0.41 0.14 0.50 0.64 0.65 0.96 0.16 0.38 0.22 0.24 0.07 0.28 0.10 0.42 0.03 0.66 0.10 0.24 0.16 0.32 0.64 0.78 0.03 0.36 0.70 0.40 0.29 0.32 0.66 0.84 0.95 0.60 0.20 0.70 0.56 0.61 0.40 0.18 0.31 0.69 0.90 0.39 0.38 0.41 0.06 0.07 0.43 0.98 0.50 0.26 1.00 0.43 1.00 0.11 0.20 ]
[0.79 0.32 0.01 0.92 0.50 0.06 0.62 0.15 0.56 0.49 0.69 0.34 0.89 0.44 0.46 0.24 0.93 0.44 0.40 0.14 0.37 0.10 0.73 0.03 0.96 0.82 0.40 0.30 0.92 0.38 0.00 0.73 0.42 0.62 0.49 0.83 0.10 0.91 0.23 0.85 0.42 1.00 0.31 0.19 0.63 0.36 0.57 0.16 0.30 0.81 0.17 0.42 0.73 0.22 0.70 0.95 0.29 0.20 0.49 0.60 0.34 0.96 0.23 0.14 0.13 0.97 0.62 0.93 0.72 0.76 0.04 0.43 0.43 1.00 0.33 0.70 0.04 ]
[0.77 0.88 0.49 0.73 0.50 0.82 0.44 0.81 0.63 0.07 0.41 0.81 0.49 0.33 0.31 0.44 0.98 0.86 0.67 0.71 0.15 0.84 0.08 0.05 0.08 0.27 0.52 0.07 0.48 0.16 0.95 0.62 0.96 0.84 0.44 0.57 0.98 0.93 0.11 0.49 0.73 0.13 0.22 0.49 0.28 0.78 0.91 0.18 0.30 0.89 0.79 0.92 0.17 0.69 0.18 0.02 0.45 0.79 0.47 0.94 0.89 0.13 0.11 0.70 0.44 1.00 0.52 0.05 0.13 0.42 0.42 0.14 1.00 0.33 1.00 0.71 0.82 ]
[0.03 0.66 0.99 0.23 0.92 0.13 0.07 0.09 0.28 0.25 0.17 0.48 0.90 0.83 0.11 0.31 0.89 0.00 0.97 0.24 0.12 0.47 0.88 0.85 0.82 0.52 0.58 0.20 0.38 0.56 0.76 0.56 0.04 0.19 0.85 0.78 0.24 0.80 0.64 0.36 0.70 0.05 0.33 0.07 0.54 0.87 0.80 0.29 0.06 0.30 0.17 0.64 0.93 0.28 0.83 0.43 0.80 0.66 0.43 0.69 0.45 0.98 0.49 0.76 0.22 0.49 0.26 0.90 0.63 0.01 0.39 0.22 0.11 0.70 0.71 1.00 0.36 ]
[0.50 0.03 0.63 0.85 0.78 0.91 0.84 0.99 0.92 0.11 0.94 0.80 0.18 0.50 0.43 0.76 0.15 0.57 0.38 0.41 0.85 0.10 0.71 0.26 0.97 0.58 0.68 0.08 0.01 0.95 0.11 0.27 0.50 0.86 0.98 0.70 0.16 0.63 0.91 0.59 0.04 0.54 0.52 0.15 0.38 0.93 0.47 0.60 0.04 0.15 0.51 0.57 0.25 0.67 0.76 0.38 0.95 0.72 0.42 0.76 0.44 0.45 0.20 0.57 0.74 0.94 0.07 0.89 0.05 0.40 0.57 0.31 0.20 0.04 0.82 0.36 1.00 ]
];
