D = 2;
n = [ 3 3 ];
N = 68;
d = [1 1 1 1 1 1 1 1 1 1 1 1 1 1 1 1 1 1 1 1 1 1 1 1 1 1 1 1 1 1 1 1 1 1 2 2 2 2 2 2 2 2 2 2 2 2 2 2 2 2 2 2 2 2 2 2 2 2 2 2 2 2 2 2 2 2 2 2 ];
m = [
[1.00 0.46 0.31 0.37 0.87 0.96 0.01 0.86 0.55 0.39 0.83 0.16 0.51 0.04 0.83 0.16 0.72 0.54 0.89 0.97 0.33 0.51 0.95 0.05 0.23 0.10 0.24 0.63 0.82 0.95 0.85 0.37 0.01 0.64 0.06 0.52 0.45 0.95 0.22 0.12 0.87 0.10 0.54 0.93 0.63 0.47 0.09 0.45 0.25 0.92 0.94 0.97 0.66 0.50 0.62 0.01 0.05 0.73 0.56 0.05 0.94 0.67 0.14 0.33 0.68 0.48 0.05 0.44 ]
[0.46 1.00 0.24 0.16 0.14 0.30 0.42 0.88 0.13 0.41 0.90 0.89 0.95 0.38 0.24 0.49 0.27 0.47 0.97 0.68 0.99 0.32 0.73 0.80 0.42 0.97 0.63 0.67 0.21 0.33 0.24 0.21 0.32 0.70 0.62 0.89 0.03 0.63 0.64 0.53 0.57 0.50 0.31 0.64 0.65 0.06 0.96 0.98 0.25 0.08 0.87 0.14 0.75 0.71 0.37 0.92 0.45 0.50 0.37 0.29 0.67 0.23 0.01 0.54 0.54 0.18 0.58 0.85 ]
[0.31 0.24 1.00 0.94 0.46 0.34 0.10 0.40 0.53 0.38 0.02 0.94 0.99 0.96 0.99 0.36 0.67 0.98 0.80 0.91 0.44 0.65 0.64 0.68 0.28 0.36 0.56 0.91 0.56 0.98 0.41 0.92 0.42 0.51 0.64 0.89 0.34 0.35 0.99 0.22 0.75 0.93 0.42 0.44 0.75 0.59 0.79 0.15 0.59 0.39 0.37 0.04 0.72 0.58 0.97 0.34 0.91 0.78 0.70 0.63 0.69 0.54 0.35 0.57 0.94 0.24 0.61 0.81 ]
[0.37 0.16 0.94 1.00 0.12 0.45 0.94 0.71 0.03 0.54 0.47 0.90 0.03 0.72 0.03 0.95 0.61 0.73 0.63 0.11 0.94 0.24 0.58 0.94 0.39 0.16 0.97 0.95 0.96 0.22 0.34 0.34 0.35 0.99 0.94 0.38 0.98 0.59 0.62 0.90 0.12 0.98 0.12 0.62 0.05 0.29 0.97 0.21 0.05 0.14 0.05 0.78 0.56 0.63 0.11 0.72 0.15 0.28 0.89 0.21 0.37 0.76 0.82 0.90 0.99 0.34 0.07 0.68 ]
[0.87 0.14 0.46 0.12 1.00 0.02 0.72 0.45 0.42 0.48 0.42 0.70 0.85 0.88 0.01 0.47 0.53 0.81 0.63 0.19 0.70 0.23 0.78 0.39 0.62 1.00 0.14 0.55 0.06 0.75 0.27 0.95 0.04 0.35 0.92 0.74 0.79 0.15 0.02 0.61 0.46 0.29 0.63 0.02 0.06 0.91 0.97 0.15 0.28 0.79 0.52 0.11 0.80 0.23 0.20 0.96 0.58 0.74 0.38 0.12 0.05 0.85 0.70 0.60 0.20 0.92 0.37 0.17 ]
[0.96 0.30 0.34 0.45 0.02 1.00 0.22 0.96 0.38 0.44 0.20 0.10 0.39 0.11 0.02 0.44 0.34 0.05 0.88 0.79 0.84 0.27 0.74 0.26 0.95 0.80 0.86 0.76 0.15 0.25 0.26 0.05 0.19 0.63 0.71 0.07 0.87 0.55 0.28 0.78 0.33 0.37 0.38 0.22 0.60 0.51 0.68 0.64 0.81 0.13 0.68 0.98 0.74 0.86 0.10 0.05 0.96 0.56 0.41 0.45 0.21 0.91 0.82 0.94 0.59 0.19 0.49 0.64 ]
[0.01 0.42 0.10 0.94 0.72 0.22 1.00 0.84 0.55 0.80 0.94 0.79 0.54 0.16 0.53 0.37 0.67 0.53 0.54 0.17 0.99 0.82 0.23 0.95 0.54 0.32 1.00 0.92 0.38 0.75 0.38 0.15 0.20 0.57 0.56 0.97 0.78 0.31 0.89 0.93 0.38 0.97 0.49 0.63 0.95 0.88 0.23 0.68 0.84 0.47 0.80 0.22 0.75 0.62 0.62 0.39 0.98 0.70 0.91 0.81 0.03 0.62 0.33 0.53 0.87 0.61 0.84 0.06 ]
[0.86 0.88 0.40 0.71 0.45 0.96 0.84 1.00 0.82 0.92 0.75 0.38 0.92 0.65 0.49 0.28 0.59 0.39 0.25 0.10 0.40 0.56 0.48 0.67 0.06 0.82 0.64 0.25 0.64 0.52 0.53 0.32 0.82 0.89 0.45 0.61 0.95 0.14 0.02 0.18 0.43 0.38 0.59 0.91 0.77 0.68 0.31 0.95 0.62 0.02 0.36 0.49 0.54 0.78 0.09 0.01 0.60 0.98 0.48 0.87 0.75 0.60 0.11 0.94 0.52 0.46 0.55 0.53 ]
[0.55 0.13 0.53 0.03 0.42 0.38 0.55 0.82 1.00 0.33 0.60 0.87 0.68 0.01 0.60 0.50 0.33 0.31 0.70 0.07 0.85 0.43 0.86 0.65 0.81 0.94 0.50 0.98 0.35 0.36 0.11 0.75 0.76 0.76 0.22 0.49 0.07 0.27 0.32 0.72 0.20 0.10 0.07 0.85 0.98 0.99 0.46 0.49 0.24 0.47 0.38 0.68 0.14 0.91 0.09 0.90 0.99 0.91 0.38 0.68 0.84 0.33 0.95 0.80 0.68 0.47 0.26 0.93 ]
[0.39 0.41 0.38 0.54 0.48 0.44 0.80 0.92 0.33 1.00 0.18 0.95 0.12 0.19 0.87 0.88 0.61 0.54 0.75 0.03 0.74 0.44 0.95 0.89 0.00 0.70 0.57 0.05 0.38 0.58 0.25 0.50 0.91 0.93 0.08 0.56 0.75 0.49 0.41 0.69 0.02 0.28 0.98 0.58 0.70 0.67 0.88 0.61 0.70 0.47 0.21 0.86 0.68 0.49 0.16 0.51 0.06 0.40 0.68 0.95 0.93 0.18 0.93 0.08 0.77 0.06 0.72 0.51 ]
[0.83 0.90 0.02 0.47 0.42 0.20 0.94 0.75 0.60 0.18 1.00 0.49 0.22 0.51 0.59 0.08 0.33 0.40 0.47 0.73 1.00 0.05 0.90 0.21 0.81 0.45 0.10 0.07 0.21 0.62 0.03 0.43 0.90 0.20 0.80 0.43 0.40 0.09 0.83 0.03 0.71 0.82 0.03 0.94 0.85 0.90 0.94 0.55 0.59 0.39 0.64 0.47 0.51 0.92 0.17 0.05 0.00 0.86 0.71 0.53 0.16 0.26 0.69 0.27 0.44 0.25 0.75 0.06 ]
[0.16 0.89 0.94 0.90 0.70 0.10 0.79 0.38 0.87 0.95 0.49 1.00 0.67 0.86 0.32 0.47 0.58 0.27 0.57 0.01 0.24 0.59 0.48 0.05 0.23 0.98 0.90 1.00 0.92 0.31 0.36 0.77 0.75 0.58 0.83 0.94 0.24 0.97 0.08 0.06 0.86 0.12 0.97 0.22 0.68 0.79 0.22 0.28 0.66 0.26 0.25 0.55 0.76 0.27 0.67 0.78 0.99 0.30 0.31 0.13 0.40 0.73 0.30 0.59 0.23 0.97 0.92 0.31 ]
[0.51 0.95 0.99 0.03 0.85 0.39 0.54 0.92 0.68 0.12 0.22 0.67 1.00 0.08 0.34 0.70 0.47 0.42 0.31 0.59 0.05 0.56 0.58 0.67 0.55 0.95 0.08 0.10 0.22 0.41 0.70 0.94 0.69 0.07 0.75 0.39 0.33 0.24 0.80 0.35 0.75 0.78 0.46 0.67 0.26 1.00 0.40 0.11 0.13 0.88 0.67 1.00 0.27 0.74 0.81 0.73 0.60 0.05 0.43 0.17 0.36 0.36 0.03 0.97 0.54 0.33 0.14 0.99 ]
[0.04 0.38 0.96 0.72 0.88 0.11 0.16 0.65 0.01 0.19 0.51 0.86 0.08 1.00 0.58 0.81 0.95 0.90 0.24 0.19 0.31 0.25 0.22 0.04 0.54 0.01 0.48 0.58 0.05 0.38 0.63 0.79 0.07 0.80 0.29 0.08 0.12 0.97 0.63 0.74 0.21 0.82 0.12 0.88 0.90 0.80 0.11 0.26 0.57 0.56 0.18 0.24 0.86 0.71 0.75 0.00 0.99 0.24 0.31 0.00 0.20 0.34 0.90 0.37 0.31 0.07 0.49 0.44 ]
[0.83 0.24 0.99 0.03 0.01 0.02 0.53 0.49 0.60 0.87 0.59 0.32 0.34 0.58 1.00 0.52 0.92 0.76 0.85 0.12 0.89 0.05 0.96 0.13 0.35 0.59 0.21 0.23 0.63 0.89 0.89 0.77 0.27 0.85 0.24 0.48 0.85 0.11 0.97 0.57 0.32 0.31 0.52 0.79 0.97 0.24 0.88 0.45 0.48 0.51 0.96 0.52 0.11 0.15 0.67 0.97 0.10 0.45 0.84 0.61 0.44 0.73 0.98 0.15 0.77 0.64 0.21 0.31 ]
[0.16 0.49 0.36 0.95 0.47 0.44 0.37 0.28 0.50 0.88 0.08 0.47 0.70 0.81 0.52 1.00 0.48 0.75 0.51 0.17 0.39 0.86 0.39 0.02 0.23 0.61 0.28 0.32 0.45 0.03 0.84 0.48 0.36 0.07 0.83 0.50 0.65 0.48 0.06 0.47 0.17 0.06 0.61 0.96 0.54 0.00 0.39 0.50 0.20 0.10 0.37 0.70 0.35 0.55 0.26 0.24 0.02 0.62 0.16 0.87 0.76 0.05 0.97 0.70 0.54 0.54 0.08 0.74 ]
[0.72 0.27 0.67 0.61 0.53 0.34 0.67 0.59 0.33 0.61 0.33 0.58 0.47 0.95 0.92 0.48 1.00 0.26 0.01 0.58 0.83 0.53 0.26 0.70 0.97 0.90 0.57 0.68 0.73 0.79 0.03 0.64 0.23 0.58 0.94 0.16 0.95 0.24 0.65 0.53 0.52 0.94 0.31 0.72 0.80 0.83 0.70 0.78 0.76 0.36 0.42 0.71 0.22 0.75 0.96 0.22 0.81 0.76 0.61 0.37 0.41 0.81 0.82 0.08 0.87 0.27 0.23 0.80 ]
[0.54 0.47 0.98 0.73 0.81 0.05 0.53 0.39 0.31 0.54 0.40 0.27 0.42 0.90 0.76 0.75 0.26 1.00 0.08 0.02 0.16 0.88 0.07 0.73 0.97 0.07 0.51 0.42 0.70 0.41 0.06 0.26 0.13 0.52 0.78 0.25 0.00 0.05 0.68 0.78 0.34 0.90 0.74 0.49 0.09 0.88 0.19 0.55 0.12 0.03 0.32 0.71 0.02 0.17 0.23 0.96 0.79 0.12 0.91 0.84 0.03 0.73 0.04 0.11 0.76 0.89 0.27 0.66 ]
[0.89 0.97 0.80 0.63 0.63 0.88 0.54 0.25 0.70 0.75 0.47 0.57 0.31 0.24 0.85 0.51 0.01 0.08 1.00 0.87 0.05 0.52 0.22 0.97 0.57 0.94 0.47 0.14 0.45 0.48 0.26 0.05 0.70 0.27 0.25 0.99 0.56 0.68 0.11 0.37 0.15 0.32 0.01 0.04 0.20 0.06 0.50 0.25 0.58 0.87 0.54 0.81 0.13 0.57 0.56 0.77 0.38 0.69 0.51 0.53 0.85 0.16 0.28 0.42 0.74 0.71 0.82 0.79 ]
[0.97 0.68 0.91 0.11 0.19 0.79 0.17 0.10 0.07 0.03 0.73 0.01 0.59 0.19 0.12 0.17 0.58 0.02 0.87 1.00 0.80 0.25 0.26 0.77 0.69 0.87 0.39 0.00 0.28 0.78 0.73 0.28 0.16 0.19 0.64 0.42 0.23 0.93 0.32 0.41 0.75 0.87 0.10 0.21 0.72 0.21 0.85 0.44 0.72 0.76 0.63 0.07 0.35 0.38 0.43 0.41 0.08 0.75 0.96 0.73 0.15 0.26 0.47 0.57 0.38 0.02 0.60 0.69 ]
[0.33 0.99 0.44 0.94 0.70 0.84 0.99 0.40 0.85 0.74 1.00 0.24 0.05 0.31 0.89 0.39 0.83 0.16 0.05 0.80 1.00 0.48 0.23 0.03 0.59 0.50 0.11 0.09 0.86 0.43 0.63 0.83 0.94 0.61 0.28 0.44 0.52 0.23 0.98 0.93 0.03 0.87 0.48 0.96 0.90 0.83 0.80 0.62 0.66 0.21 0.98 0.91 0.73 0.43 0.84 0.30 0.10 0.05 0.10 0.02 0.62 0.22 0.76 0.30 0.78 0.98 0.91 0.62 ]
[0.51 0.32 0.65 0.24 0.23 0.27 0.82 0.56 0.43 0.44 0.05 0.59 0.56 0.25 0.05 0.86 0.53 0.88 0.52 0.25 0.48 1.00 0.48 0.91 0.56 0.04 0.36 0.15 0.74 0.60 0.72 0.75 0.86 0.21 0.52 0.37 0.53 0.06 0.93 0.39 0.38 0.66 0.80 0.35 0.51 0.76 0.31 0.59 0.49 0.30 0.77 0.67 0.96 0.94 0.39 0.62 0.62 0.30 0.73 0.61 0.24 0.83 0.79 0.14 0.78 0.51 0.54 0.66 ]
[0.95 0.73 0.64 0.58 0.78 0.74 0.23 0.48 0.86 0.95 0.90 0.48 0.58 0.22 0.96 0.39 0.26 0.07 0.22 0.26 0.23 0.48 1.00 0.10 0.59 0.12 0.15 0.28 0.96 0.52 0.80 0.17 0.99 0.04 0.96 0.53 0.15 0.93 0.62 0.54 0.71 0.97 0.83 0.48 0.85 0.59 0.50 0.35 0.28 0.20 0.95 0.94 0.94 0.42 0.36 0.86 0.77 0.86 0.37 0.06 0.93 0.23 0.76 0.27 0.06 0.78 0.71 0.20 ]
[0.05 0.80 0.68 0.94 0.39 0.26 0.95 0.67 0.65 0.89 0.21 0.05 0.67 0.04 0.13 0.02 0.70 0.73 0.97 0.77 0.03 0.91 0.10 1.00 0.93 0.78 0.12 0.88 0.46 0.09 0.69 0.24 0.26 0.00 0.01 0.29 0.38 0.55 0.90 0.06 0.09 0.92 0.17 0.32 0.37 0.84 0.59 0.64 0.95 0.42 0.37 0.37 0.78 0.36 0.79 0.21 0.62 0.52 0.86 0.61 0.20 0.21 0.95 0.69 0.62 0.57 0.81 0.62 ]
[0.23 0.42 0.28 0.39 0.62 0.95 0.54 0.06 0.81 0.00 0.81 0.23 0.55 0.54 0.35 0.23 0.97 0.97 0.57 0.69 0.59 0.56 0.59 0.93 1.00 0.98 0.11 0.45 0.85 0.03 0.85 0.94 0.75 0.41 0.88 0.03 0.27 0.71 0.96 0.79 0.22 0.67 0.96 0.32 0.15 0.12 0.78 0.61 0.80 0.89 0.08 0.27 0.08 0.24 0.71 0.88 0.04 0.06 0.45 0.87 0.10 0.72 0.03 0.28 0.26 0.97 0.87 0.70 ]
[0.10 0.97 0.36 0.16 1.00 0.80 0.32 0.82 0.94 0.70 0.45 0.98 0.95 0.01 0.59 0.61 0.90 0.07 0.94 0.87 0.50 0.04 0.12 0.78 0.98 1.00 0.30 0.23 0.83 0.67 0.91 0.91 0.05 0.98 0.47 0.81 0.13 0.48 0.19 0.79 0.41 0.14 0.74 0.76 0.76 0.30 0.07 0.06 0.61 0.24 0.01 0.25 0.07 0.32 0.13 0.97 0.90 0.20 0.73 0.34 0.63 0.79 0.57 0.56 0.58 0.92 0.98 0.33 ]
[0.24 0.63 0.56 0.97 0.14 0.86 1.00 0.64 0.50 0.57 0.10 0.90 0.08 0.48 0.21 0.28 0.57 0.51 0.47 0.39 0.11 0.36 0.15 0.12 0.11 0.30 1.00 0.59 0.46 0.49 0.31 0.02 0.07 0.98 0.98 0.77 0.83 0.93 0.50 0.37 0.28 0.08 0.14 0.42 0.38 0.79 0.97 0.28 0.04 0.43 0.65 0.19 0.39 0.05 0.39 0.22 0.68 0.63 0.63 0.64 0.09 0.25 0.00 0.18 0.73 0.23 0.32 0.86 ]
[0.63 0.67 0.91 0.95 0.55 0.76 0.92 0.25 0.98 0.05 0.07 1.00 0.10 0.58 0.23 0.32 0.68 0.42 0.14 0.00 0.09 0.15 0.28 0.88 0.45 0.23 0.59 1.00 0.36 0.43 0.20 0.07 0.17 0.10 0.84 0.96 0.52 0.48 0.87 0.95 0.05 0.74 0.67 0.96 0.83 0.38 0.68 0.13 0.83 0.29 0.18 0.99 0.43 0.04 0.63 0.66 0.57 0.06 0.13 0.60 0.83 0.60 0.78 0.01 0.58 0.86 0.68 0.79 ]
[0.82 0.21 0.56 0.96 0.06 0.15 0.38 0.64 0.35 0.38 0.21 0.92 0.22 0.05 0.63 0.45 0.73 0.70 0.45 0.28 0.86 0.74 0.96 0.46 0.85 0.83 0.46 0.36 1.00 0.72 0.15 0.20 0.70 0.92 0.76 0.70 0.36 0.71 0.17 0.91 0.00 0.13 0.35 0.33 0.57 0.28 0.52 0.10 0.65 0.77 0.13 0.87 0.10 0.79 0.75 0.36 0.40 0.26 0.70 0.85 0.28 0.32 0.55 0.50 0.51 0.90 0.58 0.76 ]
[0.95 0.33 0.98 0.22 0.75 0.25 0.75 0.52 0.36 0.58 0.62 0.31 0.41 0.38 0.89 0.03 0.79 0.41 0.48 0.78 0.43 0.60 0.52 0.09 0.03 0.67 0.49 0.43 0.72 1.00 0.04 0.40 0.62 0.23 0.14 0.55 0.07 0.09 0.41 0.04 0.39 0.27 0.27 0.72 0.49 0.61 0.13 0.28 0.19 0.64 0.08 0.36 0.90 0.28 0.10 0.85 0.95 0.01 0.54 0.31 0.94 0.08 0.30 0.45 0.38 0.68 0.40 0.94 ]
[0.85 0.24 0.41 0.34 0.27 0.26 0.38 0.53 0.11 0.25 0.03 0.36 0.70 0.63 0.89 0.84 0.03 0.06 0.26 0.73 0.63 0.72 0.80 0.69 0.85 0.91 0.31 0.20 0.15 0.04 1.00 0.15 0.96 0.79 0.07 0.24 0.06 0.47 0.38 0.16 0.31 0.53 0.41 0.28 0.75 0.21 0.47 0.65 0.02 0.24 0.34 0.48 0.73 0.64 0.21 0.48 0.44 0.19 0.81 0.42 0.94 0.61 0.71 0.38 0.70 0.72 0.84 0.63 ]
[0.37 0.21 0.92 0.34 0.95 0.05 0.15 0.32 0.75 0.50 0.43 0.77 0.94 0.79 0.77 0.48 0.64 0.26 0.05 0.28 0.83 0.75 0.17 0.24 0.94 0.91 0.02 0.07 0.20 0.40 0.15 1.00 0.10 0.81 0.16 0.09 0.71 0.65 0.44 0.26 0.25 0.66 0.25 0.03 0.18 0.36 0.14 0.11 0.17 0.30 0.57 0.54 0.44 0.61 0.25 0.63 0.89 0.42 0.87 0.46 0.77 0.88 0.36 0.87 0.62 0.19 0.43 0.43 ]
[0.01 0.32 0.42 0.35 0.04 0.19 0.20 0.82 0.76 0.91 0.90 0.75 0.69 0.07 0.27 0.36 0.23 0.13 0.70 0.16 0.94 0.86 0.99 0.26 0.75 0.05 0.07 0.17 0.70 0.62 0.96 0.10 1.00 0.59 0.04 0.42 0.12 0.48 0.04 0.80 0.19 0.70 0.91 0.77 0.51 0.30 0.89 0.16 0.79 0.07 0.23 0.69 0.44 0.38 0.17 0.00 0.09 0.24 0.59 0.28 0.77 0.03 0.92 0.13 0.65 0.47 0.41 0.37 ]
[0.64 0.70 0.51 0.99 0.35 0.63 0.57 0.89 0.76 0.93 0.20 0.58 0.07 0.80 0.85 0.07 0.58 0.52 0.27 0.19 0.61 0.21 0.04 0.00 0.41 0.98 0.98 0.10 0.92 0.23 0.79 0.81 0.59 1.00 0.46 0.89 0.39 0.19 0.24 0.98 0.05 0.39 0.74 0.17 0.93 0.62 0.30 0.72 0.71 0.38 0.25 0.96 0.54 0.72 0.67 0.58 0.57 0.70 0.81 0.68 0.49 0.82 0.56 0.87 0.71 0.73 0.86 0.18 ]
[0.06 0.62 0.64 0.94 0.92 0.71 0.56 0.45 0.22 0.08 0.80 0.83 0.75 0.29 0.24 0.83 0.94 0.78 0.25 0.64 0.28 0.52 0.96 0.01 0.88 0.47 0.98 0.84 0.76 0.14 0.07 0.16 0.04 0.46 1.00 0.92 0.69 0.82 0.30 1.00 0.39 0.17 0.51 0.43 0.99 0.75 0.06 0.22 0.89 0.06 0.23 0.54 0.83 0.06 0.19 0.30 0.49 0.26 0.35 0.05 0.57 0.04 0.33 0.44 0.49 0.40 0.62 0.28 ]
[0.52 0.89 0.89 0.38 0.74 0.07 0.97 0.61 0.49 0.56 0.43 0.94 0.39 0.08 0.48 0.50 0.16 0.25 0.99 0.42 0.44 0.37 0.53 0.29 0.03 0.81 0.77 0.96 0.70 0.55 0.24 0.09 0.42 0.89 0.92 1.00 0.75 0.08 0.15 0.13 0.83 0.58 0.15 0.83 0.71 0.45 0.41 0.89 0.62 0.80 0.10 0.06 0.51 0.14 0.64 0.45 0.38 0.89 0.50 0.27 0.07 0.23 0.33 0.37 0.41 0.60 0.15 0.75 ]
[0.45 0.03 0.34 0.98 0.79 0.87 0.78 0.95 0.07 0.75 0.40 0.24 0.33 0.12 0.85 0.65 0.95 0.00 0.56 0.23 0.52 0.53 0.15 0.38 0.27 0.13 0.83 0.52 0.36 0.07 0.06 0.71 0.12 0.39 0.69 0.75 1.00 0.58 0.56 0.90 0.74 0.83 0.18 0.61 0.38 0.04 0.26 0.73 0.72 0.61 0.76 0.61 0.15 0.19 0.56 0.60 0.20 0.03 0.59 0.14 0.12 0.40 0.05 0.31 0.80 0.74 0.35 0.92 ]
[0.95 0.63 0.35 0.59 0.15 0.55 0.31 0.14 0.27 0.49 0.09 0.97 0.24 0.97 0.11 0.48 0.24 0.05 0.68 0.93 0.23 0.06 0.93 0.55 0.71 0.48 0.93 0.48 0.71 0.09 0.47 0.65 0.48 0.19 0.82 0.08 0.58 1.00 0.53 0.74 0.22 0.90 0.45 0.40 0.37 0.41 0.48 0.70 0.63 0.82 0.04 0.97 0.53 0.55 0.55 0.76 0.12 0.72 0.70 0.13 0.67 0.53 0.07 0.46 0.74 0.04 0.23 0.43 ]
[0.22 0.64 0.99 0.62 0.02 0.28 0.89 0.02 0.32 0.41 0.83 0.08 0.80 0.63 0.97 0.06 0.65 0.68 0.11 0.32 0.98 0.93 0.62 0.90 0.96 0.19 0.50 0.87 0.17 0.41 0.38 0.44 0.04 0.24 0.30 0.15 0.56 0.53 1.00 0.86 0.71 0.26 0.84 0.52 0.49 0.88 0.32 0.83 0.94 0.72 0.68 0.03 0.44 0.86 0.79 0.22 0.81 0.70 0.51 0.24 0.89 0.98 0.04 0.62 0.11 0.15 0.60 0.90 ]
[0.12 0.53 0.22 0.90 0.61 0.78 0.93 0.18 0.72 0.69 0.03 0.06 0.35 0.74 0.57 0.47 0.53 0.78 0.37 0.41 0.93 0.39 0.54 0.06 0.79 0.79 0.37 0.95 0.91 0.04 0.16 0.26 0.80 0.98 1.00 0.13 0.90 0.74 0.86 1.00 0.19 0.37 0.02 0.58 0.85 0.10 0.70 0.21 0.18 0.86 0.25 0.02 0.27 0.54 0.32 0.10 0.97 0.31 0.59 0.61 0.50 0.09 0.12 0.42 0.86 0.82 0.18 0.63 ]
[0.87 0.57 0.75 0.12 0.46 0.33 0.38 0.43 0.20 0.02 0.71 0.86 0.75 0.21 0.32 0.17 0.52 0.34 0.15 0.75 0.03 0.38 0.71 0.09 0.22 0.41 0.28 0.05 0.00 0.39 0.31 0.25 0.19 0.05 0.39 0.83 0.74 0.22 0.71 0.19 1.00 0.67 0.58 0.90 0.07 0.67 0.69 0.34 0.45 0.96 0.69 0.87 0.16 0.21 0.61 0.20 0.35 0.05 0.13 0.66 0.22 0.49 0.25 0.78 0.97 0.70 0.11 0.16 ]
[0.10 0.50 0.93 0.98 0.29 0.37 0.97 0.38 0.10 0.28 0.82 0.12 0.78 0.82 0.31 0.06 0.94 0.90 0.32 0.87 0.87 0.66 0.97 0.92 0.67 0.14 0.08 0.74 0.13 0.27 0.53 0.66 0.70 0.39 0.17 0.58 0.83 0.90 0.26 0.37 0.67 1.00 0.12 0.90 0.27 0.26 0.25 0.84 0.28 0.28 0.91 0.54 0.34 0.67 0.94 0.37 0.67 0.04 0.73 0.32 0.45 0.41 0.18 0.51 0.87 0.65 0.23 0.97 ]
[0.54 0.31 0.42 0.12 0.63 0.38 0.49 0.59 0.07 0.98 0.03 0.97 0.46 0.12 0.52 0.61 0.31 0.74 0.01 0.10 0.48 0.80 0.83 0.17 0.96 0.74 0.14 0.67 0.35 0.27 0.41 0.25 0.91 0.74 0.51 0.15 0.18 0.45 0.84 0.02 0.58 0.12 1.00 0.37 0.37 0.37 0.30 0.14 0.84 0.12 0.98 0.83 0.63 0.29 0.74 0.85 0.38 0.22 0.83 0.70 0.38 0.56 0.04 0.96 0.93 0.92 0.78 0.25 ]
[0.93 0.64 0.44 0.62 0.02 0.22 0.63 0.91 0.85 0.58 0.94 0.22 0.67 0.88 0.79 0.96 0.72 0.49 0.04 0.21 0.96 0.35 0.48 0.32 0.32 0.76 0.42 0.96 0.33 0.72 0.28 0.03 0.77 0.17 0.43 0.83 0.61 0.40 0.52 0.58 0.90 0.90 0.37 1.00 0.24 0.40 0.96 0.80 0.09 0.37 0.23 0.10 0.56 0.51 0.01 0.81 0.40 0.16 0.44 0.11 0.70 0.53 0.71 0.08 0.06 0.38 0.33 0.08 ]
[0.63 0.65 0.75 0.05 0.06 0.60 0.95 0.77 0.98 0.70 0.85 0.68 0.26 0.90 0.97 0.54 0.80 0.09 0.20 0.72 0.90 0.51 0.85 0.37 0.15 0.76 0.38 0.83 0.57 0.49 0.75 0.18 0.51 0.93 0.99 0.71 0.38 0.37 0.49 0.85 0.07 0.27 0.37 0.24 1.00 0.25 0.84 0.79 0.99 0.06 0.23 0.04 0.42 0.23 0.60 0.43 0.01 0.48 1.00 0.29 0.46 0.54 0.03 0.83 0.45 0.26 0.47 0.54 ]
[0.47 0.06 0.59 0.29 0.91 0.51 0.88 0.68 0.99 0.67 0.90 0.79 1.00 0.80 0.24 0.00 0.83 0.88 0.06 0.21 0.83 0.76 0.59 0.84 0.12 0.30 0.79 0.38 0.28 0.61 0.21 0.36 0.30 0.62 0.75 0.45 0.04 0.41 0.88 0.10 0.67 0.26 0.37 0.40 0.25 1.00 0.99 0.92 0.76 0.36 0.01 0.88 0.33 0.40 0.45 0.91 0.25 0.63 0.25 0.33 0.89 0.27 0.74 0.06 0.35 0.33 0.18 0.19 ]
[0.09 0.96 0.79 0.97 0.97 0.68 0.23 0.31 0.46 0.88 0.94 0.22 0.40 0.11 0.88 0.39 0.70 0.19 0.50 0.85 0.80 0.31 0.50 0.59 0.78 0.07 0.97 0.68 0.52 0.13 0.47 0.14 0.89 0.30 0.06 0.41 0.26 0.48 0.32 0.70 0.69 0.25 0.30 0.96 0.84 0.99 1.00 0.84 0.24 0.37 0.90 0.55 0.09 0.61 0.47 0.18 0.31 0.54 0.63 0.78 0.28 0.35 0.07 0.42 0.85 0.57 0.05 0.60 ]
[0.45 0.98 0.15 0.21 0.15 0.64 0.68 0.95 0.49 0.61 0.55 0.28 0.11 0.26 0.45 0.50 0.78 0.55 0.25 0.44 0.62 0.59 0.35 0.64 0.61 0.06 0.28 0.13 0.10 0.28 0.65 0.11 0.16 0.72 0.22 0.89 0.73 0.70 0.83 0.21 0.34 0.84 0.14 0.80 0.79 0.92 0.84 1.00 0.84 0.04 0.53 0.88 0.48 0.47 0.86 0.40 0.06 0.78 0.38 0.99 0.57 0.39 0.93 0.69 0.32 0.56 0.71 0.23 ]
[0.25 0.25 0.59 0.05 0.28 0.81 0.84 0.62 0.24 0.70 0.59 0.66 0.13 0.57 0.48 0.20 0.76 0.12 0.58 0.72 0.66 0.49 0.28 0.95 0.80 0.61 0.04 0.83 0.65 0.19 0.02 0.17 0.79 0.71 0.89 0.62 0.72 0.63 0.94 0.18 0.45 0.28 0.84 0.09 0.99 0.76 0.24 0.84 1.00 0.14 0.13 0.13 0.87 0.29 0.01 0.51 0.22 0.15 0.97 0.89 1.00 0.31 0.71 0.66 0.53 0.69 0.03 0.30 ]
[0.92 0.08 0.39 0.14 0.79 0.13 0.47 0.02 0.47 0.47 0.39 0.26 0.88 0.56 0.51 0.10 0.36 0.03 0.87 0.76 0.21 0.30 0.20 0.42 0.89 0.24 0.43 0.29 0.77 0.64 0.24 0.30 0.07 0.38 0.06 0.80 0.61 0.82 0.72 0.86 0.96 0.28 0.12 0.37 0.06 0.36 0.37 0.04 0.14 1.00 0.10 0.24 0.83 0.17 0.17 0.51 0.67 0.65 0.91 0.74 0.65 0.28 0.01 0.44 0.49 0.83 0.46 1.00 ]
[0.94 0.87 0.37 0.05 0.52 0.68 0.80 0.36 0.38 0.21 0.64 0.25 0.67 0.18 0.96 0.37 0.42 0.32 0.54 0.63 0.98 0.77 0.95 0.37 0.08 0.01 0.65 0.18 0.13 0.08 0.34 0.57 0.23 0.25 0.23 0.10 0.76 0.04 0.68 0.25 0.69 0.91 0.98 0.23 0.23 0.01 0.90 0.53 0.13 0.10 1.00 0.80 0.13 0.08 0.70 0.95 0.57 0.81 0.02 0.56 0.59 0.38 0.63 0.84 0.98 0.34 0.56 0.22 ]
[0.97 0.14 0.04 0.78 0.11 0.98 0.22 0.49 0.68 0.86 0.47 0.55 1.00 0.24 0.52 0.70 0.71 0.71 0.81 0.07 0.91 0.67 0.94 0.37 0.27 0.25 0.19 0.99 0.87 0.36 0.48 0.54 0.69 0.96 0.54 0.06 0.61 0.97 0.03 0.02 0.87 0.54 0.83 0.10 0.04 0.88 0.55 0.88 0.13 0.24 0.80 1.00 0.96 0.55 0.53 0.82 0.37 0.39 0.84 0.24 0.44 0.05 0.84 0.88 0.36 0.75 0.74 0.10 ]
[0.66 0.75 0.72 0.56 0.80 0.74 0.75 0.54 0.14 0.68 0.51 0.76 0.27 0.86 0.11 0.35 0.22 0.02 0.13 0.35 0.73 0.96 0.94 0.78 0.08 0.07 0.39 0.43 0.10 0.90 0.73 0.44 0.44 0.54 0.83 0.51 0.15 0.53 0.44 0.27 0.16 0.34 0.63 0.56 0.42 0.33 0.09 0.48 0.87 0.83 0.13 0.96 1.00 0.43 0.53 0.55 0.80 0.09 0.14 0.51 0.80 0.73 0.00 0.06 0.50 0.13 0.00 0.84 ]
[0.50 0.71 0.58 0.63 0.23 0.86 0.62 0.78 0.91 0.49 0.92 0.27 0.74 0.71 0.15 0.55 0.75 0.17 0.57 0.38 0.43 0.94 0.42 0.36 0.24 0.32 0.05 0.04 0.79 0.28 0.64 0.61 0.38 0.72 0.06 0.14 0.19 0.55 0.86 0.54 0.21 0.67 0.29 0.51 0.23 0.40 0.61 0.47 0.29 0.17 0.08 0.55 0.43 1.00 0.40 0.55 0.82 0.68 0.91 0.70 0.25 0.52 0.94 0.73 0.70 0.74 0.92 0.92 ]
[0.62 0.37 0.97 0.11 0.20 0.10 0.62 0.09 0.09 0.16 0.17 0.67 0.81 0.75 0.67 0.26 0.96 0.23 0.56 0.43 0.84 0.39 0.36 0.79 0.71 0.13 0.39 0.63 0.75 0.10 0.21 0.25 0.17 0.67 0.19 0.64 0.56 0.55 0.79 0.32 0.61 0.94 0.74 0.01 0.60 0.45 0.47 0.86 0.01 0.17 0.70 0.53 0.53 0.40 1.00 0.54 0.20 0.64 0.80 0.38 0.29 0.86 0.75 0.04 0.43 0.27 0.70 0.46 ]
[0.01 0.92 0.34 0.72 0.96 0.05 0.39 0.01 0.90 0.51 0.05 0.78 0.73 0.00 0.97 0.24 0.22 0.96 0.77 0.41 0.30 0.62 0.86 0.21 0.88 0.97 0.22 0.66 0.36 0.85 0.48 0.63 0.00 0.58 0.30 0.45 0.60 0.76 0.22 0.10 0.20 0.37 0.85 0.81 0.43 0.91 0.18 0.40 0.51 0.51 0.95 0.82 0.55 0.55 0.54 1.00 0.67 0.61 0.50 0.87 0.62 0.49 0.71 0.79 0.38 0.30 0.06 0.63 ]
[0.05 0.45 0.91 0.15 0.58 0.96 0.98 0.60 0.99 0.06 0.00 0.99 0.60 0.99 0.10 0.02 0.81 0.79 0.38 0.08 0.10 0.62 0.77 0.62 0.04 0.90 0.68 0.57 0.40 0.95 0.44 0.89 0.09 0.57 0.49 0.38 0.20 0.12 0.81 0.97 0.35 0.67 0.38 0.40 0.01 0.25 0.31 0.06 0.22 0.67 0.57 0.37 0.80 0.82 0.20 0.67 1.00 0.52 0.18 0.44 0.99 0.49 0.27 0.18 0.85 0.24 0.98 0.05 ]
[0.73 0.50 0.78 0.28 0.74 0.56 0.70 0.98 0.91 0.40 0.86 0.30 0.05 0.24 0.45 0.62 0.76 0.12 0.69 0.75 0.05 0.30 0.86 0.52 0.06 0.20 0.63 0.06 0.26 0.01 0.19 0.42 0.24 0.70 0.26 0.89 0.03 0.72 0.70 0.31 0.05 0.04 0.22 0.16 0.48 0.63 0.54 0.78 0.15 0.65 0.81 0.39 0.09 0.68 0.64 0.61 0.52 1.00 0.02 0.97 0.03 0.64 0.51 0.24 0.65 0.80 0.40 0.33 ]
[0.56 0.37 0.70 0.89 0.38 0.41 0.91 0.48 0.38 0.68 0.71 0.31 0.43 0.31 0.84 0.16 0.61 0.91 0.51 0.96 0.10 0.73 0.37 0.86 0.45 0.73 0.63 0.13 0.70 0.54 0.81 0.87 0.59 0.81 0.35 0.50 0.59 0.70 0.51 0.59 0.13 0.73 0.83 0.44 1.00 0.25 0.63 0.38 0.97 0.91 0.02 0.84 0.14 0.91 0.80 0.50 0.18 0.02 1.00 0.57 0.68 0.63 0.49 0.90 0.99 0.56 0.89 0.85 ]
[0.05 0.29 0.63 0.21 0.12 0.45 0.81 0.87 0.68 0.95 0.53 0.13 0.17 0.00 0.61 0.87 0.37 0.84 0.53 0.73 0.02 0.61 0.06 0.61 0.87 0.34 0.64 0.60 0.85 0.31 0.42 0.46 0.28 0.68 0.05 0.27 0.14 0.13 0.24 0.61 0.66 0.32 0.70 0.11 0.29 0.33 0.78 0.99 0.89 0.74 0.56 0.24 0.51 0.70 0.38 0.87 0.44 0.97 0.57 1.00 0.75 0.80 0.44 0.20 0.74 0.28 0.96 0.61 ]
[0.94 0.67 0.69 0.37 0.05 0.21 0.03 0.75 0.84 0.93 0.16 0.40 0.36 0.20 0.44 0.76 0.41 0.03 0.85 0.15 0.62 0.24 0.93 0.20 0.10 0.63 0.09 0.83 0.28 0.94 0.94 0.77 0.77 0.49 0.57 0.07 0.12 0.67 0.89 0.50 0.22 0.45 0.38 0.70 0.46 0.89 0.28 0.57 1.00 0.65 0.59 0.44 0.80 0.25 0.29 0.62 0.99 0.03 0.68 0.75 1.00 0.51 0.53 0.21 0.57 0.95 0.73 0.97 ]
[0.67 0.23 0.54 0.76 0.85 0.91 0.62 0.60 0.33 0.18 0.26 0.73 0.36 0.34 0.73 0.05 0.81 0.73 0.16 0.26 0.22 0.83 0.23 0.21 0.72 0.79 0.25 0.60 0.32 0.08 0.61 0.88 0.03 0.82 0.04 0.23 0.40 0.53 0.98 0.09 0.49 0.41 0.56 0.53 0.54 0.27 0.35 0.39 0.31 0.28 0.38 0.05 0.73 0.52 0.86 0.49 0.49 0.64 0.63 0.80 0.51 1.00 0.78 0.36 0.81 0.14 0.83 0.26 ]
[0.14 0.01 0.35 0.82 0.70 0.82 0.33 0.11 0.95 0.93 0.69 0.30 0.03 0.90 0.98 0.97 0.82 0.04 0.28 0.47 0.76 0.79 0.76 0.95 0.03 0.57 0.00 0.78 0.55 0.30 0.71 0.36 0.92 0.56 0.33 0.33 0.05 0.07 0.04 0.12 0.25 0.18 0.04 0.71 0.03 0.74 0.07 0.93 0.71 0.01 0.63 0.84 0.00 0.94 0.75 0.71 0.27 0.51 0.49 0.44 0.53 0.78 1.00 0.36 0.97 0.72 0.91 0.10 ]
[0.33 0.54 0.57 0.90 0.60 0.94 0.53 0.94 0.80 0.08 0.27 0.59 0.97 0.37 0.15 0.70 0.08 0.11 0.42 0.57 0.30 0.14 0.27 0.69 0.28 0.56 0.18 0.01 0.50 0.45 0.38 0.87 0.13 0.87 0.44 0.37 0.31 0.46 0.62 0.42 0.78 0.51 0.96 0.08 0.83 0.06 0.42 0.69 0.66 0.44 0.84 0.88 0.06 0.73 0.04 0.79 0.18 0.24 0.90 0.20 0.21 0.36 0.36 1.00 0.04 0.53 0.30 0.72 ]
[0.68 0.54 0.94 0.99 0.20 0.59 0.87 0.52 0.68 0.77 0.44 0.23 0.54 0.31 0.77 0.54 0.87 0.76 0.74 0.38 0.78 0.78 0.06 0.62 0.26 0.58 0.73 0.58 0.51 0.38 0.70 0.62 0.65 0.71 0.49 0.41 0.80 0.74 0.11 0.86 0.97 0.87 0.93 0.06 0.45 0.35 0.85 0.32 0.53 0.49 0.98 0.36 0.50 0.70 0.43 0.38 0.85 0.65 0.99 0.74 0.57 0.81 0.97 0.04 1.00 0.26 0.16 0.67 ]
[0.48 0.18 0.24 0.34 0.92 0.19 0.61 0.46 0.47 0.06 0.25 0.97 0.33 0.07 0.64 0.54 0.27 0.89 0.71 0.02 0.98 0.51 0.78 0.57 0.97 0.92 0.23 0.86 0.90 0.68 0.72 0.19 0.47 0.73 0.40 0.60 0.74 0.04 0.15 0.82 0.70 0.65 0.92 0.38 0.26 0.33 0.57 0.56 0.69 0.83 0.34 0.75 0.13 0.74 0.27 0.30 0.24 0.80 0.56 0.28 0.95 0.14 0.72 0.53 0.26 1.00 0.24 0.26 ]
[0.05 0.58 0.61 0.07 0.37 0.49 0.84 0.55 0.26 0.72 0.75 0.92 0.14 0.49 0.21 0.08 0.23 0.27 0.82 0.60 0.91 0.54 0.71 0.81 0.87 0.98 0.32 0.68 0.58 0.40 0.84 0.43 0.41 0.86 0.62 0.15 0.35 0.23 0.60 0.18 0.11 0.23 0.78 0.33 0.47 0.18 0.05 0.71 0.03 0.46 0.56 0.74 0.00 0.92 0.70 0.06 0.98 0.40 0.89 0.96 0.73 0.83 0.91 0.30 0.16 0.24 1.00 0.50 ]
[0.44 0.85 0.81 0.68 0.17 0.64 0.06 0.53 0.93 0.51 0.06 0.31 0.99 0.44 0.31 0.74 0.80 0.66 0.79 0.69 0.62 0.66 0.20 0.62 0.70 0.33 0.86 0.79 0.76 0.94 0.63 0.43 0.37 0.18 0.28 0.75 0.92 0.43 0.90 0.63 0.16 0.97 0.25 0.08 0.54 0.19 0.60 0.23 0.30 1.00 0.22 0.10 0.84 0.92 0.46 0.63 0.05 0.33 0.85 0.61 0.97 0.26 0.10 0.72 0.67 0.26 0.50 1.00 ]
];
