D = 2;
n = [ 3 3 ];
N = 70;
d = [1 1 1 1 1 1 1 1 1 1 1 1 1 1 1 1 1 1 1 1 1 1 1 1 1 1 1 1 1 1 1 1 1 1 1 2 2 2 2 2 2 2 2 2 2 2 2 2 2 2 2 2 2 2 2 2 2 2 2 2 2 2 2 2 2 2 2 2 2 2 ];
m = [
[1.00 0.27 0.03 0.31 0.61 0.24 0.91 0.54 0.69 1.00 0.07 0.23 0.22 0.30 0.39 0.32 0.05 0.84 0.98 0.59 0.09 0.79 0.63 0.19 0.54 0.93 0.22 0.43 0.47 1.00 0.31 0.31 0.06 0.52 0.06 0.86 0.22 0.80 0.02 0.46 0.06 0.31 0.88 0.83 0.26 0.38 0.52 0.73 0.40 0.11 0.02 0.32 0.89 0.38 0.73 0.22 0.40 0.60 0.64 0.13 0.85 0.92 0.14 0.32 0.95 0.06 0.80 0.60 0.57 0.85 ]
[0.27 1.00 0.59 0.70 0.10 0.27 0.04 0.34 0.98 0.96 0.59 0.52 0.00 0.42 0.46 0.83 0.21 0.18 0.12 0.15 0.72 1.00 0.43 0.58 0.19 0.38 0.45 0.93 0.50 0.31 0.93 0.57 0.91 0.45 0.45 0.99 0.07 0.73 0.04 0.06 0.82 0.36 0.99 0.08 0.24 0.23 0.09 0.18 0.45 0.76 0.26 0.13 0.11 0.18 0.57 0.98 0.99 0.30 0.58 0.77 0.36 0.91 0.25 0.40 0.42 0.22 0.68 0.47 0.70 0.34 ]
[0.03 0.59 1.00 0.85 0.19 0.92 0.09 0.05 0.32 0.08 0.41 0.72 0.30 0.47 0.22 0.32 0.63 0.26 0.46 0.68 0.37 0.45 0.86 0.04 0.86 0.26 0.75 0.52 0.13 0.55 0.79 0.70 0.75 0.49 0.68 0.73 0.83 0.21 0.70 0.59 0.66 0.02 0.92 0.59 0.60 0.43 0.92 0.01 0.92 0.93 0.83 0.59 0.37 0.32 0.01 0.02 0.87 0.69 0.21 0.85 0.78 0.06 0.19 0.73 0.58 0.53 0.31 0.76 0.75 0.53 ]
[0.31 0.70 0.85 1.00 0.04 0.43 0.71 0.86 0.03 0.59 0.47 0.14 0.59 0.54 0.44 0.81 0.69 0.69 0.94 0.43 0.97 0.08 0.31 0.36 0.28 0.16 0.55 0.08 0.64 0.67 0.80 0.21 0.41 0.51 0.73 0.00 0.70 0.20 0.73 0.00 0.57 0.15 0.83 0.36 0.96 0.45 0.25 0.23 0.48 0.29 0.05 0.65 0.91 0.73 0.31 0.40 0.98 0.16 0.36 0.42 0.78 0.71 0.73 0.70 0.46 0.73 0.03 0.89 0.87 0.36 ]
[0.61 0.10 0.19 0.04 1.00 0.14 0.04 0.07 0.75 0.62 0.43 0.00 0.40 0.45 0.74 0.14 0.46 0.84 0.97 0.99 0.89 0.01 0.32 0.82 0.60 0.86 0.79 0.22 0.36 0.40 0.25 0.26 0.40 0.26 0.50 0.67 0.33 0.31 0.73 0.11 0.84 0.29 0.28 0.13 0.78 0.53 0.52 0.30 0.55 0.81 0.09 0.78 0.17 0.56 0.81 0.04 0.94 0.41 0.63 0.69 0.01 0.89 0.64 0.17 0.93 0.48 0.88 0.17 0.17 0.17 ]
[0.24 0.27 0.92 0.43 0.14 1.00 0.07 0.76 0.65 0.94 0.72 0.35 0.46 0.20 0.98 0.56 0.71 0.17 0.76 0.81 0.31 0.26 0.91 0.14 0.34 0.02 0.37 0.10 0.92 0.71 0.75 0.61 0.11 0.24 0.53 0.11 0.93 0.08 0.33 0.43 0.56 0.71 0.39 0.83 0.17 0.97 0.14 0.60 0.92 0.47 0.10 0.24 0.80 0.87 0.23 0.86 0.12 0.06 0.69 0.69 0.11 0.22 0.24 0.45 0.02 0.43 0.27 0.07 0.09 0.70 ]
[0.91 0.04 0.09 0.71 0.04 0.07 1.00 0.28 0.36 0.13 0.12 0.23 1.00 0.16 0.58 0.60 0.36 0.56 0.04 0.49 0.21 0.92 0.88 0.62 0.82 0.07 0.46 0.07 0.47 0.38 0.72 0.10 0.22 0.90 0.34 0.34 0.02 0.99 0.58 0.51 0.67 0.53 0.48 0.09 0.66 0.69 0.86 0.16 0.85 0.85 0.49 0.07 0.63 0.56 0.82 0.33 0.05 0.87 0.46 0.21 0.22 0.36 0.79 0.67 0.84 0.32 0.89 0.77 0.04 0.59 ]
[0.54 0.34 0.05 0.86 0.07 0.76 0.28 1.00 0.09 0.93 0.02 0.25 0.69 0.56 0.89 0.02 0.89 0.41 0.50 0.70 0.82 0.78 0.44 0.54 0.29 0.02 0.98 0.79 0.77 0.34 0.97 0.68 0.45 0.89 0.55 0.13 0.84 0.30 0.44 0.36 0.13 0.05 0.96 0.67 0.16 0.74 0.64 0.91 0.19 0.46 0.61 0.08 0.57 0.81 0.50 0.46 0.08 0.33 0.80 0.28 0.47 0.43 0.40 0.25 0.98 0.56 0.71 0.96 0.88 0.75 ]
[0.69 0.98 0.32 0.03 0.75 0.65 0.36 0.09 1.00 0.91 0.99 0.77 0.06 0.96 0.21 0.47 0.87 0.52 0.81 0.93 0.29 0.81 0.19 0.90 0.87 0.90 0.51 0.34 0.29 0.87 0.99 0.02 0.90 0.10 0.54 0.09 0.75 0.04 0.06 0.12 0.43 0.05 0.61 0.63 0.83 0.01 0.55 0.70 0.49 0.56 0.84 0.70 0.49 0.78 0.96 0.08 0.65 0.86 0.48 0.69 0.62 0.25 0.36 0.88 0.57 0.09 0.58 0.41 0.04 0.93 ]
[1.00 0.96 0.08 0.59 0.62 0.94 0.13 0.93 0.91 1.00 0.78 0.53 0.46 0.52 0.66 0.14 0.65 0.46 0.28 0.24 0.65 0.86 0.09 0.27 0.36 0.89 0.55 0.08 0.18 0.13 0.61 0.81 0.51 0.83 0.05 0.10 0.53 0.62 0.04 0.47 0.87 0.39 0.26 0.87 0.54 0.16 0.37 0.64 0.00 0.29 0.84 0.67 0.53 0.13 0.80 0.83 0.06 0.40 0.17 0.62 0.53 0.10 0.81 0.54 0.78 0.17 0.12 0.19 0.38 0.76 ]
[0.07 0.59 0.41 0.47 0.43 0.72 0.12 0.02 0.99 0.78 1.00 0.19 0.17 0.22 0.88 0.38 0.80 0.12 0.34 0.01 0.98 0.48 0.18 0.76 0.91 0.36 0.22 0.84 0.77 0.48 0.90 0.51 0.44 0.18 0.96 0.87 0.85 0.16 0.05 0.21 0.96 0.34 0.79 0.17 0.22 0.22 0.92 0.61 0.14 0.65 0.16 0.92 0.03 0.26 0.65 0.24 0.76 0.16 0.68 0.22 0.49 0.14 0.18 0.56 0.25 0.26 0.93 0.45 0.60 0.61 ]
[0.23 0.52 0.72 0.14 0.00 0.35 0.23 0.25 0.77 0.53 0.19 1.00 0.56 0.32 0.55 0.87 0.50 0.90 0.39 0.68 0.84 0.03 0.78 0.45 0.62 0.34 0.02 0.52 0.27 0.59 0.13 0.51 0.11 0.18 0.64 0.37 0.33 0.77 0.92 0.31 0.54 0.43 0.37 0.84 0.60 0.60 0.42 0.43 0.24 0.60 0.65 0.69 0.08 0.37 0.11 0.01 0.83 0.96 0.36 0.91 0.86 0.62 0.76 0.85 0.45 0.31 0.88 0.58 0.02 0.36 ]
[0.22 0.00 0.30 0.59 0.40 0.46 1.00 0.69 0.06 0.46 0.17 0.56 1.00 0.50 0.94 0.66 0.60 0.94 0.09 0.78 0.99 0.88 0.96 0.38 0.05 0.05 0.40 0.24 0.99 0.25 0.02 0.02 0.37 0.29 0.45 0.79 0.39 0.33 0.75 0.36 0.55 0.97 0.73 0.85 0.64 0.86 0.20 0.37 0.93 0.57 0.32 0.45 0.96 0.23 0.93 0.72 0.85 0.45 0.22 0.61 0.55 0.61 0.99 0.45 0.55 0.32 0.92 0.54 0.08 0.46 ]
[0.30 0.42 0.47 0.54 0.45 0.20 0.16 0.56 0.96 0.52 0.22 0.32 0.50 1.00 0.25 0.61 0.54 0.53 0.01 0.36 0.32 0.21 0.75 0.23 0.32 0.72 0.00 0.49 0.36 0.13 0.00 0.05 0.24 0.19 0.09 0.30 0.57 0.18 0.31 0.48 0.31 0.92 0.94 0.23 0.52 0.61 0.16 0.49 0.13 0.22 0.46 0.38 0.70 0.54 0.80 0.72 0.08 0.04 0.75 0.11 0.61 0.88 0.21 0.98 0.96 0.31 0.41 0.24 0.83 0.71 ]
[0.39 0.46 0.22 0.44 0.74 0.98 0.58 0.89 0.21 0.66 0.88 0.55 0.94 0.25 1.00 0.91 0.30 0.84 0.28 0.46 0.65 0.99 0.22 0.42 0.52 0.26 0.73 0.85 0.24 0.43 0.22 0.07 0.95 0.78 0.08 0.51 0.24 0.80 0.79 0.70 0.52 0.63 0.51 0.80 0.39 0.94 0.17 0.20 0.87 0.07 0.27 0.83 0.13 0.48 0.64 0.03 0.44 0.94 0.75 0.21 0.23 0.09 0.42 0.50 0.13 0.82 0.06 0.26 0.23 0.99 ]
[0.32 0.83 0.32 0.81 0.14 0.56 0.60 0.02 0.47 0.14 0.38 0.87 0.66 0.61 0.91 1.00 0.30 0.86 0.06 0.76 0.85 0.49 0.31 0.62 0.90 0.46 0.61 0.98 0.54 0.03 0.31 0.63 0.61 0.43 0.09 0.99 0.16 0.18 0.16 0.71 0.44 0.76 0.21 0.33 0.82 0.03 0.68 0.45 0.50 0.93 0.58 0.92 0.94 0.12 0.38 0.07 0.91 0.92 0.63 0.80 0.03 0.28 0.05 0.60 0.41 0.29 0.33 0.48 0.60 0.19 ]
[0.05 0.21 0.63 0.69 0.46 0.71 0.36 0.89 0.87 0.65 0.80 0.50 0.60 0.54 0.30 0.30 1.00 0.22 0.17 0.05 0.30 0.99 0.44 0.32 0.67 0.27 0.65 0.37 0.09 0.90 0.53 0.38 0.26 0.04 0.61 0.08 0.70 0.39 0.79 0.95 0.96 0.31 0.66 0.38 0.07 0.57 0.95 0.54 0.66 0.22 0.68 0.14 0.08 0.83 0.99 0.33 0.02 0.86 0.24 0.24 0.17 0.27 0.16 0.95 0.27 0.04 0.79 0.11 0.01 0.80 ]
[0.84 0.18 0.26 0.69 0.84 0.17 0.56 0.41 0.52 0.46 0.12 0.90 0.94 0.53 0.84 0.86 0.22 1.00 0.32 0.55 0.35 0.67 0.75 0.54 0.74 0.56 0.92 0.02 0.47 0.53 0.60 0.12 0.38 0.47 0.21 0.87 0.93 0.16 0.86 0.67 0.50 0.93 0.27 0.75 0.83 0.52 0.82 0.64 0.81 0.11 0.72 0.16 0.34 0.38 0.47 0.78 0.81 0.09 0.78 0.22 0.80 0.32 0.88 0.20 0.72 0.15 0.66 0.02 0.03 0.80 ]
[0.98 0.12 0.46 0.94 0.97 0.76 0.04 0.50 0.81 0.28 0.34 0.39 0.09 0.01 0.28 0.06 0.17 0.32 1.00 0.73 0.29 0.51 0.84 0.30 0.74 0.39 0.60 0.90 0.37 0.89 0.56 0.14 0.26 0.08 0.83 0.39 0.46 0.53 0.90 0.10 0.90 0.98 0.82 0.27 0.99 0.92 0.54 0.04 0.20 0.00 0.34 0.77 0.67 0.15 0.63 0.56 0.10 0.19 0.22 0.11 0.52 0.59 0.85 0.90 0.26 0.63 0.64 0.85 0.12 0.64 ]
[0.59 0.15 0.68 0.43 0.99 0.81 0.49 0.70 0.93 0.24 0.01 0.68 0.78 0.36 0.46 0.76 0.05 0.55 0.73 1.00 0.76 0.06 0.27 0.03 0.10 0.19 0.82 0.34 0.03 0.93 0.68 0.16 0.41 0.58 0.57 0.23 0.38 0.83 0.59 0.11 0.23 0.27 0.27 0.23 0.82 0.03 0.64 0.92 0.33 0.90 0.51 0.41 0.23 0.61 0.14 0.80 0.53 0.52 0.09 0.42 0.39 0.48 0.09 0.89 0.65 0.60 0.23 0.11 0.30 0.47 ]
[0.09 0.72 0.37 0.97 0.89 0.31 0.21 0.82 0.29 0.65 0.98 0.84 0.99 0.32 0.65 0.85 0.30 0.35 0.29 0.76 1.00 0.03 0.43 0.09 0.80 0.55 0.01 0.75 0.16 0.72 0.49 0.75 0.17 0.68 0.69 0.09 0.44 0.16 0.65 0.20 0.07 0.78 0.66 0.59 0.61 0.16 0.17 0.37 0.39 0.33 0.00 0.77 0.33 0.25 0.25 0.10 0.15 0.22 0.66 0.13 0.05 0.81 0.67 0.63 0.84 0.66 0.07 0.24 0.46 0.58 ]
[0.79 1.00 0.45 0.08 0.01 0.26 0.92 0.78 0.81 0.86 0.48 0.03 0.88 0.21 0.99 0.49 0.99 0.67 0.51 0.06 0.03 1.00 0.33 0.78 0.92 0.13 0.27 0.33 0.89 0.52 0.70 0.71 0.27 0.86 0.65 0.23 0.30 0.65 1.00 0.84 0.86 0.32 0.62 0.93 0.88 0.45 0.05 0.61 0.39 0.25 0.90 0.32 0.98 0.03 0.14 0.35 0.63 0.60 0.72 0.54 0.48 0.11 0.77 0.96 0.15 0.32 0.12 0.87 0.32 0.60 ]
[0.63 0.43 0.86 0.31 0.32 0.91 0.88 0.44 0.19 0.09 0.18 0.78 0.96 0.75 0.22 0.31 0.44 0.75 0.84 0.27 0.43 0.33 1.00 0.70 0.16 0.57 0.60 0.44 0.18 0.80 0.08 0.85 0.75 0.46 0.60 0.29 0.46 0.79 0.76 0.55 0.47 0.73 0.51 0.82 0.77 0.11 0.68 0.15 0.59 0.83 0.88 0.25 0.12 0.80 0.76 0.56 0.30 0.19 0.04 0.99 0.63 0.70 0.29 0.09 0.39 0.83 0.10 0.79 0.59 0.53 ]
[0.19 0.58 0.04 0.36 0.82 0.14 0.62 0.54 0.90 0.27 0.76 0.45 0.38 0.23 0.42 0.62 0.32 0.54 0.30 0.03 0.09 0.78 0.70 1.00 0.37 0.31 0.65 0.23 0.84 0.38 0.35 0.19 0.40 0.40 0.45 0.93 0.33 0.57 0.87 0.71 0.38 0.92 0.10 0.47 0.47 0.63 0.78 0.30 0.01 0.23 0.82 0.98 0.10 0.75 0.55 0.73 0.86 0.01 0.48 0.58 0.78 0.15 0.12 0.26 0.67 0.88 0.88 0.87 0.56 0.27 ]
[0.54 0.19 0.86 0.28 0.60 0.34 0.82 0.29 0.87 0.36 0.91 0.62 0.05 0.32 0.52 0.90 0.67 0.74 0.74 0.10 0.80 0.92 0.16 0.37 1.00 0.51 0.16 0.40 0.50 0.34 0.25 0.18 0.54 0.60 0.06 0.44 0.05 0.46 0.89 0.57 0.30 0.41 0.53 0.05 0.62 0.46 0.58 0.68 0.15 0.22 0.81 0.09 0.78 0.60 0.32 0.82 0.08 0.45 0.41 0.76 0.22 0.28 0.76 0.24 0.88 0.49 0.74 0.82 0.30 0.93 ]
[0.93 0.38 0.26 0.16 0.86 0.02 0.07 0.02 0.90 0.89 0.36 0.34 0.05 0.72 0.26 0.46 0.27 0.56 0.39 0.19 0.55 0.13 0.57 0.31 0.51 1.00 0.31 0.75 1.00 0.56 0.66 0.58 0.00 0.54 0.46 0.05 0.73 0.50 0.16 0.99 0.40 0.49 0.46 0.45 0.47 0.08 0.94 0.29 0.02 0.08 0.84 0.64 0.96 0.42 0.56 0.11 0.99 0.81 0.17 0.53 0.78 0.27 0.32 0.80 0.71 0.79 0.56 0.78 0.19 0.55 ]
[0.22 0.45 0.75 0.55 0.79 0.37 0.46 0.98 0.51 0.55 0.22 0.02 0.40 0.00 0.73 0.61 0.65 0.92 0.60 0.82 0.01 0.27 0.60 0.65 0.16 0.31 1.00 0.24 0.44 0.36 0.55 0.59 0.42 0.20 0.53 0.80 0.52 0.15 0.57 0.46 0.58 0.05 0.01 0.98 0.63 0.57 0.58 0.73 1.00 0.09 0.79 0.90 0.51 0.51 0.90 0.49 0.72 0.92 0.43 0.14 0.47 0.91 0.28 0.44 0.67 0.91 0.22 0.23 0.29 0.66 ]
[0.43 0.93 0.52 0.08 0.22 0.10 0.07 0.79 0.34 0.08 0.84 0.52 0.24 0.49 0.85 0.98 0.37 0.02 0.90 0.34 0.75 0.33 0.44 0.23 0.40 0.75 0.24 1.00 0.78 0.86 0.91 0.03 0.74 0.90 0.31 0.19 0.32 0.86 0.98 0.54 0.65 0.04 0.99 0.16 0.14 0.16 0.34 0.49 0.28 0.33 0.95 0.43 0.44 0.24 0.19 0.85 0.84 0.72 0.17 0.27 0.50 0.60 0.38 0.91 0.62 0.65 0.03 0.21 0.92 0.46 ]
[0.47 0.50 0.13 0.64 0.36 0.92 0.47 0.77 0.29 0.18 0.77 0.27 0.99 0.36 0.24 0.54 0.09 0.47 0.37 0.03 0.16 0.89 0.18 0.84 0.50 1.00 0.44 0.78 1.00 0.30 0.67 0.77 0.21 0.90 0.74 0.21 0.83 0.71 0.34 0.47 0.90 0.91 0.10 0.66 0.54 0.81 0.95 0.67 0.28 0.00 0.87 0.56 0.94 0.41 0.42 0.92 0.30 0.77 0.64 0.03 0.56 0.03 0.02 0.44 0.92 0.05 0.56 0.92 0.96 0.10 ]
[1.00 0.31 0.55 0.67 0.40 0.71 0.38 0.34 0.87 0.13 0.48 0.59 0.25 0.13 0.43 0.03 0.90 0.53 0.89 0.93 0.72 0.52 0.80 0.38 0.34 0.56 0.36 0.86 0.30 1.00 0.68 0.38 0.73 0.11 0.34 0.52 0.72 0.64 0.32 0.21 0.44 0.42 0.38 0.44 0.78 0.59 0.47 0.51 0.75 0.25 0.11 0.05 0.92 0.08 0.29 0.37 0.98 0.27 0.18 0.60 0.80 0.65 0.62 0.55 0.97 0.49 0.85 0.19 0.10 0.21 ]
[0.31 0.93 0.79 0.80 0.25 0.75 0.72 0.97 0.99 0.61 0.90 0.13 0.02 0.00 0.22 0.31 0.53 0.60 0.56 0.68 0.49 0.70 0.08 0.35 0.25 0.66 0.55 0.91 0.67 0.68 1.00 0.34 0.40 0.72 0.41 0.87 0.49 0.73 0.58 0.71 0.14 0.75 0.30 0.60 0.26 0.78 0.55 0.46 0.38 0.81 0.92 0.41 0.01 0.60 0.23 0.59 0.59 0.62 0.86 0.31 0.14 0.15 0.50 0.72 0.59 0.87 0.67 0.50 0.52 0.91 ]
[0.31 0.57 0.70 0.21 0.26 0.61 0.10 0.68 0.02 0.81 0.51 0.51 0.02 0.05 0.07 0.63 0.38 0.12 0.14 0.16 0.75 0.71 0.85 0.19 0.18 0.58 0.59 0.03 0.77 0.38 0.34 1.00 0.15 0.79 0.67 0.07 0.33 0.85 0.25 0.08 0.58 0.80 0.91 0.10 0.95 0.18 0.61 0.99 0.11 0.93 0.03 0.22 0.98 0.14 0.83 0.29 0.05 0.06 0.67 0.60 0.04 0.09 0.66 0.47 0.81 0.32 0.08 0.17 0.25 0.52 ]
[0.06 0.91 0.75 0.41 0.40 0.11 0.22 0.45 0.90 0.51 0.44 0.11 0.37 0.24 0.95 0.61 0.26 0.38 0.26 0.41 0.17 0.27 0.75 0.40 0.54 0.00 0.42 0.74 0.21 0.73 0.40 0.15 1.00 0.73 0.15 0.28 0.30 0.11 0.71 0.50 0.61 0.85 0.48 0.16 0.88 0.56 0.70 0.97 0.15 0.14 0.17 0.68 0.28 0.09 0.88 0.27 0.57 0.14 0.84 0.04 0.67 0.46 0.32 0.84 0.78 0.65 0.62 0.20 0.49 0.85 ]
[0.52 0.45 0.49 0.51 0.26 0.24 0.90 0.89 0.10 0.83 0.18 0.18 0.29 0.19 0.78 0.43 0.04 0.47 0.08 0.58 0.68 0.86 0.46 0.40 0.60 0.54 0.20 0.90 0.90 0.11 0.72 0.79 0.73 1.00 0.02 0.85 0.11 0.38 0.26 0.52 0.84 0.34 0.59 0.51 0.33 0.82 0.35 0.09 0.99 0.60 0.55 0.09 0.78 0.03 0.50 0.56 0.10 0.24 0.08 0.56 0.20 0.73 0.72 0.11 0.35 0.73 0.54 0.59 0.24 0.76 ]
[0.06 0.45 0.68 0.73 0.50 0.53 0.34 0.55 0.54 0.05 0.96 0.64 0.45 0.09 0.08 0.09 0.61 0.21 0.83 0.57 0.69 0.65 0.60 0.45 0.06 0.46 0.53 0.31 0.74 0.34 0.41 0.67 0.15 0.02 1.00 0.66 0.72 0.55 0.71 0.52 0.67 0.61 0.65 0.60 0.27 0.63 0.80 0.17 0.53 0.79 0.67 0.65 0.54 0.84 0.40 0.24 0.68 0.71 0.43 0.63 0.51 0.22 0.77 0.85 0.38 0.35 0.46 0.93 0.48 0.42 ]
[0.86 0.99 0.73 0.00 0.67 0.11 0.34 0.13 0.09 0.10 0.87 0.37 0.79 0.30 0.51 0.99 0.08 0.87 0.39 0.23 0.09 0.23 0.29 0.93 0.44 0.05 0.80 0.19 0.21 0.52 0.87 0.07 0.28 0.85 0.66 1.00 0.32 0.94 0.46 0.98 0.37 0.41 0.47 0.54 0.09 0.22 0.59 0.43 0.17 0.97 0.28 0.48 0.99 0.76 0.60 0.80 0.89 0.98 0.75 0.75 0.27 0.84 0.84 0.83 0.74 0.51 0.31 0.71 0.72 0.71 ]
[0.22 0.07 0.83 0.70 0.33 0.93 0.02 0.84 0.75 0.53 0.85 0.33 0.39 0.57 0.24 0.16 0.70 0.93 0.46 0.38 0.44 0.30 0.46 0.33 0.05 0.73 0.52 0.32 0.83 0.72 0.49 0.33 0.30 0.11 0.72 0.32 1.00 0.90 0.48 0.83 0.19 0.53 0.80 0.29 0.70 0.03 0.41 0.40 0.86 0.78 0.68 0.06 0.30 0.62 0.64 0.50 0.98 0.45 0.78 0.27 0.66 0.11 0.02 0.81 0.41 0.40 0.47 0.14 0.45 0.43 ]
[0.80 0.73 0.21 0.20 0.31 0.08 0.99 0.30 0.04 0.62 0.16 0.77 0.33 0.18 0.80 0.18 0.39 0.16 0.53 0.83 0.16 0.65 0.79 0.57 0.46 0.50 0.15 0.86 0.71 0.64 0.73 0.85 0.11 0.38 0.55 0.94 0.90 1.00 0.42 0.14 0.57 0.80 0.27 0.63 0.08 0.47 0.07 0.60 0.54 0.33 0.81 0.36 0.71 0.76 0.45 0.10 0.44 0.55 0.06 0.22 0.17 0.65 0.73 0.83 0.81 0.03 0.56 0.08 0.57 0.08 ]
[0.02 0.04 0.70 0.73 0.73 0.33 0.58 0.44 0.06 0.04 0.05 0.92 0.75 0.31 0.79 0.16 0.79 0.86 0.90 0.59 0.65 1.00 0.76 0.87 0.89 0.16 0.57 0.98 0.34 0.32 0.58 0.25 0.71 0.26 0.71 0.46 0.48 0.42 1.00 0.42 0.16 0.96 0.15 0.78 0.82 0.22 0.29 0.25 0.91 0.27 0.99 0.82 0.68 0.45 0.89 0.41 0.55 0.47 0.32 0.87 0.71 0.75 0.79 0.96 0.94 0.77 0.31 0.16 0.76 0.31 ]
[0.46 0.06 0.59 0.00 0.11 0.43 0.51 0.36 0.12 0.47 0.21 0.31 0.36 0.48 0.70 0.71 0.95 0.67 0.10 0.11 0.20 0.84 0.55 0.71 0.57 0.99 0.46 0.54 0.47 0.21 0.71 0.08 0.50 0.52 0.52 0.98 0.83 0.14 0.42 1.00 0.28 0.49 0.05 0.27 0.95 0.38 0.68 0.69 0.36 0.14 0.67 0.23 0.97 0.98 0.12 0.12 0.55 0.24 0.64 0.58 0.57 0.67 0.16 0.64 0.47 0.41 0.91 0.59 0.61 0.68 ]
[0.06 0.82 0.66 0.57 0.84 0.56 0.67 0.13 0.43 0.87 0.96 0.54 0.55 0.31 0.52 0.44 0.96 0.50 0.90 0.23 0.07 0.86 0.47 0.38 0.30 0.40 0.58 0.65 0.90 0.44 0.14 0.58 0.61 0.84 0.67 0.37 0.19 0.57 0.16 0.28 1.00 0.38 0.56 0.82 0.38 0.04 0.54 0.29 0.35 0.48 0.70 0.61 0.08 0.14 0.77 0.16 0.40 0.55 0.50 0.55 0.04 0.03 0.81 0.84 0.83 0.85 0.31 0.28 0.04 0.92 ]
[0.31 0.36 0.02 0.15 0.29 0.71 0.53 0.05 0.05 0.39 0.34 0.43 0.97 0.92 0.63 0.76 0.31 0.93 0.98 0.27 0.78 0.32 0.73 0.92 0.41 0.49 0.05 0.04 0.91 0.42 0.75 0.80 0.85 0.34 0.61 0.41 0.53 0.80 0.96 0.49 0.38 1.00 0.71 0.24 0.10 0.94 0.86 0.05 0.43 0.24 0.65 0.49 0.87 0.73 0.54 0.07 0.57 0.47 0.80 0.14 0.87 0.57 0.48 0.40 0.71 0.15 0.19 0.96 0.87 0.31 ]
[0.88 0.99 0.92 0.83 0.28 0.39 0.48 0.96 0.61 0.26 0.79 0.37 0.73 0.94 0.51 0.21 0.66 0.27 0.82 0.27 0.66 0.62 0.51 0.10 0.53 0.46 0.01 0.99 0.10 0.38 0.30 0.91 0.48 0.59 0.65 0.47 0.80 0.27 0.15 0.05 0.56 0.71 1.00 0.63 0.32 0.19 0.64 0.29 0.54 0.24 0.37 0.74 0.59 0.46 0.20 0.42 0.80 0.06 0.77 0.13 0.99 0.58 0.98 0.43 0.24 0.05 0.76 0.44 0.55 0.06 ]
[0.83 0.08 0.59 0.36 0.13 0.83 0.09 0.67 0.63 0.87 0.17 0.84 0.85 0.23 0.80 0.33 0.38 0.75 0.27 0.23 0.59 0.93 0.82 0.47 0.05 0.45 0.98 0.16 0.66 0.44 0.60 0.10 0.16 0.51 0.60 0.54 0.29 0.63 0.78 0.27 0.82 0.24 0.63 1.00 0.17 0.43 0.05 0.16 0.80 0.17 0.29 0.45 0.37 0.07 0.59 0.87 1.00 0.68 0.05 0.60 0.39 0.84 0.79 0.27 0.13 0.70 0.68 0.21 0.19 0.82 ]
[0.26 0.24 0.60 0.96 0.78 0.17 0.66 0.16 0.83 0.54 0.22 0.60 0.64 0.52 0.39 0.82 0.07 0.83 0.99 0.82 0.61 0.88 0.77 0.47 0.62 0.47 0.63 0.14 0.54 0.78 0.26 0.95 0.88 0.33 0.27 0.09 0.70 0.08 0.82 0.95 0.38 0.10 0.32 0.17 1.00 0.95 0.55 0.73 0.96 0.10 0.25 0.34 0.52 0.41 0.55 0.97 0.57 0.94 0.09 0.62 0.16 0.05 0.70 0.11 0.86 0.28 0.98 0.62 0.38 0.61 ]
[0.38 0.23 0.43 0.45 0.53 0.97 0.69 0.74 0.01 0.16 0.22 0.60 0.86 0.61 0.94 0.03 0.57 0.52 0.92 0.03 0.16 0.45 0.11 0.63 0.46 0.08 0.57 0.16 0.81 0.59 0.78 0.18 0.56 0.82 0.63 0.22 0.03 0.47 0.22 0.38 0.04 0.94 0.19 0.43 0.95 1.00 0.19 0.09 0.85 0.84 0.46 0.97 0.27 0.82 0.67 0.80 0.13 1.00 0.03 0.52 0.74 0.96 0.08 0.32 0.75 0.44 0.09 0.15 0.28 0.27 ]
[0.52 0.09 0.92 0.25 0.52 0.14 0.86 0.64 0.55 0.37 0.92 0.42 0.20 0.16 0.17 0.68 0.95 0.82 0.54 0.64 0.17 0.05 0.68 0.78 0.58 0.94 0.58 0.34 0.95 0.47 0.55 0.61 0.70 0.35 0.80 0.59 0.41 0.07 0.29 0.68 0.54 0.86 0.64 0.05 0.55 0.19 1.00 0.66 0.68 0.83 0.55 0.83 0.91 0.57 0.40 0.99 0.31 0.21 0.18 0.85 0.29 0.41 0.48 0.42 0.44 0.27 0.44 0.31 0.02 0.83 ]
[0.73 0.18 0.01 0.23 0.30 0.60 0.16 0.91 0.70 0.64 0.61 0.43 0.37 0.49 0.20 0.45 0.54 0.64 0.04 0.92 0.37 0.61 0.15 0.30 0.68 0.29 0.73 0.49 0.67 0.51 0.46 0.99 0.97 0.09 0.17 0.43 0.40 0.60 0.25 0.69 0.29 0.05 0.29 0.16 0.73 0.09 0.66 1.00 0.87 0.02 0.96 0.15 0.57 0.64 0.87 0.90 0.97 0.27 0.90 0.41 0.33 0.31 0.20 0.13 0.19 0.97 0.84 0.92 0.58 0.92 ]
[0.40 0.45 0.92 0.48 0.55 0.92 0.85 0.19 0.49 0.00 0.14 0.24 0.93 0.13 0.87 0.50 0.66 0.81 0.20 0.33 0.39 0.39 0.59 0.01 0.15 0.02 1.00 0.28 0.28 0.75 0.38 0.11 0.15 0.99 0.53 0.17 0.86 0.54 0.91 0.36 0.35 0.43 0.54 0.80 0.96 0.85 0.68 0.87 1.00 0.38 0.75 0.22 0.01 0.46 0.54 0.42 0.78 0.00 0.15 0.30 0.41 0.55 0.06 0.46 0.55 0.42 0.95 0.53 0.87 0.27 ]
[0.11 0.76 0.93 0.29 0.81 0.47 0.85 0.46 0.56 0.29 0.65 0.60 0.57 0.22 0.07 0.93 0.22 0.11 0.00 0.90 0.33 0.25 0.83 0.23 0.22 0.08 0.09 0.33 0.00 0.25 0.81 0.93 0.14 0.60 0.79 0.97 0.78 0.33 0.27 0.14 0.48 0.24 0.24 0.17 0.10 0.84 0.83 0.02 0.38 1.00 0.87 0.81 0.62 0.60 0.46 0.76 0.74 0.13 0.81 0.95 0.24 0.23 0.95 0.82 0.52 0.17 0.20 0.78 0.15 0.42 ]
[0.02 0.26 0.83 0.05 0.09 0.10 0.49 0.61 0.84 0.84 0.16 0.65 0.32 0.46 0.27 0.58 0.68 0.72 0.34 0.51 0.00 0.90 0.88 0.82 0.81 0.84 0.79 0.95 0.87 0.11 0.92 0.03 0.17 0.55 0.67 0.28 0.68 0.81 0.99 0.67 0.70 0.65 0.37 0.29 0.25 0.46 0.55 0.96 0.75 0.87 1.00 0.89 0.31 0.98 0.20 0.16 0.61 0.12 0.55 0.52 0.53 0.34 0.55 0.99 0.94 0.90 0.26 0.90 0.34 0.40 ]
[0.32 0.13 0.59 0.65 0.78 0.24 0.07 0.08 0.70 0.67 0.92 0.69 0.45 0.38 0.83 0.92 0.14 0.16 0.77 0.41 0.77 0.32 0.25 0.98 0.09 0.64 0.90 0.43 0.56 0.05 0.41 0.22 0.68 0.09 0.65 0.48 0.06 0.36 0.82 0.23 0.61 0.49 0.74 0.45 0.34 0.97 0.83 0.15 0.22 0.81 0.89 1.00 0.97 0.44 0.77 0.38 0.30 0.23 0.21 0.76 0.35 0.50 0.84 0.13 0.08 0.59 0.76 0.29 0.47 0.19 ]
[0.89 0.11 0.37 0.91 0.17 0.80 0.63 0.57 0.49 0.53 0.03 0.08 0.96 0.70 0.13 0.94 0.08 0.34 0.67 0.23 0.33 0.98 0.12 0.10 0.78 0.96 0.51 0.44 0.94 0.92 0.01 0.98 0.28 0.78 0.54 0.99 0.30 0.71 0.68 0.97 0.08 0.87 0.59 0.37 0.52 0.27 0.91 0.57 0.01 0.62 0.31 0.97 1.00 0.96 0.79 0.69 0.92 0.88 0.45 0.76 0.48 0.17 0.88 0.71 0.08 0.06 0.30 0.64 0.56 0.36 ]
[0.38 0.18 0.32 0.73 0.56 0.87 0.56 0.81 0.78 0.13 0.26 0.37 0.23 0.54 0.48 0.12 0.83 0.38 0.15 0.61 0.25 0.03 0.80 0.75 0.60 0.42 0.51 0.24 0.41 0.08 0.60 0.14 0.09 0.03 0.84 0.76 0.62 0.76 0.45 0.98 0.14 0.73 0.46 0.07 0.41 0.82 0.57 0.64 0.46 0.60 0.98 0.44 0.96 1.00 0.87 0.06 0.44 0.21 0.88 0.17 0.35 0.18 0.07 0.02 0.88 0.77 0.49 0.00 0.41 0.98 ]
[0.73 0.57 0.01 0.31 0.81 0.23 0.82 0.50 0.96 0.80 0.65 0.11 0.93 0.80 0.64 0.38 0.99 0.47 0.63 0.14 0.25 0.14 0.76 0.55 0.32 0.56 0.90 0.19 0.42 0.29 0.23 0.83 0.88 0.50 0.40 0.60 0.64 0.45 0.89 0.12 0.77 0.54 0.20 0.59 0.55 0.67 0.40 0.87 0.54 0.46 0.20 0.77 0.79 0.87 1.00 0.20 0.36 0.33 0.13 0.42 0.76 0.46 0.82 0.36 0.36 0.11 0.02 0.58 0.46 0.05 ]
[0.22 0.98 0.02 0.40 0.04 0.86 0.33 0.46 0.08 0.83 0.24 0.01 0.72 0.72 0.03 0.07 0.33 0.78 0.56 0.80 0.10 0.35 0.56 0.73 0.82 0.11 0.49 0.85 0.92 0.37 0.59 0.29 0.27 0.56 0.24 0.80 0.50 0.10 0.41 0.12 0.16 0.07 0.42 0.87 0.97 0.80 0.99 0.90 0.42 0.76 0.16 0.38 0.69 0.06 0.20 1.00 0.99 0.54 0.07 0.66 0.95 0.92 0.86 0.73 0.22 0.58 0.94 0.66 0.30 0.28 ]
[0.40 0.99 0.87 0.98 0.94 0.12 0.05 0.08 0.65 0.06 0.76 0.83 0.85 0.08 0.44 0.91 0.02 0.81 0.10 0.53 0.15 0.63 0.30 0.86 0.08 0.99 0.72 0.84 0.30 0.98 0.59 0.05 0.57 0.10 0.68 0.89 0.98 0.44 0.55 0.55 0.40 0.57 0.80 1.00 0.57 0.13 0.31 0.97 0.78 0.74 0.61 0.30 0.92 0.44 0.36 0.99 1.00 0.07 0.42 0.67 0.14 0.60 0.22 0.02 0.50 0.81 0.46 0.18 0.52 0.24 ]
[0.60 0.30 0.69 0.16 0.41 0.06 0.87 0.33 0.86 0.40 0.16 0.96 0.45 0.04 0.94 0.92 0.86 0.09 0.19 0.52 0.22 0.60 0.19 0.01 0.45 0.81 0.92 0.72 0.77 0.27 0.62 0.06 0.14 0.24 0.71 0.98 0.45 0.55 0.47 0.24 0.55 0.47 0.06 0.68 0.94 1.00 0.21 0.27 0.00 0.13 0.12 0.23 0.88 0.21 0.33 0.54 0.07 1.00 0.91 0.96 0.21 0.83 0.61 0.72 0.77 0.85 0.00 0.82 0.67 0.55 ]
[0.64 0.58 0.21 0.36 0.63 0.69 0.46 0.80 0.48 0.17 0.68 0.36 0.22 0.75 0.75 0.63 0.24 0.78 0.22 0.09 0.66 0.72 0.04 0.48 0.41 0.17 0.43 0.17 0.64 0.18 0.86 0.67 0.84 0.08 0.43 0.75 0.78 0.06 0.32 0.64 0.50 0.80 0.77 0.05 0.09 0.03 0.18 0.90 0.15 0.81 0.55 0.21 0.45 0.88 0.13 0.07 0.42 0.91 1.00 0.26 0.42 0.47 0.80 1.00 0.27 0.83 0.48 0.30 0.10 0.19 ]
[0.13 0.77 0.85 0.42 0.69 0.69 0.21 0.28 0.69 0.62 0.22 0.91 0.61 0.11 0.21 0.80 0.24 0.22 0.11 0.42 0.13 0.54 0.99 0.58 0.76 0.53 0.14 0.27 0.03 0.60 0.31 0.60 0.04 0.56 0.63 0.75 0.27 0.22 0.87 0.58 0.55 0.14 0.13 0.60 0.62 0.52 0.85 0.41 0.30 0.95 0.52 0.76 0.76 0.17 0.42 0.66 0.67 0.96 0.26 1.00 0.48 0.44 0.49 0.91 0.43 0.74 0.66 0.28 0.67 0.02 ]
[0.85 0.36 0.78 0.78 0.01 0.11 0.22 0.47 0.62 0.53 0.49 0.86 0.55 0.61 0.23 0.03 0.17 0.80 0.52 0.39 0.05 0.48 0.63 0.78 0.22 0.78 0.47 0.50 0.56 0.80 0.14 0.04 0.67 0.20 0.51 0.27 0.66 0.17 0.71 0.57 0.04 0.87 0.99 0.39 0.16 0.74 0.29 0.33 0.41 0.24 0.53 0.35 0.48 0.35 0.76 0.95 0.14 0.21 0.42 0.48 1.00 0.14 0.33 0.06 0.83 0.10 0.11 0.84 0.13 0.29 ]
[0.92 0.91 0.06 0.71 0.89 0.22 0.36 0.43 0.25 0.10 0.14 0.62 0.61 0.88 0.09 0.28 0.27 0.32 0.59 0.48 0.81 0.11 0.70 0.15 0.28 0.27 0.91 0.60 0.03 0.65 0.15 0.09 0.46 0.73 0.22 0.84 0.11 0.65 0.75 0.67 0.03 0.57 0.58 0.84 0.05 0.96 0.41 0.31 0.55 0.23 0.34 0.50 0.17 0.18 0.46 0.92 0.60 0.83 0.47 0.44 0.14 1.00 0.13 0.99 0.44 0.14 0.36 1.00 0.65 0.38 ]
[0.14 0.25 0.19 0.73 0.64 0.24 0.79 0.40 0.36 0.81 0.18 0.76 0.99 0.21 0.42 0.05 0.16 0.88 0.85 0.09 0.67 0.77 0.29 0.12 0.76 0.32 0.28 0.38 0.02 0.62 0.50 0.66 0.32 0.72 0.77 0.84 0.02 0.73 0.79 0.16 0.81 0.48 0.98 0.79 0.70 0.08 0.48 0.20 0.06 0.95 0.55 0.84 0.88 0.07 0.82 0.86 0.22 0.61 0.80 0.49 0.33 0.13 1.00 0.32 0.63 0.04 0.55 0.58 0.06 0.69 ]
[0.32 0.40 0.73 0.70 0.17 0.45 0.67 0.25 0.88 0.54 0.56 0.85 0.45 0.98 0.50 0.60 0.95 0.20 0.90 0.89 0.63 0.96 0.09 0.26 0.24 0.80 0.44 0.91 0.44 0.55 0.72 0.47 0.84 0.11 0.85 0.83 0.81 0.83 0.96 0.64 0.84 0.40 0.43 0.27 0.11 0.32 0.42 0.13 0.46 0.82 0.99 0.13 0.71 0.02 0.36 0.73 0.02 0.72 1.00 0.91 0.06 0.99 0.32 1.00 0.47 0.93 0.51 0.34 0.58 0.60 ]
[0.95 0.42 0.58 0.46 0.93 0.02 0.84 0.98 0.57 0.78 0.25 0.45 0.55 0.96 0.13 0.41 0.27 0.72 0.26 0.65 0.84 0.15 0.39 0.67 0.88 0.71 0.67 0.62 0.92 0.97 0.59 0.81 0.78 0.35 0.38 0.74 0.41 0.81 0.94 0.47 0.83 0.71 0.24 0.13 0.86 0.75 0.44 0.19 0.55 0.52 0.94 0.08 0.08 0.88 0.36 0.22 0.50 0.77 0.27 0.43 0.83 0.44 0.63 0.47 1.00 0.61 0.12 0.35 0.41 0.69 ]
[0.06 0.22 0.53 0.73 0.48 0.43 0.32 0.56 0.09 0.17 0.26 0.31 0.32 0.31 0.82 0.29 0.04 0.15 0.63 0.60 0.66 0.32 0.83 0.88 0.49 0.79 0.91 0.65 0.05 0.49 0.87 0.32 0.65 0.73 0.35 0.51 0.40 0.03 0.77 0.41 0.85 0.15 0.05 0.70 0.28 0.44 0.27 0.97 0.42 0.17 0.90 0.59 0.06 0.77 0.11 0.58 0.81 0.85 0.83 0.74 0.10 0.14 0.04 0.93 0.61 1.00 0.06 0.44 0.40 0.79 ]
[0.80 0.68 0.31 0.03 0.88 0.27 0.89 0.71 0.58 0.12 0.93 0.88 0.92 0.41 0.06 0.33 0.79 0.66 0.64 0.23 0.07 0.12 0.10 0.88 0.74 0.56 0.22 0.03 0.56 0.85 0.67 0.08 0.62 0.54 0.46 0.31 0.47 0.56 0.31 0.91 0.31 0.19 0.76 0.68 0.98 0.09 0.44 0.84 0.95 0.20 0.26 0.76 0.30 0.49 0.02 0.94 0.46 0.00 0.48 0.66 0.11 0.36 0.55 0.51 0.12 0.06 1.00 0.06 0.85 0.99 ]
[0.60 0.47 0.76 0.89 0.17 0.07 0.77 0.96 0.41 0.19 0.45 0.58 0.54 0.24 0.26 0.48 0.11 0.02 0.85 0.11 0.24 0.87 0.79 0.87 0.82 0.78 0.23 0.21 0.92 0.19 0.50 0.17 0.20 0.59 0.93 0.71 0.14 0.08 0.16 0.59 0.28 0.96 0.44 0.21 0.62 0.15 0.31 0.92 0.53 0.78 0.90 0.29 0.64 0.00 0.58 0.66 0.18 0.82 0.30 0.28 0.84 1.00 0.58 0.34 0.35 0.44 0.06 1.00 0.38 0.98 ]
[0.57 0.70 0.75 0.87 0.17 0.09 0.04 0.88 0.04 0.38 0.60 0.02 0.08 0.83 0.23 0.60 0.01 0.03 0.12 0.30 0.46 0.32 0.59 0.56 0.30 0.19 0.29 0.92 0.96 0.10 0.52 0.25 0.49 0.24 0.48 0.72 0.45 0.57 0.76 0.61 0.04 0.87 0.55 0.19 0.38 0.28 0.02 0.58 0.87 0.15 0.34 0.47 0.56 0.41 0.46 0.30 0.52 0.67 0.10 0.67 0.13 0.65 0.06 0.58 0.41 0.40 0.85 0.38 1.00 0.38 ]
[0.85 0.34 0.53 0.36 0.17 0.70 0.59 0.75 0.93 0.76 0.61 0.36 0.46 0.71 0.99 0.19 0.80 0.80 0.64 0.47 0.58 0.60 0.53 0.27 0.93 0.55 0.66 0.46 0.10 0.21 0.91 0.52 0.85 0.76 0.42 0.71 0.43 0.08 0.31 0.68 0.92 0.31 0.06 0.82 0.61 0.27 0.83 0.92 0.27 0.42 0.40 0.19 0.36 0.98 0.05 0.28 0.24 0.55 0.19 0.02 0.29 0.38 0.69 0.60 0.69 0.79 0.99 0.98 0.38 1.00 ]
];
