D = 2;
n = [ 3 3 ];
N = 74;
d = [1 1 1 1 1 1 1 1 1 1 1 1 1 1 1 1 1 1 1 1 1 1 1 1 1 1 1 1 1 1 1 1 1 1 1 1 1 2 2 2 2 2 2 2 2 2 2 2 2 2 2 2 2 2 2 2 2 2 2 2 2 2 2 2 2 2 2 2 2 2 2 2 2 2 ];
m = [
[1.00 0.94 0.34 0.07 0.94 0.68 0.86 0.12 0.00 0.89 0.43 0.63 0.87 0.41 0.78 0.18 0.00 0.63 0.08 0.41 0.02 0.49 0.75 0.61 0.52 0.69 0.66 0.54 0.58 0.47 0.17 0.56 0.47 0.61 0.65 0.60 0.64 0.21 0.42 0.34 0.74 0.02 0.92 0.59 0.75 0.08 0.80 0.38 0.89 0.10 0.54 0.79 0.27 0.82 0.08 0.72 0.29 0.37 0.19 0.76 0.76 0.42 0.08 0.72 0.28 0.52 0.91 0.39 0.91 0.32 0.27 0.71 0.72 0.08 ]
[0.94 1.00 0.91 0.90 0.33 0.59 0.35 0.00 0.62 0.65 0.65 0.37 0.72 0.48 0.26 0.67 0.76 0.36 0.20 0.22 0.82 0.34 0.63 0.59 0.77 0.41 0.18 0.46 0.63 0.13 0.44 0.66 0.01 0.85 0.46 0.61 0.86 0.52 0.84 0.83 0.22 0.33 0.79 0.50 0.30 0.12 0.03 0.37 0.63 0.72 0.81 0.06 0.86 0.26 0.18 0.67 0.75 0.01 0.72 0.38 0.91 0.84 0.45 0.64 0.58 0.20 0.66 0.11 0.49 0.20 0.05 0.26 0.66 0.00 ]
[0.34 0.91 1.00 0.84 0.60 0.31 0.72 0.89 0.06 0.67 0.90 0.21 0.27 0.62 0.71 0.69 0.03 0.36 0.60 0.18 0.20 0.76 0.40 0.11 0.21 0.69 0.31 0.24 0.70 0.65 0.55 0.27 0.83 0.94 0.45 0.39 0.77 0.35 0.75 0.65 0.11 0.88 0.79 0.69 0.10 0.43 0.15 0.29 0.88 0.98 0.22 0.04 0.64 0.59 0.63 0.25 0.53 0.39 0.60 0.04 0.85 0.97 0.23 0.70 0.21 0.13 0.83 0.71 0.82 0.65 0.34 0.24 0.14 0.57 ]
[0.07 0.90 0.84 1.00 0.74 0.60 0.70 0.71 0.16 0.49 0.52 0.68 0.65 0.41 0.74 0.33 0.03 0.99 0.55 0.44 0.46 0.71 0.96 0.48 0.47 0.86 0.32 0.99 0.68 0.29 0.84 0.34 0.68 0.96 0.65 0.85 0.96 0.31 0.08 0.46 0.60 0.40 0.56 0.86 0.39 0.92 0.05 0.87 0.44 0.64 0.75 0.39 0.36 0.16 0.28 0.99 0.13 0.53 0.01 0.03 0.39 0.28 0.14 0.17 0.42 0.70 0.49 0.93 0.03 0.41 0.34 0.72 0.33 0.40 ]
[0.94 0.33 0.60 0.74 1.00 0.96 1.00 0.13 0.62 0.77 0.28 0.69 0.26 0.97 0.04 0.80 0.42 0.85 0.12 0.81 0.92 0.86 0.59 0.97 0.93 0.98 0.22 0.83 0.76 0.75 0.98 0.93 0.27 0.62 0.03 0.71 0.15 0.12 0.19 0.99 0.05 0.82 0.17 0.12 0.75 0.46 0.20 0.50 0.10 0.57 0.46 0.76 0.99 0.27 0.93 0.48 0.85 0.81 0.01 0.97 0.31 0.50 0.85 0.62 0.77 0.66 0.81 0.31 0.75 0.63 0.51 0.90 0.15 0.30 ]
[0.68 0.59 0.31 0.60 0.96 1.00 0.23 0.72 0.64 0.60 0.20 0.78 0.95 0.87 0.31 0.19 0.53 0.96 0.69 0.19 0.63 0.93 0.65 0.34 0.29 0.52 0.78 0.86 0.37 0.51 0.96 0.60 0.13 0.73 0.56 0.50 0.31 0.05 0.04 0.78 0.59 0.75 0.03 0.72 0.91 0.31 0.02 0.83 0.61 0.61 0.61 0.78 0.09 0.07 0.27 0.44 0.43 0.61 0.06 0.40 0.50 0.69 0.93 0.08 0.72 0.92 0.34 0.20 0.26 0.64 0.54 0.91 0.63 0.00 ]
[0.86 0.35 0.72 0.70 1.00 0.23 1.00 0.88 0.09 0.66 0.84 0.09 0.98 0.64 0.66 0.02 0.46 0.92 0.64 0.19 0.82 0.33 0.29 0.57 0.81 0.39 0.04 0.53 0.42 0.82 0.00 0.35 0.70 0.31 0.05 0.44 0.49 0.45 0.46 0.56 0.20 0.86 0.07 0.95 0.37 0.28 0.02 0.13 0.17 0.76 0.00 0.09 0.85 0.38 0.49 0.35 0.76 0.63 0.88 0.73 0.02 0.65 0.91 0.47 0.42 0.43 0.85 0.01 0.72 0.86 0.40 0.02 0.23 0.80 ]
[0.12 0.00 0.89 0.71 0.13 0.72 0.88 1.00 0.76 0.71 0.56 0.68 0.07 0.83 0.18 0.67 0.01 0.43 0.68 0.46 0.15 0.29 0.26 0.40 0.25 0.02 0.73 0.49 1.00 0.74 0.18 0.91 0.23 0.42 0.39 0.74 0.92 0.48 0.64 0.17 0.74 0.96 0.31 0.68 0.26 0.62 0.57 0.25 0.91 0.91 0.58 0.40 0.18 0.07 0.18 0.12 0.86 0.77 0.65 0.63 0.94 0.99 0.96 0.23 0.29 0.47 0.94 0.51 0.95 0.66 0.49 0.16 0.45 0.51 ]
[0.00 0.62 0.06 0.16 0.62 0.64 0.09 0.76 1.00 0.32 0.96 0.42 0.57 0.44 0.71 0.48 0.77 0.13 0.93 0.19 0.75 0.96 0.22 0.26 0.11 0.42 0.96 0.66 0.87 0.37 0.10 0.52 0.26 0.36 0.89 0.70 0.57 0.01 0.73 0.27 0.54 0.26 0.39 0.68 0.13 0.21 0.34 0.29 0.10 0.73 0.64 0.35 0.19 0.76 0.40 0.68 0.49 0.88 0.95 0.83 0.40 0.82 0.30 0.71 0.15 0.78 0.89 0.28 0.12 0.26 0.82 0.40 0.43 0.25 ]
[0.89 0.65 0.67 0.49 0.77 0.60 0.66 0.71 0.32 1.00 0.78 0.93 0.14 0.33 0.69 0.16 0.76 0.31 0.51 0.51 0.03 0.04 0.53 0.00 0.98 0.21 0.71 0.96 0.21 0.50 0.25 0.73 0.66 0.77 0.78 0.55 0.20 0.92 0.68 0.14 0.39 0.33 0.10 0.29 0.75 0.17 0.73 0.78 0.67 0.78 0.12 0.48 0.80 0.43 0.65 0.18 0.29 0.21 0.95 0.91 0.14 0.81 0.39 0.04 0.33 0.38 0.88 0.64 0.29 0.36 0.49 0.90 0.25 0.88 ]
[0.43 0.65 0.90 0.52 0.28 0.20 0.84 0.56 0.96 0.78 1.00 0.92 0.01 0.13 0.50 0.79 0.57 0.25 0.94 0.03 0.01 0.51 0.92 0.61 0.57 0.31 0.96 0.92 0.69 0.70 0.03 0.72 0.58 0.52 0.17 0.33 0.80 0.96 0.09 0.99 0.51 0.30 0.17 0.83 0.56 0.83 0.10 0.98 0.70 0.72 0.02 0.72 0.35 0.85 0.57 0.45 0.07 0.10 0.31 0.90 0.65 0.63 0.47 0.54 0.22 0.80 1.00 0.08 0.78 0.92 0.88 0.78 0.38 0.94 ]
[0.63 0.37 0.21 0.68 0.69 0.78 0.09 0.68 0.42 0.93 0.92 1.00 0.08 0.44 0.47 0.30 0.59 0.91 0.02 0.58 0.12 0.00 0.53 0.33 0.94 0.74 0.74 0.60 0.46 0.28 0.28 0.15 0.66 0.97 0.54 0.60 0.95 0.90 0.11 0.97 0.82 0.96 0.59 0.42 0.22 0.28 0.34 0.97 0.93 0.63 0.75 0.00 0.17 0.01 0.20 0.59 0.89 0.73 0.59 0.47 0.66 0.12 0.40 0.48 0.45 0.18 0.63 0.70 0.96 0.10 0.35 0.27 0.20 0.46 ]
[0.87 0.72 0.27 0.65 0.26 0.95 0.98 0.07 0.57 0.14 0.01 0.08 1.00 0.14 0.21 0.55 0.12 0.07 0.78 0.34 0.49 0.87 0.30 0.47 0.17 0.81 0.76 0.44 0.73 0.23 0.16 0.83 0.13 0.39 0.61 0.76 0.32 0.77 0.13 0.87 0.65 0.64 0.13 0.90 0.74 0.56 0.67 0.55 0.68 0.73 0.66 0.40 0.45 0.96 0.18 0.75 0.85 0.90 0.38 0.75 0.62 0.02 0.08 0.74 0.44 0.66 0.91 0.57 0.86 0.51 0.19 0.94 0.97 0.54 ]
[0.41 0.48 0.62 0.41 0.97 0.87 0.64 0.83 0.44 0.33 0.13 0.44 0.14 1.00 0.50 0.72 0.12 0.51 0.32 0.55 0.84 0.57 0.08 0.63 0.12 0.34 0.54 0.44 0.62 0.60 0.95 0.11 0.13 0.34 0.61 0.38 0.29 0.08 0.75 0.47 0.60 0.79 0.37 0.70 0.17 0.66 0.16 0.85 0.27 0.25 0.87 0.04 0.61 0.37 0.40 0.56 0.15 0.59 0.15 0.88 1.00 0.30 0.65 0.52 0.31 0.87 0.19 0.71 0.20 0.28 0.21 0.06 0.34 0.51 ]
[0.78 0.26 0.71 0.74 0.04 0.31 0.66 0.18 0.71 0.69 0.50 0.47 0.21 0.50 1.00 0.81 0.23 0.79 0.06 0.02 0.52 0.72 0.26 1.00 0.47 0.35 0.99 0.62 0.63 0.06 0.99 0.64 0.90 0.98 0.89 0.43 0.75 0.83 0.79 0.83 0.57 0.31 0.28 0.16 0.62 0.25 0.06 0.72 0.81 0.68 0.27 0.52 0.83 0.75 0.40 0.47 0.55 0.91 0.02 0.43 0.71 0.81 0.96 0.67 0.67 0.47 0.42 0.78 0.33 0.60 0.31 0.85 0.09 0.68 ]
[0.18 0.67 0.69 0.33 0.80 0.19 0.02 0.67 0.48 0.16 0.79 0.30 0.55 0.72 0.81 1.00 0.40 0.98 0.61 0.85 0.56 0.49 0.50 0.70 0.66 0.71 0.90 0.19 0.61 0.19 0.90 0.71 0.70 0.54 0.21 0.39 0.58 0.79 0.17 0.23 0.48 0.99 0.51 0.63 0.39 0.13 0.31 0.57 0.72 0.32 0.35 0.86 0.57 0.79 0.75 0.82 0.72 0.61 0.78 0.42 0.31 0.59 0.23 0.82 0.46 0.09 0.07 0.44 0.81 0.96 0.54 0.54 0.26 0.45 ]
[0.00 0.76 0.03 0.03 0.42 0.53 0.46 0.01 0.77 0.76 0.57 0.59 0.12 0.12 0.23 0.40 1.00 0.36 0.18 0.53 0.60 0.94 0.43 0.13 0.73 0.41 0.63 0.10 0.33 0.54 0.05 0.96 0.79 0.98 0.75 0.02 0.47 0.72 0.47 0.53 0.79 0.42 0.15 0.73 0.46 0.91 0.88 0.45 0.15 0.23 0.72 0.76 0.15 0.04 0.88 0.12 0.29 0.58 0.77 0.27 0.33 0.62 0.68 0.64 0.34 0.42 0.74 0.05 0.39 0.65 0.99 0.59 0.95 0.60 ]
[0.63 0.36 0.36 0.99 0.85 0.96 0.92 0.43 0.13 0.31 0.25 0.91 0.07 0.51 0.79 0.98 0.36 1.00 0.60 0.72 0.81 0.87 0.02 0.66 0.41 0.57 0.91 0.98 0.73 0.86 0.91 0.13 0.33 0.59 0.42 0.70 0.98 0.41 0.20 0.22 0.78 0.02 0.47 0.52 0.39 0.86 0.08 0.83 0.38 0.17 0.26 0.86 0.67 0.43 0.20 0.14 0.03 0.77 0.94 0.49 0.39 0.98 0.74 0.48 0.55 0.40 0.33 0.88 0.79 0.34 0.54 0.54 0.03 0.23 ]
[0.08 0.20 0.60 0.55 0.12 0.69 0.64 0.68 0.93 0.51 0.94 0.02 0.78 0.32 0.06 0.61 0.18 0.60 1.00 0.94 0.66 0.70 0.64 0.92 0.13 0.45 0.87 0.73 0.27 0.65 0.59 0.89 0.06 0.02 0.72 0.43 0.17 0.26 0.93 0.91 0.69 0.13 0.43 0.12 0.99 0.27 0.88 0.81 0.67 0.38 0.68 0.78 0.11 0.80 0.37 0.46 0.05 0.43 0.66 0.90 0.64 0.11 0.16 0.17 0.03 0.01 0.33 0.51 0.62 0.52 0.89 0.51 0.87 0.18 ]
[0.41 0.22 0.18 0.44 0.81 0.19 0.19 0.46 0.19 0.51 0.03 0.58 0.34 0.55 0.02 0.85 0.53 0.72 0.94 1.00 0.12 0.24 0.36 0.92 0.59 0.21 0.10 0.93 0.80 0.68 0.21 0.40 1.00 0.04 0.23 0.21 0.15 0.08 0.83 0.50 0.24 0.00 0.06 0.31 0.40 0.34 0.85 0.96 0.48 0.63 0.37 0.80 0.74 0.80 0.67 0.15 0.92 0.31 0.16 0.85 0.70 0.99 0.96 0.42 0.79 0.75 0.47 0.47 0.03 0.03 0.88 0.89 0.18 0.10 ]
[0.02 0.82 0.20 0.46 0.92 0.63 0.82 0.15 0.75 0.03 0.01 0.12 0.49 0.84 0.52 0.56 0.60 0.81 0.66 0.12 1.00 0.39 0.63 0.05 0.99 0.51 0.77 0.23 0.80 0.51 0.60 0.29 0.63 0.41 0.65 0.56 0.23 0.74 0.12 0.78 0.63 0.65 0.55 0.66 0.35 0.81 0.81 0.11 0.54 0.79 0.64 0.85 0.42 0.30 0.17 0.05 0.72 0.19 0.80 0.87 0.09 0.72 0.83 0.66 0.37 0.86 0.98 0.60 0.77 0.34 0.78 0.48 0.96 0.93 ]
[0.49 0.34 0.76 0.71 0.86 0.93 0.33 0.29 0.96 0.04 0.51 0.00 0.87 0.57 0.72 0.49 0.94 0.87 0.70 0.24 0.39 1.00 0.25 0.16 0.13 0.03 0.79 0.17 1.00 0.22 0.44 0.34 0.10 0.39 0.42 0.59 0.98 0.48 0.86 0.37 0.02 0.73 0.25 0.31 0.29 0.86 0.25 0.75 0.13 0.49 0.46 0.72 0.33 0.59 0.27 0.04 0.78 0.05 0.32 0.67 0.18 0.88 0.45 0.12 0.56 0.86 0.22 0.05 0.08 0.22 0.27 0.27 0.69 0.19 ]
[0.75 0.63 0.40 0.96 0.59 0.65 0.29 0.26 0.22 0.53 0.92 0.53 0.30 0.08 0.26 0.50 0.43 0.02 0.64 0.36 0.63 0.25 1.00 0.36 0.67 0.68 0.85 0.12 0.71 0.08 0.46 1.00 0.34 0.58 0.17 0.08 0.98 0.32 0.44 0.35 0.43 0.36 0.57 0.91 0.66 0.46 0.29 0.92 0.35 0.50 0.95 0.57 0.26 0.70 0.63 0.94 0.29 0.80 0.11 0.25 0.53 0.95 0.43 0.37 0.38 0.00 0.88 0.66 0.59 0.12 0.17 0.52 0.54 0.14 ]
[0.61 0.59 0.11 0.48 0.97 0.34 0.57 0.40 0.26 0.00 0.61 0.33 0.47 0.63 1.00 0.70 0.13 0.66 0.92 0.92 0.05 0.16 0.36 1.00 0.23 0.31 0.69 0.16 0.08 0.78 0.77 0.42 0.65 0.91 0.49 0.59 0.53 0.10 0.95 0.44 0.66 0.94 0.60 0.90 0.96 0.60 0.25 0.24 0.61 0.50 0.89 0.31 0.77 0.85 0.67 0.96 0.71 0.84 0.93 0.99 0.61 0.99 0.43 0.14 0.32 0.03 0.54 0.31 0.26 0.41 0.46 0.62 0.91 0.12 ]
[0.52 0.77 0.21 0.47 0.93 0.29 0.81 0.25 0.11 0.98 0.57 0.94 0.17 0.12 0.47 0.66 0.73 0.41 0.13 0.59 0.99 0.13 0.67 0.23 1.00 0.36 0.55 0.66 0.25 0.05 0.42 0.89 0.04 0.02 0.33 0.28 0.45 0.85 0.33 0.78 0.95 0.66 0.19 0.80 0.11 0.90 0.96 0.63 0.10 0.84 0.57 0.39 0.34 0.59 0.52 0.07 0.42 0.64 0.89 0.61 0.51 0.52 0.49 0.39 0.99 0.48 0.09 0.91 0.70 0.54 0.09 0.35 0.28 0.56 ]
[0.69 0.41 0.69 0.86 0.98 0.52 0.39 0.02 0.42 0.21 0.31 0.74 0.81 0.34 0.35 0.71 0.41 0.57 0.45 0.21 0.51 0.03 0.68 0.31 0.36 1.00 0.89 0.51 0.08 0.95 0.49 0.84 0.57 0.50 0.69 0.27 0.15 0.25 0.36 0.97 0.43 0.84 0.18 0.64 0.54 0.60 0.91 0.07 0.32 0.54 0.80 0.39 0.73 0.13 0.43 0.73 0.14 0.38 0.33 0.52 0.07 0.23 0.62 0.98 0.71 0.89 0.39 0.58 0.35 0.10 0.77 0.57 0.12 0.31 ]
[0.66 0.18 0.31 0.32 0.22 0.78 0.04 0.73 0.96 0.71 0.96 0.74 0.76 0.54 0.99 0.90 0.63 0.91 0.87 0.10 0.77 0.79 0.85 0.69 0.55 0.89 1.00 0.24 0.07 0.15 0.05 0.32 0.93 0.26 0.23 0.32 0.61 0.56 0.91 0.09 0.82 0.60 0.89 0.05 0.65 0.93 0.03 0.73 0.30 0.30 0.49 0.34 0.32 0.33 0.43 0.69 0.56 0.16 0.10 0.38 0.43 0.26 0.32 0.69 0.47 0.53 0.79 0.70 0.90 0.09 0.55 0.45 0.54 0.31 ]
[0.54 0.46 0.24 0.99 0.83 0.86 0.53 0.49 0.66 0.96 0.92 0.60 0.44 0.44 0.62 0.19 0.10 0.98 0.73 0.93 0.23 0.17 0.12 0.16 0.66 0.51 0.24 1.00 0.76 0.57 0.39 0.54 0.36 0.13 0.47 0.28 0.02 0.76 0.62 0.94 0.10 0.45 0.52 0.17 0.71 0.76 0.52 0.69 0.95 0.44 0.26 0.92 0.66 0.27 0.66 0.89 0.60 0.63 0.42 0.60 0.25 0.42 0.07 0.25 0.18 0.64 0.77 0.53 0.56 0.97 0.98 0.11 0.02 0.56 ]
[0.58 0.63 0.70 0.68 0.76 0.37 0.42 1.00 0.87 0.21 0.69 0.46 0.73 0.62 0.63 0.61 0.33 0.73 0.27 0.80 0.80 1.00 0.71 0.08 0.25 0.08 0.07 0.76 1.00 0.19 0.82 0.22 0.69 0.26 0.22 0.89 0.53 0.32 0.07 0.16 0.23 0.15 0.00 0.67 0.24 0.30 0.18 0.06 0.47 0.39 0.07 0.45 0.17 0.53 0.93 0.08 0.17 0.60 0.77 0.71 0.99 0.08 0.46 1.00 0.89 0.71 0.01 0.32 0.25 0.32 0.14 0.48 0.18 0.77 ]
[0.47 0.13 0.65 0.29 0.75 0.51 0.82 0.74 0.37 0.50 0.70 0.28 0.23 0.60 0.06 0.19 0.54 0.86 0.65 0.68 0.51 0.22 0.08 0.78 0.05 0.95 0.15 0.57 0.19 1.00 0.16 0.52 0.11 0.44 0.24 0.52 0.60 0.63 0.33 1.00 0.86 0.18 0.26 0.28 0.05 0.02 0.18 0.10 0.10 0.57 0.73 0.45 0.84 0.87 0.01 0.34 0.72 0.99 0.40 0.47 0.64 0.80 0.41 0.67 0.29 0.56 0.18 0.10 0.78 0.05 0.98 0.97 0.36 0.25 ]
[0.17 0.44 0.55 0.84 0.98 0.96 0.00 0.18 0.10 0.25 0.03 0.28 0.16 0.95 0.99 0.90 0.05 0.91 0.59 0.21 0.60 0.44 0.46 0.77 0.42 0.49 0.05 0.39 0.82 0.16 1.00 0.34 0.08 0.12 0.43 0.64 0.35 0.44 0.48 0.76 0.86 0.51 1.00 0.34 0.90 0.89 0.49 0.67 0.04 0.47 0.51 0.32 0.33 0.35 0.24 0.24 0.34 0.45 0.72 0.55 0.51 0.79 0.61 0.35 0.01 0.05 0.46 0.52 0.54 0.31 0.07 0.81 0.67 0.31 ]
[0.56 0.66 0.27 0.34 0.93 0.60 0.35 0.91 0.52 0.73 0.72 0.15 0.83 0.11 0.64 0.71 0.96 0.13 0.89 0.40 0.29 0.34 1.00 0.42 0.89 0.84 0.32 0.54 0.22 0.52 0.34 1.00 0.35 0.87 0.27 0.09 0.16 0.15 0.25 0.60 0.37 0.36 0.53 0.04 0.29 0.30 0.47 0.62 0.10 0.09 0.16 0.07 0.40 0.77 0.82 0.69 0.97 0.63 0.72 0.07 0.96 0.48 0.94 0.90 0.70 0.99 0.12 0.85 0.79 0.67 0.18 0.99 0.73 0.12 ]
[0.47 0.01 0.83 0.68 0.27 0.13 0.70 0.23 0.26 0.66 0.58 0.66 0.13 0.13 0.90 0.70 0.79 0.33 0.06 1.00 0.63 0.10 0.34 0.65 0.04 0.57 0.93 0.36 0.69 0.11 0.08 0.35 1.00 0.62 0.75 0.55 0.59 0.86 0.26 0.72 0.59 0.33 0.51 0.07 0.71 0.76 0.82 0.11 0.50 0.91 0.48 0.00 0.66 0.52 0.64 0.27 0.88 0.76 0.74 0.02 0.20 0.94 0.54 0.41 0.11 0.72 0.57 0.16 0.37 0.51 0.34 0.71 0.04 0.81 ]
[0.61 0.85 0.94 0.96 0.62 0.73 0.31 0.42 0.36 0.77 0.52 0.97 0.39 0.34 0.98 0.54 0.98 0.59 0.02 0.04 0.41 0.39 0.58 0.91 0.02 0.50 0.26 0.13 0.26 0.44 0.12 0.87 0.62 1.00 0.24 0.85 0.28 0.18 0.90 0.74 0.03 0.24 0.10 0.39 0.30 0.45 0.24 0.48 0.97 0.11 0.25 0.06 0.21 0.25 0.74 0.09 0.71 0.42 0.48 0.76 0.68 0.51 0.52 0.48 0.25 0.24 0.95 0.08 0.81 0.83 0.42 0.44 0.33 0.40 ]
[0.65 0.46 0.45 0.65 0.03 0.56 0.05 0.39 0.89 0.78 0.17 0.54 0.61 0.61 0.89 0.21 0.75 0.42 0.72 0.23 0.65 0.42 0.17 0.49 0.33 0.69 0.23 0.47 0.22 0.24 0.43 0.27 0.75 0.24 1.00 0.70 0.29 0.29 0.33 0.39 0.99 0.72 0.80 0.99 0.52 0.93 0.75 0.05 0.39 0.67 0.89 0.96 0.73 0.87 0.61 0.35 1.00 0.49 0.51 0.34 0.50 0.89 0.27 0.11 0.42 0.58 0.91 0.55 0.49 0.54 0.70 0.31 0.70 0.36 ]
[0.60 0.61 0.39 0.85 0.71 0.50 0.44 0.74 0.70 0.55 0.33 0.60 0.76 0.38 0.43 0.39 0.02 0.70 0.43 0.21 0.56 0.59 0.08 0.59 0.28 0.27 0.32 0.28 0.89 0.52 0.64 0.09 0.55 0.85 0.70 1.00 0.21 0.39 0.22 0.46 0.72 0.20 0.50 0.71 0.52 0.34 0.95 0.82 0.32 0.84 0.68 0.35 0.49 0.71 0.21 0.70 0.37 0.31 0.02 0.06 0.48 0.14 0.46 0.67 0.46 0.93 0.61 0.81 0.13 0.30 0.35 0.47 0.08 0.51 ]
[0.64 0.86 0.77 0.96 0.15 0.31 0.49 0.92 0.57 0.20 0.80 0.95 0.32 0.29 0.75 0.58 0.47 0.98 0.17 0.15 0.23 0.98 0.98 0.53 0.45 0.15 0.61 0.02 0.53 0.60 0.35 0.16 0.59 0.28 0.29 0.21 1.00 0.31 0.58 0.92 0.96 0.65 0.55 0.31 0.89 0.27 0.42 0.29 0.25 0.27 0.33 0.43 1.00 0.78 0.46 1.00 0.19 0.27 0.56 0.16 0.72 0.73 0.80 0.87 0.47 0.90 0.17 0.90 0.09 0.35 0.72 0.15 0.63 0.26 ]
[0.21 0.52 0.35 0.31 0.12 0.05 0.45 0.48 0.01 0.92 0.96 0.90 0.77 0.08 0.83 0.79 0.72 0.41 0.26 0.08 0.74 0.48 0.32 0.10 0.85 0.25 0.56 0.76 0.32 0.63 0.44 0.15 0.86 0.18 0.29 0.39 0.31 1.00 0.93 0.73 0.17 0.69 0.07 0.25 0.11 0.89 0.58 0.51 0.58 0.08 0.97 0.36 0.74 0.86 0.30 0.52 0.29 0.82 0.78 0.66 0.18 0.67 0.47 0.14 0.81 0.64 0.07 0.26 0.19 0.78 0.21 0.68 0.11 0.12 ]
[0.42 0.84 0.75 0.08 0.19 0.04 0.46 0.64 0.73 0.68 0.09 0.11 0.13 0.75 0.79 0.17 0.47 0.20 0.93 0.83 0.12 0.86 0.44 0.95 0.33 0.36 0.91 0.62 0.07 0.33 0.48 0.25 0.26 0.90 0.33 0.22 0.58 0.93 1.00 0.27 0.00 0.06 0.36 0.24 0.47 0.80 0.28 0.27 0.72 0.55 0.21 0.65 0.45 0.07 0.22 0.37 0.85 0.06 0.46 0.12 0.29 0.59 0.24 0.27 0.62 0.93 0.97 0.33 0.86 0.72 0.02 0.74 0.35 0.86 ]
[0.34 0.83 0.65 0.46 0.99 0.78 0.56 0.17 0.27 0.14 0.99 0.97 0.87 0.47 0.83 0.23 0.53 0.22 0.91 0.50 0.78 0.37 0.35 0.44 0.78 0.97 0.09 0.94 0.16 1.00 0.76 0.60 0.72 0.74 0.39 0.46 0.92 0.73 0.27 1.00 0.01 0.96 0.88 0.41 0.07 0.69 0.72 0.19 0.28 0.53 0.73 0.42 0.67 0.54 0.38 0.92 0.66 0.52 0.09 0.69 0.93 0.33 0.60 0.15 0.27 0.76 0.03 0.94 0.78 0.89 0.80 0.69 0.66 0.73 ]
[0.74 0.22 0.11 0.60 0.05 0.59 0.20 0.74 0.54 0.39 0.51 0.82 0.65 0.60 0.57 0.48 0.79 0.78 0.69 0.24 0.63 0.02 0.43 0.66 0.95 0.43 0.82 0.10 0.23 0.86 0.86 0.37 0.59 0.03 0.99 0.72 0.96 0.17 0.00 0.01 1.00 0.12 0.60 0.59 0.29 0.29 0.29 0.20 0.56 0.65 0.83 0.62 1.00 0.96 0.30 0.14 0.73 0.72 0.49 0.98 0.80 0.53 0.43 0.50 0.12 0.60 0.99 0.14 0.55 0.28 0.12 0.16 0.23 0.95 ]
[0.02 0.33 0.88 0.40 0.82 0.75 0.86 0.96 0.26 0.33 0.30 0.96 0.64 0.79 0.31 0.99 0.42 0.02 0.13 0.00 0.65 0.73 0.36 0.94 0.66 0.84 0.60 0.45 0.15 0.18 0.51 0.36 0.33 0.24 0.72 0.20 0.65 0.69 0.06 0.96 0.12 1.00 0.15 0.45 0.12 0.73 0.29 0.36 0.95 0.64 0.27 0.34 0.34 0.99 0.12 0.22 0.55 0.12 0.39 0.69 0.93 0.10 0.29 0.77 0.10 0.45 0.00 0.57 0.31 0.17 0.43 0.49 0.15 0.77 ]
[0.92 0.79 0.79 0.56 0.17 0.03 0.07 0.31 0.39 0.10 0.17 0.59 0.13 0.37 0.28 0.51 0.15 0.47 0.43 0.06 0.55 0.25 0.57 0.60 0.19 0.18 0.89 0.52 0.00 0.26 1.00 0.53 0.51 0.10 0.80 0.50 0.55 0.07 0.36 0.88 0.60 0.15 1.00 0.38 0.59 0.86 0.22 0.34 0.55 0.00 0.68 0.06 0.04 0.45 0.19 0.36 0.37 0.47 0.09 0.12 0.08 0.86 0.74 0.09 0.86 0.45 0.64 0.04 0.29 0.10 0.02 0.41 0.24 0.68 ]
[0.59 0.50 0.69 0.86 0.12 0.72 0.95 0.68 0.68 0.29 0.83 0.42 0.90 0.70 0.16 0.63 0.73 0.52 0.12 0.31 0.66 0.31 0.91 0.90 0.80 0.64 0.05 0.17 0.67 0.28 0.34 0.04 0.07 0.39 0.99 0.71 0.31 0.25 0.24 0.41 0.59 0.45 0.38 1.00 0.84 0.59 0.44 0.83 0.56 0.17 0.04 0.85 0.49 0.81 0.74 0.06 0.46 0.92 0.84 0.10 0.08 0.54 0.08 0.67 0.38 0.26 0.54 0.48 0.73 0.39 0.05 0.95 0.93 0.95 ]
[0.75 0.30 0.10 0.39 0.75 0.91 0.37 0.26 0.13 0.75 0.56 0.22 0.74 0.17 0.62 0.39 0.46 0.39 0.99 0.40 0.35 0.29 0.66 0.96 0.11 0.54 0.65 0.71 0.24 0.05 0.90 0.29 0.71 0.30 0.52 0.52 0.89 0.11 0.47 0.07 0.29 0.12 0.59 0.84 1.00 0.59 0.07 0.68 0.10 0.11 0.11 0.53 0.12 0.67 0.98 0.95 0.45 0.81 0.05 0.43 0.95 0.04 0.28 0.14 0.75 0.61 0.01 0.32 0.94 0.89 0.86 0.37 0.50 0.35 ]
[0.08 0.12 0.43 0.92 0.46 0.31 0.28 0.62 0.21 0.17 0.83 0.28 0.56 0.66 0.25 0.13 0.91 0.86 0.27 0.34 0.81 0.86 0.46 0.60 0.90 0.60 0.93 0.76 0.30 0.02 0.89 0.30 0.76 0.45 0.93 0.34 0.27 0.89 0.80 0.69 0.29 0.73 0.86 0.59 0.59 1.00 0.92 0.94 0.94 0.27 0.51 0.87 0.06 0.49 0.27 0.18 0.18 0.11 0.19 0.60 0.64 0.97 0.92 0.32 0.79 0.60 0.07 0.55 0.40 0.84 0.89 0.31 0.29 0.16 ]
[0.80 0.03 0.15 0.05 0.20 0.02 0.02 0.57 0.34 0.73 0.10 0.34 0.67 0.16 0.06 0.31 0.88 0.08 0.88 0.85 0.81 0.25 0.29 0.25 0.96 0.91 0.03 0.52 0.18 0.18 0.49 0.47 0.82 0.24 0.75 0.95 0.42 0.58 0.28 0.72 0.29 0.29 0.22 0.44 0.07 0.92 1.00 0.74 0.47 0.13 0.79 0.58 0.14 0.59 0.87 0.62 0.05 0.89 0.48 0.04 0.58 0.02 0.22 0.53 0.49 0.95 0.57 0.79 0.75 0.74 0.12 0.86 0.42 0.03 ]
[0.38 0.37 0.29 0.87 0.50 0.83 0.13 0.25 0.29 0.78 0.98 0.97 0.55 0.85 0.72 0.57 0.45 0.83 0.81 0.96 0.11 0.75 0.92 0.24 0.63 0.07 0.73 0.69 0.06 0.10 0.67 0.62 0.11 0.48 0.05 0.82 0.29 0.51 0.27 0.19 0.20 0.36 0.34 0.83 0.68 0.94 0.74 1.00 0.18 0.39 0.38 0.13 0.30 0.36 0.06 0.22 0.87 0.81 0.30 0.27 0.47 0.81 0.67 0.36 0.06 0.92 0.24 0.08 0.39 0.67 0.64 0.98 0.75 0.00 ]
[0.89 0.63 0.88 0.44 0.10 0.61 0.17 0.91 0.10 0.67 0.70 0.93 0.68 0.27 0.81 0.72 0.15 0.38 0.67 0.48 0.54 0.13 0.35 0.61 0.10 0.32 0.30 0.95 0.47 0.10 0.04 0.10 0.50 0.97 0.39 0.32 0.25 0.58 0.72 0.28 0.56 0.95 0.55 0.56 0.10 0.94 0.47 0.18 1.00 0.05 0.26 0.34 0.98 0.86 0.11 0.57 0.30 0.70 0.63 0.46 0.63 0.72 0.79 0.62 0.90 0.97 0.21 0.35 0.33 0.21 0.86 0.32 0.21 0.36 ]
[0.10 0.72 0.98 0.64 0.57 0.61 0.76 0.91 0.73 0.78 0.72 0.63 0.73 0.25 0.68 0.32 0.23 0.17 0.38 0.63 0.79 0.49 0.50 0.50 0.84 0.54 0.30 0.44 0.39 0.57 0.47 0.09 0.91 0.11 0.67 0.84 0.27 0.08 0.55 0.53 0.65 0.64 0.00 0.17 0.11 0.27 0.13 0.39 0.05 1.00 0.62 0.05 0.80 0.52 0.45 0.91 0.67 0.95 0.71 0.30 0.53 0.12 0.48 0.66 0.51 0.85 0.75 0.02 0.17 0.83 0.94 0.68 0.78 0.05 ]
[0.54 0.81 0.22 0.75 0.46 0.61 0.00 0.58 0.64 0.12 0.02 0.75 0.66 0.87 0.27 0.35 0.72 0.26 0.68 0.37 0.64 0.46 0.95 0.89 0.57 0.80 0.49 0.26 0.07 0.73 0.51 0.16 0.48 0.25 0.89 0.68 0.33 0.97 0.21 0.73 0.83 0.27 0.68 0.04 0.11 0.51 0.79 0.38 0.26 0.62 1.00 0.28 0.45 0.89 0.60 0.97 0.13 0.50 0.42 0.89 0.23 0.97 0.11 0.70 0.43 0.68 0.85 0.03 0.59 0.19 0.33 0.57 0.73 0.52 ]
[0.79 0.06 0.04 0.39 0.76 0.78 0.09 0.40 0.35 0.48 0.72 0.00 0.40 0.04 0.52 0.86 0.76 0.86 0.78 0.80 0.85 0.72 0.57 0.31 0.39 0.39 0.34 0.92 0.45 0.45 0.32 0.07 0.00 0.06 0.96 0.35 0.43 0.36 0.65 0.42 0.62 0.34 0.06 0.85 0.53 0.87 0.58 0.13 0.34 0.05 0.28 1.00 0.82 0.22 0.59 0.30 0.86 1.00 0.36 0.13 0.45 0.32 0.35 0.66 0.08 0.61 0.28 0.80 0.69 0.87 0.31 0.46 0.67 0.25 ]
[0.27 0.86 0.64 0.36 0.99 0.09 0.85 0.18 0.19 0.80 0.35 0.17 0.45 0.61 0.83 0.57 0.15 0.67 0.11 0.74 0.42 0.33 0.26 0.77 0.34 0.73 0.32 0.66 0.17 0.84 0.33 0.40 0.66 0.21 0.73 0.49 1.00 0.74 0.45 0.67 1.00 0.34 0.04 0.49 0.12 0.06 0.14 0.30 0.98 0.80 0.45 0.82 1.00 0.79 0.41 0.12 0.31 0.46 0.58 0.56 0.11 0.93 0.62 0.26 0.38 0.89 0.09 0.88 0.17 0.12 0.73 0.43 0.11 0.34 ]
[0.82 0.26 0.59 0.16 0.27 0.07 0.38 0.07 0.76 0.43 0.85 0.01 0.96 0.37 0.75 0.79 0.04 0.43 0.80 0.80 0.30 0.59 0.70 0.85 0.59 0.13 0.33 0.27 0.53 0.87 0.35 0.77 0.52 0.25 0.87 0.71 0.78 0.86 0.07 0.54 0.96 0.99 0.45 0.81 0.67 0.49 0.59 0.36 0.86 0.52 0.89 0.22 0.79 1.00 0.51 0.50 0.77 0.67 0.01 0.26 0.90 0.21 0.11 0.65 0.77 0.56 0.79 0.17 0.99 0.51 0.17 0.64 0.52 0.97 ]
[0.08 0.18 0.63 0.28 0.93 0.27 0.49 0.18 0.40 0.65 0.57 0.20 0.18 0.40 0.40 0.75 0.88 0.20 0.37 0.67 0.17 0.27 0.63 0.67 0.52 0.43 0.43 0.66 0.93 0.01 0.24 0.82 0.64 0.74 0.61 0.21 0.46 0.30 0.22 0.38 0.30 0.12 0.19 0.74 0.98 0.27 0.87 0.06 0.11 0.45 0.60 0.59 0.41 0.51 1.00 0.29 0.73 0.54 0.06 0.48 0.56 0.16 0.23 0.81 0.16 0.88 0.77 0.70 0.94 0.43 0.65 0.36 0.05 0.70 ]
[0.72 0.67 0.25 0.99 0.48 0.44 0.35 0.12 0.68 0.18 0.45 0.59 0.75 0.56 0.47 0.82 0.12 0.14 0.46 0.15 0.05 0.04 0.94 0.96 0.07 0.73 0.69 0.89 0.08 0.34 0.24 0.69 0.27 0.09 0.35 0.70 1.00 0.52 0.37 0.92 0.14 0.22 0.36 0.06 0.95 0.18 0.62 0.22 0.57 0.91 0.97 0.30 0.12 0.50 0.29 1.00 0.24 0.19 0.82 0.05 0.85 0.20 0.80 0.19 0.61 0.34 0.26 0.89 0.96 0.36 0.72 0.95 0.96 0.38 ]
[0.29 0.75 0.53 0.13 0.85 0.43 0.76 0.86 0.49 0.29 0.07 0.89 0.85 0.15 0.55 0.72 0.29 0.03 0.05 0.92 0.72 0.78 0.29 0.71 0.42 0.14 0.56 0.60 0.17 0.72 0.34 0.97 0.88 0.71 1.00 0.37 0.19 0.29 0.85 0.66 0.73 0.55 0.37 0.46 0.45 0.18 0.05 0.87 0.30 0.67 0.13 0.86 0.31 0.77 0.73 0.24 1.00 0.95 0.09 0.99 0.85 0.41 0.67 0.39 0.99 0.17 0.24 0.32 0.56 0.40 0.98 0.90 0.05 0.36 ]
[0.37 0.01 0.39 0.53 0.81 0.61 0.63 0.77 0.88 0.21 0.10 0.73 0.90 0.59 0.91 0.61 0.58 0.77 0.43 0.31 0.19 0.05 0.80 0.84 0.64 0.38 0.16 0.63 0.60 0.99 0.45 0.63 0.76 0.42 0.49 0.31 0.27 0.82 0.06 0.52 0.72 0.12 0.47 0.92 0.81 0.11 0.89 0.81 0.70 0.95 0.50 1.00 0.46 0.67 0.54 0.19 0.95 1.00 0.49 0.72 0.29 0.31 0.28 0.71 0.29 0.93 0.37 0.62 0.04 0.26 0.82 0.38 0.66 0.84 ]
[0.19 0.72 0.60 0.01 0.01 0.06 0.88 0.65 0.95 0.95 0.31 0.59 0.38 0.15 0.02 0.78 0.77 0.94 0.66 0.16 0.80 0.32 0.11 0.93 0.89 0.33 0.10 0.42 0.77 0.40 0.72 0.72 0.74 0.48 0.51 0.02 0.56 0.78 0.46 0.09 0.49 0.39 0.09 0.84 0.05 0.19 0.48 0.30 0.63 0.71 0.42 0.36 0.58 0.01 0.06 0.82 0.09 0.49 1.00 0.73 0.05 0.59 0.85 0.14 0.07 0.10 0.58 0.98 0.77 0.65 0.31 0.76 0.51 0.44 ]
[0.76 0.38 0.04 0.03 0.97 0.40 0.73 0.63 0.83 0.91 0.90 0.47 0.75 0.88 0.43 0.42 0.27 0.49 0.90 0.85 0.87 0.67 0.25 0.99 0.61 0.52 0.38 0.60 0.71 0.47 0.55 0.07 0.02 0.76 0.34 0.06 0.16 0.66 0.12 0.69 0.98 0.69 0.12 0.10 0.43 0.60 0.04 0.27 0.46 0.30 0.89 0.13 0.56 0.26 0.48 0.05 0.99 0.72 0.73 1.00 0.13 0.20 0.91 0.35 0.91 0.60 0.89 0.33 0.07 0.71 0.42 0.12 0.65 0.23 ]
[0.76 0.91 0.85 0.39 0.31 0.50 0.02 0.94 0.40 0.14 0.65 0.66 0.62 1.00 0.71 0.31 0.33 0.39 0.64 0.70 0.09 0.18 0.53 0.61 0.51 0.07 0.43 0.25 0.99 0.64 0.51 0.96 0.20 0.68 0.50 0.48 0.72 0.18 0.29 0.93 0.80 0.93 0.08 0.08 0.95 0.64 0.58 0.47 0.63 0.53 0.23 0.45 0.11 0.90 0.56 0.85 0.85 0.29 0.05 0.13 1.00 0.24 0.18 0.28 0.84 0.21 0.26 0.53 0.64 0.33 0.69 0.66 0.15 0.39 ]
[0.42 0.84 0.97 0.28 0.50 0.69 0.65 0.99 0.82 0.81 0.63 0.12 0.02 0.30 0.81 0.59 0.62 0.98 0.11 0.99 0.72 0.88 0.95 0.99 0.52 0.23 0.26 0.42 0.08 0.80 0.79 0.48 0.94 0.51 0.89 0.14 0.73 0.67 0.59 0.33 0.53 0.10 0.86 0.54 0.04 0.97 0.02 0.81 0.72 0.12 0.97 0.32 0.93 0.21 0.16 0.20 0.41 0.31 0.59 0.20 0.24 1.00 0.68 0.76 0.22 0.12 0.12 0.90 0.52 0.62 0.51 0.58 0.35 0.68 ]
[0.08 0.45 0.23 0.14 0.85 0.93 0.91 0.96 0.30 0.39 0.47 0.40 0.08 0.65 0.96 0.23 0.68 0.74 0.16 0.96 0.83 0.45 0.43 0.43 0.49 0.62 0.32 0.07 0.46 0.41 0.61 0.94 0.54 0.52 0.27 0.46 0.80 0.47 0.24 0.60 0.43 0.29 0.74 0.08 0.28 0.92 0.22 0.67 0.79 0.48 0.11 0.35 0.62 0.11 0.23 0.80 0.67 0.28 0.85 0.91 0.18 0.68 1.00 0.99 0.80 0.09 0.74 0.05 0.46 0.84 0.76 0.84 0.19 0.78 ]
[0.72 0.64 0.70 0.17 0.62 0.08 0.47 0.23 0.71 0.04 0.54 0.48 0.74 0.52 0.67 0.82 0.64 0.48 0.17 0.42 0.66 0.12 0.37 0.14 0.39 0.98 0.69 0.25 1.00 0.67 0.35 0.90 0.41 0.48 0.11 0.67 0.87 0.14 0.27 0.15 0.50 0.77 0.09 0.67 0.14 0.32 0.53 0.36 0.62 0.66 0.70 0.66 0.26 0.65 0.81 0.19 0.39 0.71 0.14 0.35 0.28 0.76 0.99 1.00 0.01 0.60 0.05 0.19 0.35 0.01 0.66 0.34 0.99 0.51 ]
[0.28 0.58 0.21 0.42 0.77 0.72 0.42 0.29 0.15 0.33 0.22 0.45 0.44 0.31 0.67 0.46 0.34 0.55 0.03 0.79 0.37 0.56 0.38 0.32 0.99 0.71 0.47 0.18 0.89 0.29 0.01 0.70 0.11 0.25 0.42 0.46 0.47 0.81 0.62 0.27 0.12 0.10 0.86 0.38 0.75 0.79 0.49 0.06 0.90 0.51 0.43 0.08 0.38 0.77 0.16 0.61 0.99 0.29 0.07 0.91 0.84 0.22 0.80 0.01 1.00 0.78 0.06 0.52 0.26 0.04 0.52 0.98 0.11 0.37 ]
[0.52 0.20 0.13 0.70 0.66 0.92 0.43 0.47 0.78 0.38 0.80 0.18 0.66 0.87 0.47 0.09 0.42 0.40 0.01 0.75 0.86 0.86 0.00 0.03 0.48 0.89 0.53 0.64 0.71 0.56 0.05 0.99 0.72 0.24 0.58 0.93 0.90 0.64 0.93 0.76 0.60 0.45 0.45 0.26 0.61 0.60 0.95 0.92 0.97 0.85 0.68 0.61 0.89 0.56 0.88 0.34 0.17 0.93 0.10 0.60 0.21 0.12 0.09 0.60 0.78 1.00 0.36 0.98 0.51 0.70 0.37 0.89 0.72 0.50 ]
[0.91 0.66 0.83 0.49 0.81 0.34 0.85 0.94 0.89 0.88 1.00 0.63 0.91 0.19 0.42 0.07 0.74 0.33 0.33 0.47 0.98 0.22 0.88 0.54 0.09 0.39 0.79 0.77 0.01 0.18 0.46 0.12 0.57 0.95 0.91 0.61 0.17 0.07 0.97 0.03 0.99 0.00 0.64 0.54 0.01 0.07 0.57 0.24 0.21 0.75 0.85 0.28 0.09 0.79 0.77 0.26 0.24 0.37 0.58 0.89 0.26 0.12 0.74 0.05 0.06 0.36 1.00 0.52 0.53 0.89 0.99 0.36 0.60 0.14 ]
[0.39 0.11 0.71 0.93 0.31 0.20 0.01 0.51 0.28 0.64 0.08 0.70 0.57 0.71 0.78 0.44 0.05 0.88 0.51 0.47 0.60 0.05 0.66 0.31 0.91 0.58 0.70 0.53 0.32 0.10 0.52 0.85 0.16 0.08 0.55 0.81 0.90 0.26 0.33 0.94 0.14 0.57 0.04 0.48 0.32 0.55 0.79 0.08 0.35 0.02 0.03 0.80 0.88 0.17 0.70 0.89 0.32 0.62 0.98 0.33 0.53 0.90 0.05 0.19 0.52 0.98 0.52 1.00 0.39 0.99 0.75 0.88 0.91 0.56 ]
[0.91 0.49 0.82 0.03 0.75 0.26 0.72 0.95 0.12 0.29 0.78 0.96 0.86 0.20 0.33 0.81 0.39 0.79 0.62 0.03 0.77 0.08 0.59 0.26 0.70 0.35 0.90 0.56 0.25 0.78 0.54 0.79 0.37 0.81 0.49 0.13 0.09 0.19 0.86 0.78 0.55 0.31 0.29 0.73 0.94 0.40 0.75 0.39 0.33 0.17 0.59 0.69 0.17 0.99 0.94 0.96 0.56 0.04 0.77 0.07 0.64 0.52 0.46 0.35 0.26 0.51 0.53 0.39 1.00 0.69 0.99 0.79 0.53 0.83 ]
[0.32 0.20 0.65 0.41 0.63 0.64 0.86 0.66 0.26 0.36 0.92 0.10 0.51 0.28 0.60 0.96 0.65 0.34 0.52 0.03 0.34 0.22 0.12 0.41 0.54 0.10 0.09 0.97 0.32 0.05 0.31 0.67 0.51 0.83 0.54 0.30 0.35 0.78 0.72 0.89 0.28 0.17 0.10 0.39 0.89 0.84 0.74 0.67 0.21 0.83 0.19 0.87 0.12 0.51 0.43 0.36 0.40 0.26 0.65 0.71 0.33 0.62 0.84 0.01 0.04 0.70 0.89 0.99 0.69 1.00 0.65 0.63 0.91 0.37 ]
[0.27 0.05 0.34 0.34 0.51 0.54 0.40 0.49 0.82 0.49 0.88 0.35 0.19 0.21 0.31 0.54 0.99 0.54 0.89 0.88 0.78 0.27 0.17 0.46 0.09 0.77 0.55 0.98 0.14 0.98 0.07 0.18 0.34 0.42 0.70 0.35 0.72 0.21 0.02 0.80 0.12 0.43 0.02 0.05 0.86 0.89 0.12 0.64 0.86 0.94 0.33 0.31 0.73 0.17 0.65 0.72 0.98 0.82 0.31 0.42 0.69 0.51 0.76 0.66 0.52 0.37 0.99 0.75 0.99 0.65 1.00 0.71 0.20 0.67 ]
[0.71 0.26 0.24 0.72 0.90 0.91 0.02 0.16 0.40 0.90 0.78 0.27 0.94 0.06 0.85 0.54 0.59 0.54 0.51 0.89 0.48 0.27 0.52 0.62 0.35 0.57 0.45 0.11 0.48 0.97 0.81 0.99 0.71 0.44 0.31 0.47 0.15 0.68 0.74 0.69 0.16 0.49 0.41 0.95 0.37 0.31 0.86 0.98 0.32 0.68 0.57 0.46 0.43 0.64 0.36 0.95 0.90 0.38 0.76 0.12 0.66 0.58 0.84 0.34 0.98 0.89 0.36 0.88 0.79 0.63 0.71 1.00 0.52 0.13 ]
[0.72 0.66 0.14 0.33 0.15 0.63 0.23 0.45 0.43 0.25 0.38 0.20 0.97 0.34 0.09 0.26 0.95 0.03 0.87 0.18 0.96 0.69 0.54 0.91 0.28 0.12 0.54 0.02 0.18 0.36 0.67 0.73 0.04 0.33 0.70 0.08 0.63 0.11 0.35 0.66 0.23 0.15 0.24 0.93 0.50 0.29 0.42 0.75 0.21 0.78 0.73 0.67 0.11 0.52 0.05 0.96 0.05 0.66 0.51 0.65 0.15 0.35 0.19 0.99 0.11 0.72 0.60 0.91 0.53 0.91 0.20 0.52 1.00 0.32 ]
[0.08 0.00 0.57 0.40 0.30 0.00 0.80 0.51 0.25 0.88 0.94 0.46 0.54 0.51 0.68 0.45 0.60 0.23 0.18 0.10 0.93 0.19 0.14 0.12 0.56 0.31 0.31 0.56 0.77 0.25 0.31 0.12 0.81 0.40 0.36 0.51 0.26 0.12 0.86 0.73 0.95 0.77 0.68 0.95 0.35 0.16 0.03 0.00 0.36 0.05 0.52 0.25 0.34 0.97 0.70 0.38 0.36 0.84 0.44 0.23 0.39 0.68 0.78 0.51 0.37 0.50 0.14 0.56 0.83 0.37 0.67 0.13 0.32 1.00 ]
];
