D = 4;
n = [ 3 3 3 3 ];
N = 71;
d = [1 1 1 1 1 1 1 1 1 1 1 1 1 1 1 1 1 2 2 2 2 2 2 2 2 2 2 2 2 2 2 2 2 2 3 3 3 3 3 3 3 3 3 3 3 3 3 3 3 3 3 4 4 4 4 4 4 4 4 4 4 4 4 4 4 4 4 4 4 4 4 ];
m = [
[1.00 0.14 0.05 0.27 0.80 0.71 0.33 0.54 0.63 0.04 0.18 0.18 0.25 0.86 0.27 0.81 0.77 0.08 0.98 0.17 0.61 0.65 0.17 0.72 0.76 0.22 0.60 0.42 0.89 0.45 0.87 0.24 0.02 0.00 0.51 0.50 0.53 0.78 0.03 0.50 0.61 0.06 0.46 0.11 0.69 0.73 0.80 0.56 0.77 0.25 0.15 0.57 0.73 0.89 0.92 0.35 0.48 0.40 0.05 0.46 0.11 0.58 0.21 0.59 0.72 0.96 0.08 0.80 0.16 0.21 0.12 ]
[0.14 1.00 0.36 1.00 0.45 0.90 0.62 0.62 0.19 0.46 0.24 0.91 0.41 0.65 0.72 0.27 0.73 0.89 0.54 0.32 0.23 0.80 0.11 0.88 0.79 0.95 0.16 0.04 0.22 0.80 0.02 0.90 0.16 0.08 0.06 0.98 0.43 0.40 0.88 0.81 0.84 0.54 0.53 0.61 0.61 0.13 0.66 0.11 0.07 0.13 0.23 0.87 0.43 0.14 0.05 0.39 0.80 0.66 0.71 0.64 0.83 0.04 0.10 0.07 0.55 0.76 0.69 0.80 0.69 0.94 0.27 ]
[0.05 0.36 1.00 0.99 0.14 0.65 0.29 0.08 0.66 0.21 0.51 0.35 0.97 0.22 0.26 0.66 0.37 0.68 0.97 0.37 0.91 0.01 0.75 0.93 0.07 0.51 0.28 0.19 0.43 0.92 0.96 0.01 0.31 0.59 0.39 0.50 0.49 0.48 0.62 0.50 0.86 0.50 0.25 0.29 0.07 0.45 0.54 0.32 0.82 0.47 0.92 0.55 0.35 0.44 0.00 0.90 0.07 0.55 0.70 0.80 0.77 0.58 0.75 0.84 0.43 0.05 0.12 0.86 0.57 0.49 0.31 ]
[0.27 1.00 0.99 1.00 0.25 0.53 0.49 0.37 0.88 0.75 0.09 0.39 0.06 0.15 0.25 0.53 0.53 0.32 0.44 0.65 0.93 0.96 0.68 0.87 0.81 0.42 0.52 0.44 0.15 0.47 0.32 0.93 0.23 0.56 0.97 0.69 0.14 0.56 0.44 0.35 0.26 0.75 0.19 0.43 0.04 0.76 0.64 0.73 0.07 0.75 0.23 0.03 0.84 0.15 0.46 0.55 1.00 0.43 0.46 0.12 0.64 0.55 0.35 0.13 0.28 0.69 0.06 0.44 0.69 0.34 0.81 ]
[0.80 0.45 0.14 0.25 1.00 0.12 0.62 0.03 0.05 0.50 0.39 0.39 0.22 0.93 0.04 0.82 0.66 0.64 0.86 0.25 0.37 0.84 0.06 0.87 0.55 0.25 0.65 0.71 0.89 0.90 0.91 0.44 0.04 0.77 0.21 0.81 0.03 0.55 0.27 0.95 0.05 0.40 0.48 0.61 0.66 0.78 0.40 0.13 0.23 0.23 0.05 0.41 0.87 0.61 0.45 0.52 0.40 0.82 0.45 0.07 0.82 0.77 0.12 0.18 0.88 0.27 0.43 0.72 0.82 0.67 0.53 ]
[0.71 0.90 0.65 0.53 0.12 1.00 0.91 0.55 0.99 1.00 0.15 1.00 0.74 0.77 0.88 0.05 0.30 0.56 0.28 0.28 0.37 0.73 0.54 0.40 0.63 0.14 0.98 0.39 0.33 0.51 0.60 0.85 0.54 0.81 0.81 0.22 0.28 0.07 0.90 0.38 0.75 0.21 0.08 0.34 0.56 0.26 0.54 0.83 0.54 0.57 0.87 0.88 0.86 0.77 0.83 0.48 0.51 0.62 0.74 0.41 0.28 0.38 0.96 0.48 0.51 0.70 0.95 0.49 0.97 0.18 0.64 ]
[0.33 0.62 0.29 0.49 0.62 0.91 1.00 0.81 0.08 0.50 0.41 0.06 0.98 0.26 0.98 0.61 0.65 0.33 0.60 0.52 0.93 0.37 0.84 0.12 0.00 0.64 0.25 0.96 0.25 0.14 0.60 0.14 0.78 0.88 0.49 0.81 0.38 0.86 0.77 0.27 0.38 0.07 0.40 0.56 0.18 0.91 0.00 0.78 0.31 0.16 0.93 0.39 0.35 0.81 0.74 0.29 0.01 0.65 0.98 0.34 0.38 0.66 0.20 0.58 0.11 0.30 0.76 0.65 0.81 0.52 0.84 ]
[0.54 0.62 0.08 0.37 0.03 0.55 0.81 1.00 0.15 0.06 0.60 0.73 0.11 0.18 0.91 0.71 0.38 0.44 0.37 0.26 0.10 0.51 0.03 0.47 0.40 0.40 0.17 0.98 0.16 0.01 0.01 0.13 0.06 0.63 0.12 0.19 0.38 0.86 0.95 0.69 0.22 0.99 0.43 0.51 0.08 0.62 0.62 0.19 0.28 0.58 0.52 0.51 0.47 0.14 0.71 0.04 0.97 0.69 0.82 0.01 0.56 0.45 0.20 0.32 0.08 0.02 0.74 0.77 0.09 0.77 0.56 ]
[0.63 0.19 0.66 0.88 0.05 0.99 0.08 0.15 1.00 0.45 0.35 0.63 0.98 0.27 0.50 0.46 0.47 0.05 0.34 0.78 0.65 0.22 0.13 0.64 0.72 0.00 0.51 0.41 0.00 0.21 0.35 0.35 0.12 0.46 0.36 0.80 0.10 0.48 0.29 0.41 0.89 0.74 0.61 0.45 0.24 0.03 0.09 0.02 0.49 0.09 0.48 0.83 0.57 0.05 0.70 0.91 0.52 0.58 0.51 0.70 0.95 0.78 0.33 0.19 0.87 0.43 0.27 0.39 0.25 0.08 0.55 ]
[0.04 0.46 0.21 0.75 0.50 1.00 0.50 0.06 0.45 1.00 0.41 0.53 0.14 0.24 0.89 0.85 0.22 0.37 0.57 0.29 0.11 0.26 0.76 0.10 0.93 0.56 0.03 0.88 0.75 0.80 0.23 0.67 0.00 0.39 0.98 0.51 0.11 0.21 0.79 0.78 0.69 0.76 0.15 0.83 0.04 0.38 0.77 0.72 0.97 0.51 0.15 0.34 0.99 0.07 0.42 0.03 0.45 0.81 0.73 0.20 0.47 0.97 0.57 0.33 0.82 0.01 0.35 0.84 0.69 0.09 0.78 ]
[0.18 0.24 0.51 0.09 0.39 0.15 0.41 0.60 0.35 0.41 1.00 0.05 0.70 0.93 0.82 0.41 0.57 0.96 0.15 0.48 0.85 0.13 0.65 0.94 0.48 0.20 0.33 0.86 0.83 0.94 0.15 0.55 0.10 0.11 0.34 0.25 0.85 0.39 0.34 0.02 0.25 0.24 0.46 0.47 0.33 0.70 0.50 0.61 0.78 0.49 0.80 0.90 0.51 0.60 0.33 0.54 0.66 0.91 0.57 0.44 0.88 0.36 0.37 0.24 0.49 0.65 0.18 0.58 0.64 0.32 0.88 ]
[0.18 0.91 0.35 0.39 0.39 1.00 0.06 0.73 0.63 0.53 0.05 1.00 0.17 0.97 0.05 0.50 0.53 0.42 0.93 0.18 0.99 0.46 0.63 0.30 0.93 0.60 0.64 0.86 0.98 0.67 0.10 0.83 0.63 0.01 0.32 0.01 0.94 0.59 0.81 0.40 0.75 0.15 0.39 0.21 0.24 0.10 0.95 0.28 0.59 0.33 0.58 0.92 0.72 0.33 0.32 0.31 0.57 0.74 0.61 0.96 0.83 1.00 0.28 0.14 0.86 0.01 0.91 0.43 0.88 0.91 0.04 ]
[0.25 0.41 0.97 0.06 0.22 0.74 0.98 0.11 0.98 0.14 0.70 0.17 1.00 0.55 0.58 0.48 0.39 0.47 0.65 0.80 0.59 0.07 0.42 0.72 0.14 0.28 0.63 0.68 0.46 0.71 0.63 0.96 0.75 0.15 0.29 0.89 0.12 0.88 0.69 0.29 0.28 0.44 0.05 0.33 0.71 0.52 0.20 0.39 0.30 0.55 0.42 0.68 0.33 0.88 0.46 0.83 0.57 0.86 0.97 0.66 0.45 0.90 0.98 0.78 0.33 0.65 0.92 0.80 0.06 0.10 0.90 ]
[0.86 0.65 0.22 0.15 0.93 0.77 0.26 0.18 0.27 0.24 0.93 0.97 0.55 1.00 0.62 0.31 0.72 0.12 0.33 0.81 0.73 0.31 0.37 0.66 0.64 0.26 0.86 0.33 0.56 0.05 0.98 0.94 0.54 0.67 0.76 0.93 0.07 0.43 0.79 0.50 0.06 0.29 0.72 0.47 0.66 0.76 0.27 0.30 0.51 0.00 0.70 0.95 0.18 0.81 0.33 0.41 0.07 0.61 0.42 0.94 0.45 0.81 0.74 0.06 0.94 0.82 0.57 0.76 0.73 0.07 0.43 ]
[0.27 0.72 0.26 0.25 0.04 0.88 0.98 0.91 0.50 0.89 0.82 0.05 0.58 0.62 1.00 0.52 0.06 0.77 0.64 0.82 0.02 0.24 0.79 0.67 0.83 0.54 0.62 0.47 0.50 0.49 0.70 0.84 0.77 0.68 0.95 0.46 0.84 0.39 0.12 0.77 0.35 0.45 0.87 0.23 0.17 0.75 0.71 0.20 0.63 0.87 0.77 0.51 0.51 0.66 0.90 0.39 0.93 0.62 0.56 0.57 0.84 0.48 0.79 0.54 0.36 0.81 0.14 0.27 0.67 0.73 0.69 ]
[0.81 0.27 0.66 0.53 0.82 0.05 0.61 0.71 0.46 0.85 0.41 0.50 0.48 0.31 0.52 1.00 0.97 0.11 0.11 0.77 0.70 0.78 0.30 0.23 0.86 0.55 0.06 0.23 0.80 0.89 0.77 0.32 0.49 0.01 0.24 0.88 0.50 0.22 0.82 0.03 0.23 0.60 0.20 0.31 0.93 0.32 0.81 0.98 0.00 0.99 0.12 0.84 0.39 0.59 0.54 0.48 0.29 0.32 1.00 0.75 0.25 0.90 0.13 0.85 0.39 0.29 0.74 0.24 0.30 0.70 0.15 ]
[0.77 0.73 0.37 0.53 0.66 0.30 0.65 0.38 0.47 0.22 0.57 0.53 0.39 0.72 0.06 0.97 1.00 0.71 0.55 0.74 0.27 0.80 0.45 0.16 0.15 0.12 0.44 0.56 0.25 0.16 0.32 0.52 0.48 0.64 0.29 0.69 0.80 0.60 0.04 0.84 0.97 0.62 0.80 0.60 0.19 0.36 0.40 0.69 0.91 0.18 0.57 0.74 0.96 0.78 0.66 0.48 0.39 0.26 0.93 0.28 0.84 0.95 0.31 0.63 0.77 0.54 0.07 0.66 0.20 0.50 0.39 ]
[0.08 0.89 0.68 0.32 0.64 0.56 0.33 0.44 0.05 0.37 0.96 0.42 0.47 0.12 0.77 0.11 0.71 1.00 0.31 0.78 0.77 0.25 0.07 0.10 0.78 0.73 0.61 0.70 0.87 0.92 0.51 0.53 0.77 0.80 0.49 0.86 0.30 0.25 0.40 0.76 0.07 0.68 0.95 0.73 0.39 0.68 0.49 0.75 0.82 0.38 0.43 0.09 0.27 0.14 0.44 0.62 0.36 0.07 0.68 0.02 0.86 0.71 0.14 0.82 0.67 0.29 0.70 0.40 0.15 0.55 0.17 ]
[0.98 0.54 0.97 0.44 0.86 0.28 0.60 0.37 0.34 0.57 0.15 0.93 0.65 0.33 0.64 0.11 0.55 0.31 1.00 0.76 0.88 0.65 0.52 0.88 0.80 0.82 0.77 1.00 0.02 0.43 0.85 0.69 0.57 0.73 0.07 0.18 0.78 0.65 0.58 0.42 0.18 1.00 0.14 0.40 0.69 0.80 0.36 0.15 0.00 0.32 0.10 0.49 0.57 0.24 0.59 0.21 0.54 0.25 0.26 0.97 0.81 0.98 0.47 0.83 0.47 0.82 0.60 1.00 0.31 0.33 0.96 ]
[0.17 0.32 0.37 0.65 0.25 0.28 0.52 0.26 0.78 0.29 0.48 0.18 0.80 0.81 0.82 0.77 0.74 0.78 0.76 1.00 0.85 0.33 0.47 0.28 0.61 0.45 0.03 0.46 0.71 0.10 0.96 0.99 0.54 0.58 0.54 0.33 0.98 0.23 0.56 0.87 0.77 0.07 0.81 0.18 0.17 0.89 0.27 0.59 0.86 0.92 0.38 0.79 0.72 0.75 0.06 0.86 0.81 0.65 0.57 0.72 0.20 0.07 0.35 0.68 0.23 0.04 0.44 0.43 0.45 0.13 0.79 ]
[0.61 0.23 0.91 0.93 0.37 0.37 0.93 0.10 0.65 0.11 0.85 0.99 0.59 0.73 0.02 0.70 0.27 0.77 0.88 0.85 1.00 0.68 0.83 0.52 0.55 0.55 0.46 0.02 0.94 0.05 0.12 0.44 1.00 0.64 0.58 0.24 0.80 0.93 0.49 0.31 0.86 0.19 0.08 0.22 0.34 0.27 0.10 0.30 0.32 0.51 0.27 0.28 0.09 0.97 0.39 0.89 0.47 0.28 0.12 0.24 0.12 0.54 0.11 0.49 0.81 0.22 0.29 0.85 0.48 0.60 0.66 ]
[0.65 0.80 0.01 0.96 0.84 0.73 0.37 0.51 0.22 0.26 0.13 0.46 0.07 0.31 0.24 0.78 0.80 0.25 0.65 0.33 0.68 1.00 0.86 0.23 0.40 0.56 0.78 0.42 0.34 0.42 0.04 0.39 0.51 0.87 0.55 0.60 0.85 0.64 0.58 0.15 0.92 0.34 0.11 0.26 0.39 0.64 0.37 0.18 0.16 0.01 0.37 0.80 0.98 0.98 0.37 0.62 0.34 0.14 0.47 0.69 0.54 1.00 0.63 0.46 0.98 0.83 0.73 0.66 0.93 0.84 0.27 ]
[0.17 0.11 0.75 0.68 0.06 0.54 0.84 0.03 0.13 0.76 0.65 0.63 0.42 0.37 0.79 0.30 0.45 0.07 0.52 0.47 0.83 0.86 1.00 0.70 0.95 0.42 0.59 0.16 0.15 0.28 0.35 0.83 0.83 0.27 0.49 0.51 0.18 0.18 0.41 0.06 0.69 0.53 0.37 0.58 0.83 0.85 0.38 0.63 0.04 0.85 0.22 0.99 0.04 0.83 0.50 0.95 0.42 0.80 0.18 0.81 0.99 0.20 0.21 0.65 0.10 0.11 0.07 0.52 0.42 0.66 0.74 ]
[0.72 0.88 0.93 0.87 0.87 0.40 0.12 0.47 0.64 0.10 0.94 0.30 0.72 0.66 0.67 0.23 0.16 0.10 0.88 0.28 0.52 0.23 0.70 1.00 0.75 0.47 0.30 0.59 0.21 0.16 0.66 0.23 0.74 0.62 0.74 0.81 0.20 0.81 0.01 0.83 0.49 0.44 0.92 0.87 0.26 0.98 0.86 0.02 0.38 0.96 0.55 0.12 0.38 0.69 0.37 0.55 0.79 0.54 0.97 0.28 0.19 0.92 0.17 0.66 0.66 0.19 0.86 0.89 0.52 0.19 0.07 ]
[0.76 0.79 0.07 0.81 0.55 0.63 0.00 0.40 0.72 0.93 0.48 0.93 0.14 0.64 0.83 0.86 0.15 0.78 0.80 0.61 0.55 0.40 0.95 0.75 1.00 0.64 0.20 0.96 0.52 0.56 0.53 0.19 0.00 0.97 0.34 0.30 0.82 0.36 0.70 0.27 0.48 0.25 0.74 0.98 0.28 0.74 0.53 0.70 0.54 0.98 0.24 0.46 0.52 0.71 0.72 0.07 0.43 0.54 0.81 0.38 0.57 0.06 0.52 0.94 0.66 0.28 0.20 0.52 0.10 0.39 0.00 ]
[0.22 0.95 0.51 0.42 0.25 0.14 0.64 0.40 0.00 0.56 0.20 0.60 0.28 0.26 0.54 0.55 0.12 0.73 0.82 0.45 0.55 0.56 0.42 0.47 0.64 1.00 0.60 0.07 0.84 0.54 0.34 0.66 0.31 0.79 0.63 0.57 0.64 0.26 0.18 0.78 0.69 0.04 0.14 0.57 0.64 0.18 0.27 0.59 0.36 0.47 0.28 0.26 0.48 0.27 0.77 0.57 0.82 0.32 0.26 0.22 0.77 0.59 0.68 0.03 0.45 0.99 0.79 0.75 0.56 0.15 0.53 ]
[0.60 0.16 0.28 0.52 0.65 0.98 0.25 0.17 0.51 0.03 0.33 0.64 0.63 0.86 0.62 0.06 0.44 0.61 0.77 0.03 0.46 0.78 0.59 0.30 0.20 0.60 1.00 0.51 0.56 0.59 0.22 0.27 0.65 0.87 0.43 0.40 0.31 0.67 0.47 0.93 0.68 0.74 0.96 0.89 0.56 0.39 0.36 0.44 0.28 0.59 0.61 0.14 0.58 0.83 0.36 0.25 0.77 0.69 0.85 0.95 0.54 0.51 0.87 0.10 0.02 0.11 0.45 0.19 0.60 0.58 0.01 ]
[0.42 0.04 0.19 0.44 0.71 0.39 0.96 0.98 0.41 0.88 0.86 0.86 0.68 0.33 0.47 0.23 0.56 0.70 1.00 0.46 0.02 0.42 0.16 0.59 0.96 0.07 0.51 1.00 0.93 0.93 0.42 0.45 0.99 0.97 0.91 0.81 0.03 0.91 0.22 0.52 0.39 0.33 0.67 0.16 0.35 0.69 0.89 0.06 0.90 0.65 0.68 0.74 0.61 0.59 0.04 0.53 0.03 0.61 0.97 0.94 0.74 0.21 0.26 0.72 0.96 0.99 0.42 0.08 0.33 0.11 0.64 ]
[0.89 0.22 0.43 0.15 0.89 0.33 0.25 0.16 0.00 0.75 0.83 0.98 0.46 0.56 0.50 0.80 0.25 0.87 0.02 0.71 0.94 0.34 0.15 0.21 0.52 0.84 0.56 0.93 1.00 0.73 0.79 0.52 0.18 0.24 0.08 0.13 0.57 0.42 0.80 0.99 0.82 0.14 0.62 0.05 0.59 0.91 0.80 1.00 0.06 0.48 0.14 0.90 0.35 0.80 0.98 0.97 0.54 0.83 0.43 0.79 0.13 0.11 0.35 0.36 0.27 0.26 0.47 0.97 0.54 0.88 0.10 ]
[0.45 0.80 0.92 0.47 0.90 0.51 0.14 0.01 0.21 0.80 0.94 0.67 0.71 0.05 0.49 0.89 0.16 0.92 0.43 0.10 0.05 0.42 0.28 0.16 0.56 0.54 0.59 0.93 0.73 1.00 0.65 0.20 0.68 0.81 0.14 0.55 0.09 0.30 0.59 0.57 0.72 0.87 0.14 0.63 0.15 0.97 0.49 0.89 0.82 0.49 0.35 0.39 0.03 0.64 0.60 0.67 0.25 0.35 0.39 0.18 0.07 0.08 0.98 0.86 0.16 0.81 0.10 0.06 0.65 0.54 0.85 ]
[0.87 0.02 0.96 0.32 0.91 0.60 0.60 0.01 0.35 0.23 0.15 0.10 0.63 0.98 0.70 0.77 0.32 0.51 0.85 0.96 0.12 0.04 0.35 0.66 0.53 0.34 0.22 0.42 0.79 0.65 1.00 0.91 0.45 0.37 0.96 0.83 0.12 0.90 0.00 0.40 0.85 0.15 0.55 0.40 0.56 0.96 0.94 0.92 0.35 0.61 0.36 0.52 0.26 0.28 0.52 0.83 0.25 0.09 0.13 0.30 0.99 0.39 0.29 0.88 0.48 0.71 0.40 0.77 0.47 0.12 0.82 ]
[0.24 0.90 0.01 0.93 0.44 0.85 0.14 0.13 0.35 0.67 0.55 0.83 0.96 0.94 0.84 0.32 0.52 0.53 0.69 0.99 0.44 0.39 0.83 0.23 0.19 0.66 0.27 0.45 0.52 0.20 0.91 1.00 0.90 0.68 0.69 0.67 0.33 0.80 0.15 0.02 0.05 0.42 0.47 0.00 0.75 0.10 0.84 0.55 0.55 0.69 0.94 0.11 0.49 0.52 0.10 0.62 0.48 0.15 0.09 0.66 0.72 0.60 0.48 0.78 0.58 0.81 0.58 0.93 0.64 0.92 0.46 ]
[0.02 0.16 0.31 0.23 0.04 0.54 0.78 0.06 0.12 0.00 0.10 0.63 0.75 0.54 0.77 0.49 0.48 0.77 0.57 0.54 1.00 0.51 0.83 0.74 0.00 0.31 0.65 0.99 0.18 0.68 0.45 0.90 1.00 0.80 0.29 0.17 0.44 0.01 0.29 0.91 0.08 0.13 0.87 0.39 0.88 0.11 0.80 0.98 0.24 0.97 0.55 0.35 0.55 0.54 0.46 0.37 0.38 0.57 0.29 0.72 0.30 0.77 0.57 0.30 0.27 0.05 0.38 0.27 0.41 0.85 0.88 ]
[0.00 0.08 0.59 0.56 0.77 0.81 0.88 0.63 0.46 0.39 0.11 0.01 0.15 0.67 0.68 0.01 0.64 0.80 0.73 0.58 0.64 0.87 0.27 0.62 0.97 0.79 0.87 0.97 0.24 0.81 0.37 0.68 0.80 1.00 0.78 0.33 0.49 0.41 0.88 0.27 0.75 0.56 0.39 0.68 0.52 0.69 0.09 0.72 0.56 0.46 0.18 0.78 0.54 0.05 0.59 0.18 0.15 0.20 0.11 0.65 0.64 0.24 0.62 0.51 0.92 0.12 0.40 0.03 0.62 0.10 0.19 ]
[0.51 0.06 0.39 0.97 0.21 0.81 0.49 0.12 0.36 0.98 0.34 0.32 0.29 0.76 0.95 0.24 0.29 0.49 0.07 0.54 0.58 0.55 0.49 0.74 0.34 0.63 0.43 0.91 0.08 0.14 0.96 0.69 0.29 0.78 1.00 0.75 0.70 0.34 0.69 0.26 0.13 0.14 0.15 0.86 0.93 0.61 0.85 0.73 0.49 0.52 0.49 0.46 0.00 0.88 0.56 0.46 0.90 0.53 0.92 0.96 0.39 0.40 0.94 0.75 0.54 0.49 0.65 0.51 0.47 0.26 0.76 ]
[0.50 0.98 0.50 0.69 0.81 0.22 0.81 0.19 0.80 0.51 0.25 0.01 0.89 0.93 0.46 0.88 0.69 0.86 0.18 0.33 0.24 0.60 0.51 0.81 0.30 0.57 0.40 0.81 0.13 0.55 0.83 0.67 0.17 0.33 0.75 1.00 0.28 0.54 0.05 0.89 0.78 0.84 0.43 0.76 0.53 0.93 0.80 0.69 0.85 0.36 0.65 0.13 0.64 0.58 0.08 0.90 0.59 0.02 0.60 0.74 0.45 0.39 0.42 0.25 0.51 0.94 0.10 0.52 0.52 0.40 0.21 ]
[0.53 0.43 0.49 0.14 0.03 0.28 0.38 0.38 0.10 0.11 0.85 0.94 0.12 0.07 0.84 0.50 0.80 0.30 0.78 0.98 0.80 0.85 0.18 0.20 0.82 0.64 0.31 0.03 0.57 0.09 0.12 0.33 0.44 0.49 0.70 0.28 1.00 0.53 0.94 0.14 0.64 0.98 0.95 0.49 0.47 0.75 0.81 0.61 0.84 0.77 0.72 0.72 0.17 0.65 0.34 0.03 0.92 0.90 0.62 0.54 0.74 0.36 0.52 0.11 0.60 0.19 1.00 0.21 0.88 0.71 0.95 ]
[0.78 0.40 0.48 0.56 0.55 0.07 0.86 0.86 0.48 0.21 0.39 0.59 0.88 0.43 0.39 0.22 0.60 0.25 0.65 0.23 0.93 0.64 0.18 0.81 0.36 0.26 0.67 0.91 0.42 0.30 0.90 0.80 0.01 0.41 0.34 0.54 0.53 1.00 0.62 0.96 0.64 0.66 0.66 0.07 0.70 0.12 0.35 0.99 0.87 0.28 0.07 0.17 0.28 0.32 0.73 0.75 0.46 0.57 0.79 0.31 0.57 0.59 0.47 0.68 0.91 0.27 0.24 0.75 0.02 0.73 0.29 ]
[0.03 0.88 0.62 0.44 0.27 0.90 0.77 0.95 0.29 0.79 0.34 0.81 0.69 0.79 0.12 0.82 0.04 0.40 0.58 0.56 0.49 0.58 0.41 0.01 0.70 0.18 0.47 0.22 0.80 0.59 0.00 0.15 0.29 0.88 0.69 0.05 0.94 0.62 1.00 0.95 0.17 0.96 0.18 0.97 0.86 0.71 0.31 0.23 0.59 0.80 0.81 0.12 0.84 0.65 0.58 0.82 0.89 0.57 0.11 0.82 0.62 0.65 0.77 0.26 0.68 0.49 0.33 0.11 0.04 0.63 0.99 ]
[0.50 0.81 0.50 0.35 0.95 0.38 0.27 0.69 0.41 0.78 0.02 0.40 0.29 0.50 0.77 0.03 0.84 0.76 0.42 0.87 0.31 0.15 0.06 0.83 0.27 0.78 0.93 0.52 0.99 0.57 0.40 0.02 0.91 0.27 0.26 0.89 0.14 0.96 0.95 1.00 0.33 0.83 0.95 0.51 0.71 0.65 0.29 0.61 0.18 0.70 0.83 0.16 0.95 0.13 0.21 0.75 1.00 0.31 0.49 0.23 0.84 0.68 0.74 0.70 0.70 0.74 0.02 0.34 0.66 0.66 0.60 ]
[0.61 0.84 0.86 0.26 0.05 0.75 0.38 0.22 0.89 0.69 0.25 0.75 0.28 0.06 0.35 0.23 0.97 0.07 0.18 0.77 0.86 0.92 0.69 0.49 0.48 0.69 0.68 0.39 0.82 0.72 0.85 0.05 0.08 0.75 0.13 0.78 0.64 0.64 0.17 0.33 1.00 0.15 0.17 0.71 0.91 0.74 0.17 0.64 0.56 0.83 0.07 0.87 0.02 0.23 0.43 0.59 0.48 0.59 0.97 0.27 0.75 0.81 0.70 0.65 0.28 0.29 0.40 0.58 0.14 0.08 0.59 ]
[0.06 0.54 0.50 0.75 0.40 0.21 0.07 0.99 0.74 0.76 0.24 0.15 0.44 0.29 0.45 0.60 0.62 0.68 1.00 0.07 0.19 0.34 0.53 0.44 0.25 0.04 0.74 0.33 0.14 0.87 0.15 0.42 0.13 0.56 0.14 0.84 0.98 0.66 0.96 0.83 0.15 1.00 0.11 0.50 0.86 0.42 0.90 0.48 0.42 0.85 0.65 0.71 0.46 0.54 0.57 0.41 0.39 0.03 0.53 0.01 0.64 0.94 0.59 0.23 0.94 0.53 0.13 0.62 0.95 0.46 0.56 ]
[0.46 0.53 0.25 0.19 0.48 0.08 0.40 0.43 0.61 0.15 0.46 0.39 0.05 0.72 0.87 0.20 0.80 0.95 0.14 0.81 0.08 0.11 0.37 0.92 0.74 0.14 0.96 0.67 0.62 0.14 0.55 0.47 0.87 0.39 0.15 0.43 0.95 0.66 0.18 0.95 0.17 0.11 1.00 0.38 0.54 0.53 0.03 0.74 0.39 0.89 0.83 0.11 0.64 0.80 0.98 0.65 0.52 0.03 0.47 0.91 0.93 0.54 0.33 0.20 0.19 0.77 0.33 0.20 0.62 0.20 0.29 ]
[0.11 0.61 0.29 0.43 0.61 0.34 0.56 0.51 0.45 0.83 0.47 0.21 0.33 0.47 0.23 0.31 0.60 0.73 0.40 0.18 0.22 0.26 0.58 0.87 0.98 0.57 0.89 0.16 0.05 0.63 0.40 0.00 0.39 0.68 0.86 0.76 0.49 0.07 0.97 0.51 0.71 0.50 0.38 1.00 0.66 0.20 0.72 0.40 0.24 0.92 0.07 0.80 0.47 0.42 0.19 0.67 0.92 0.58 0.27 0.83 0.65 0.01 0.00 0.89 0.41 0.84 0.73 0.30 0.16 0.50 0.43 ]
[0.69 0.61 0.07 0.04 0.66 0.56 0.18 0.08 0.24 0.04 0.33 0.24 0.71 0.66 0.17 0.93 0.19 0.39 0.69 0.17 0.34 0.39 0.83 0.26 0.28 0.64 0.56 0.35 0.59 0.15 0.56 0.75 0.88 0.52 0.93 0.53 0.47 0.70 0.86 0.71 0.91 0.86 0.54 0.66 1.00 0.09 0.28 0.29 0.74 0.65 0.11 0.37 0.53 0.13 0.41 0.56 0.71 0.12 0.44 0.78 0.77 0.83 0.28 0.87 0.76 0.82 0.75 0.64 0.34 0.73 0.99 ]
[0.73 0.13 0.45 0.76 0.78 0.26 0.91 0.62 0.03 0.38 0.70 0.10 0.52 0.76 0.75 0.32 0.36 0.68 0.80 0.89 0.27 0.64 0.85 0.98 0.74 0.18 0.39 0.69 0.91 0.97 0.96 0.10 0.11 0.69 0.61 0.93 0.75 0.12 0.71 0.65 0.74 0.42 0.53 0.20 0.09 1.00 0.73 0.10 0.28 0.29 0.57 0.65 0.08 0.57 0.52 1.00 1.00 0.55 0.43 0.60 0.90 0.94 0.36 0.47 0.16 0.01 0.08 0.48 0.79 0.21 0.71 ]
[0.80 0.66 0.54 0.64 0.40 0.54 0.00 0.62 0.09 0.77 0.50 0.95 0.20 0.27 0.71 0.81 0.40 0.49 0.36 0.27 0.10 0.37 0.38 0.86 0.53 0.27 0.36 0.89 0.80 0.49 0.94 0.84 0.80 0.09 0.85 0.80 0.81 0.35 0.31 0.29 0.17 0.90 0.03 0.72 0.28 0.73 1.00 0.19 0.05 0.02 0.94 0.25 0.81 0.46 0.23 0.83 0.49 0.30 0.51 0.16 0.00 0.58 0.11 0.39 0.66 0.38 0.64 0.57 0.53 0.85 0.79 ]
[0.56 0.11 0.32 0.73 0.13 0.83 0.78 0.19 0.02 0.72 0.61 0.28 0.39 0.30 0.20 0.98 0.69 0.75 0.15 0.59 0.30 0.18 0.63 0.02 0.70 0.59 0.44 0.06 1.00 0.89 0.92 0.55 0.98 0.72 0.73 0.69 0.61 0.99 0.23 0.61 0.64 0.48 0.74 0.40 0.29 0.10 0.19 1.00 0.50 0.02 0.04 0.35 0.50 0.39 0.75 0.59 0.71 0.08 0.14 0.02 0.74 0.44 0.38 0.72 0.18 0.11 0.18 0.77 0.80 0.23 0.19 ]
[0.77 0.07 0.82 0.07 0.23 0.54 0.31 0.28 0.49 0.97 0.78 0.59 0.30 0.51 0.63 0.00 0.91 0.82 0.00 0.86 0.32 0.16 0.04 0.38 0.54 0.36 0.28 0.90 0.06 0.82 0.35 0.55 0.24 0.56 0.49 0.85 0.84 0.87 0.59 0.18 0.56 0.42 0.39 0.24 0.74 0.28 0.05 0.50 1.00 0.68 0.77 0.95 0.64 0.04 0.12 0.61 0.41 0.89 0.17 0.60 0.31 0.46 0.11 0.14 0.42 0.71 0.94 0.24 0.83 0.51 0.12 ]
[0.25 0.13 0.47 0.75 0.23 0.57 0.16 0.58 0.09 0.51 0.49 0.33 0.55 0.00 0.87 0.99 0.18 0.38 0.32 0.92 0.51 0.01 0.85 0.96 0.98 0.47 0.59 0.65 0.48 0.49 0.61 0.69 0.97 0.46 0.52 0.36 0.77 0.28 0.80 0.70 0.83 0.85 0.89 0.92 0.65 0.29 0.02 0.02 0.68 1.00 0.99 0.60 0.86 0.72 0.02 0.42 0.42 0.77 0.99 0.45 0.75 0.86 0.82 0.36 0.98 0.48 0.43 0.94 0.82 0.13 0.08 ]
[0.15 0.23 0.92 0.23 0.05 0.87 0.93 0.52 0.48 0.15 0.80 0.58 0.42 0.70 0.77 0.12 0.57 0.43 0.10 0.38 0.27 0.37 0.22 0.55 0.24 0.28 0.61 0.68 0.14 0.35 0.36 0.94 0.55 0.18 0.49 0.65 0.72 0.07 0.81 0.83 0.07 0.65 0.83 0.07 0.11 0.57 0.94 0.04 0.77 0.99 1.00 0.24 0.50 0.22 0.72 0.21 0.47 0.95 0.92 0.62 0.48 0.23 0.59 0.65 0.84 0.31 0.39 0.66 0.23 0.20 0.00 ]
[0.57 0.87 0.55 0.03 0.41 0.88 0.39 0.51 0.83 0.34 0.90 0.92 0.68 0.95 0.51 0.84 0.74 0.09 0.49 0.79 0.28 0.80 0.99 0.12 0.46 0.26 0.14 0.74 0.90 0.39 0.52 0.11 0.35 0.78 0.46 0.13 0.72 0.17 0.12 0.16 0.87 0.71 0.11 0.80 0.37 0.65 0.25 0.35 0.95 0.60 0.24 1.00 0.59 0.42 0.92 0.63 0.65 0.73 0.28 0.66 0.36 0.64 0.13 0.53 0.99 0.11 0.25 0.03 0.01 0.16 0.58 ]
[0.73 0.43 0.35 0.84 0.87 0.86 0.35 0.47 0.57 0.99 0.51 0.72 0.33 0.18 0.51 0.39 0.96 0.27 0.57 0.72 0.09 0.98 0.04 0.38 0.52 0.48 0.58 0.61 0.35 0.03 0.26 0.49 0.55 0.54 0.00 0.64 0.17 0.28 0.84 0.95 0.02 0.46 0.64 0.47 0.53 0.08 0.81 0.50 0.64 0.86 0.50 0.59 1.00 0.38 0.53 0.83 0.85 0.14 0.99 0.49 0.59 0.69 0.03 0.67 0.77 0.83 0.34 0.45 0.50 0.10 0.81 ]
[0.89 0.14 0.44 0.15 0.61 0.77 0.81 0.14 0.05 0.07 0.60 0.33 0.88 0.81 0.66 0.59 0.78 0.14 0.24 0.75 0.97 0.98 0.83 0.69 0.71 0.27 0.83 0.59 0.80 0.64 0.28 0.52 0.54 0.05 0.88 0.58 0.65 0.32 0.65 0.13 0.23 0.54 0.80 0.42 0.13 0.57 0.46 0.39 0.04 0.72 0.22 0.42 0.38 1.00 0.84 0.54 0.85 0.90 0.27 0.69 0.59 0.82 0.48 0.88 0.36 0.56 0.47 0.83 0.17 0.84 0.57 ]
[0.92 0.05 0.00 0.46 0.45 0.83 0.74 0.71 0.70 0.42 0.33 0.32 0.46 0.33 0.90 0.54 0.66 0.44 0.59 0.06 0.39 0.37 0.50 0.37 0.72 0.77 0.36 0.04 0.98 0.60 0.52 0.10 0.46 0.59 0.56 0.08 0.34 0.73 0.58 0.21 0.43 0.57 0.98 0.19 0.41 0.52 0.23 0.75 0.12 0.02 0.72 0.92 0.53 0.84 1.00 0.06 0.99 0.85 0.42 0.86 0.04 0.04 0.18 0.90 0.54 0.58 0.23 0.72 0.05 0.65 0.10 ]
[0.35 0.39 0.90 0.55 0.52 0.48 0.29 0.04 0.91 0.03 0.54 0.31 0.83 0.41 0.39 0.48 0.48 0.62 0.21 0.86 0.89 0.62 0.95 0.55 0.07 0.57 0.25 0.53 0.97 0.67 0.83 0.62 0.37 0.18 0.46 0.90 0.03 0.75 0.82 0.75 0.59 0.41 0.65 0.67 0.56 1.00 0.83 0.59 0.61 0.42 0.21 0.63 0.83 0.54 0.06 1.00 0.63 0.91 0.22 0.39 0.50 0.24 0.13 0.14 0.56 0.90 0.85 0.83 0.03 0.31 0.45 ]
[0.48 0.80 0.07 1.00 0.40 0.51 0.01 0.97 0.52 0.45 0.66 0.57 0.57 0.07 0.93 0.29 0.39 0.36 0.54 0.81 0.47 0.34 0.42 0.79 0.43 0.82 0.77 0.03 0.54 0.25 0.25 0.48 0.38 0.15 0.90 0.59 0.92 0.46 0.89 1.00 0.48 0.39 0.52 0.92 0.71 1.00 0.49 0.71 0.41 0.42 0.47 0.65 0.85 0.85 0.99 0.63 1.00 0.63 0.70 0.18 0.19 0.96 0.22 0.78 0.42 0.69 0.70 0.03 0.39 0.67 0.94 ]
[0.40 0.66 0.55 0.43 0.82 0.62 0.65 0.69 0.58 0.81 0.91 0.74 0.86 0.61 0.62 0.32 0.26 0.07 0.25 0.65 0.28 0.14 0.80 0.54 0.54 0.32 0.69 0.61 0.83 0.35 0.09 0.15 0.57 0.20 0.53 0.02 0.90 0.57 0.57 0.31 0.59 0.03 0.03 0.58 0.12 0.55 0.30 0.08 0.89 0.77 0.95 0.73 0.14 0.90 0.85 0.91 0.63 1.00 0.50 0.78 0.88 0.60 0.10 0.09 0.42 0.71 0.90 0.11 0.30 0.33 0.28 ]
[0.05 0.71 0.70 0.46 0.45 0.74 0.98 0.82 0.51 0.73 0.57 0.61 0.97 0.42 0.56 1.00 0.93 0.68 0.26 0.57 0.12 0.47 0.18 0.97 0.81 0.26 0.85 0.97 0.43 0.39 0.13 0.09 0.29 0.11 0.92 0.60 0.62 0.79 0.11 0.49 0.97 0.53 0.47 0.27 0.44 0.43 0.51 0.14 0.17 0.99 0.92 0.28 0.99 0.27 0.42 0.22 0.70 0.50 1.00 0.26 0.28 0.94 0.45 0.76 0.50 0.19 0.06 0.39 0.87 0.30 0.46 ]
[0.46 0.64 0.80 0.12 0.07 0.41 0.34 0.01 0.70 0.20 0.44 0.96 0.66 0.94 0.57 0.75 0.28 0.02 0.97 0.72 0.24 0.69 0.81 0.28 0.38 0.22 0.95 0.94 0.79 0.18 0.30 0.66 0.72 0.65 0.96 0.74 0.54 0.31 0.82 0.23 0.27 0.01 0.91 0.83 0.78 0.60 0.16 0.02 0.60 0.45 0.62 0.66 0.49 0.69 0.86 0.39 0.18 0.78 0.26 1.00 0.52 0.20 0.84 0.26 0.81 0.21 0.43 0.14 0.03 0.25 0.91 ]
[0.11 0.83 0.77 0.64 0.82 0.28 0.38 0.56 0.95 0.47 0.88 0.83 0.45 0.45 0.84 0.25 0.84 0.86 0.81 0.20 0.12 0.54 0.99 0.19 0.57 0.77 0.54 0.74 0.13 0.07 0.99 0.72 0.30 0.64 0.39 0.45 0.74 0.57 0.62 0.84 0.75 0.64 0.93 0.65 0.77 0.90 0.00 0.74 0.31 0.75 0.48 0.36 0.59 0.59 0.04 0.50 0.19 0.88 0.28 0.52 1.00 0.72 0.60 0.64 0.86 0.90 0.93 0.55 0.91 0.62 0.05 ]
[0.58 0.04 0.58 0.55 0.77 0.38 0.66 0.45 0.78 0.97 0.36 1.00 0.90 0.81 0.48 0.90 0.95 0.71 0.98 0.07 0.54 1.00 0.20 0.92 0.06 0.59 0.51 0.21 0.11 0.08 0.39 0.60 0.77 0.24 0.40 0.39 0.36 0.59 0.65 0.68 0.81 0.94 0.54 0.01 0.83 0.94 0.58 0.44 0.46 0.86 0.23 0.64 0.69 0.82 0.04 0.24 0.96 0.60 0.94 0.20 0.72 1.00 0.74 0.25 0.76 0.48 0.61 0.47 1.00 0.47 0.85 ]
[0.21 0.10 0.75 0.35 0.12 0.96 0.20 0.20 0.33 0.57 0.37 0.28 0.98 0.74 0.79 0.13 0.31 0.14 0.47 0.35 0.11 0.63 0.21 0.17 0.52 0.68 0.87 0.26 0.35 0.98 0.29 0.48 0.57 0.62 0.94 0.42 0.52 0.47 0.77 0.74 0.70 0.59 0.33 0.00 0.28 0.36 0.11 0.38 0.11 0.82 0.59 0.13 0.03 0.48 0.18 0.13 0.22 0.10 0.45 0.84 0.60 0.74 1.00 0.12 0.50 0.34 0.34 0.48 0.69 0.60 0.70 ]
[0.59 0.07 0.84 0.13 0.18 0.48 0.58 0.32 0.19 0.33 0.24 0.14 0.78 0.06 0.54 0.85 0.63 0.82 0.83 0.68 0.49 0.46 0.65 0.66 0.94 0.03 0.10 0.72 0.36 0.86 0.88 0.78 0.30 0.51 0.75 0.25 0.11 0.68 0.26 0.70 0.65 0.23 0.20 0.89 0.87 0.47 0.39 0.72 0.14 0.36 0.65 0.53 0.67 0.88 0.90 0.14 0.78 0.09 0.76 0.26 0.64 0.25 0.12 1.00 0.30 0.07 0.76 0.70 0.80 0.11 0.05 ]
[0.72 0.55 0.43 0.28 0.88 0.51 0.11 0.08 0.87 0.82 0.49 0.86 0.33 0.94 0.36 0.39 0.77 0.67 0.47 0.23 0.81 0.98 0.10 0.66 0.66 0.45 0.02 0.96 0.27 0.16 0.48 0.58 0.27 0.92 0.54 0.51 0.60 0.91 0.68 0.70 0.28 0.94 0.19 0.41 0.76 0.16 0.66 0.18 0.42 0.98 0.84 0.99 0.77 0.36 0.54 0.56 0.42 0.42 0.50 0.81 0.86 0.76 0.50 0.30 1.00 0.67 0.58 0.66 0.65 0.10 0.51 ]
[0.96 0.76 0.05 0.69 0.27 0.70 0.30 0.02 0.43 0.01 0.65 0.01 0.65 0.82 0.81 0.29 0.54 0.29 0.82 0.04 0.22 0.83 0.11 0.19 0.28 0.99 0.11 0.99 0.26 0.81 0.71 0.81 0.05 0.12 0.49 0.94 0.19 0.27 0.49 0.74 0.29 0.53 0.77 0.84 0.82 0.01 0.38 0.11 0.71 0.48 0.31 0.11 0.83 0.56 0.58 0.90 0.69 0.71 0.19 0.21 0.90 0.48 0.34 0.07 0.67 1.00 0.16 0.33 0.92 0.83 0.71 ]
[0.08 0.69 0.12 0.06 0.43 0.95 0.76 0.74 0.27 0.35 0.18 0.91 0.92 0.57 0.14 0.74 0.07 0.70 0.60 0.44 0.29 0.73 0.07 0.86 0.20 0.79 0.45 0.42 0.47 0.10 0.40 0.58 0.38 0.40 0.65 0.10 1.00 0.24 0.33 0.02 0.40 0.13 0.33 0.73 0.75 0.08 0.64 0.18 0.94 0.43 0.39 0.25 0.34 0.47 0.23 0.85 0.70 0.90 0.06 0.43 0.93 0.61 0.34 0.76 0.58 0.16 1.00 0.27 0.27 0.16 1.00 ]
[0.80 0.80 0.86 0.44 0.72 0.49 0.65 0.77 0.39 0.84 0.58 0.43 0.80 0.76 0.27 0.24 0.66 0.40 1.00 0.43 0.85 0.66 0.52 0.89 0.52 0.75 0.19 0.08 0.97 0.06 0.77 0.93 0.27 0.03 0.51 0.52 0.21 0.75 0.11 0.34 0.58 0.62 0.20 0.30 0.64 0.48 0.57 0.77 0.24 0.94 0.66 0.03 0.45 0.83 0.72 0.83 0.03 0.11 0.39 0.14 0.55 0.47 0.48 0.70 0.66 0.33 0.27 1.00 0.64 0.50 0.97 ]
[0.16 0.69 0.57 0.69 0.82 0.97 0.81 0.09 0.25 0.69 0.64 0.88 0.06 0.73 0.67 0.30 0.20 0.15 0.31 0.45 0.48 0.93 0.42 0.52 0.10 0.56 0.60 0.33 0.54 0.65 0.47 0.64 0.41 0.62 0.47 0.52 0.88 0.02 0.04 0.66 0.14 0.95 0.62 0.16 0.34 0.79 0.53 0.80 0.83 0.82 0.23 0.01 0.50 0.17 0.05 0.03 0.39 0.30 0.87 0.03 0.91 1.00 0.69 0.80 0.65 0.92 0.27 0.64 1.00 0.06 0.83 ]
[0.21 0.94 0.49 0.34 0.67 0.18 0.52 0.77 0.08 0.09 0.32 0.91 0.10 0.07 0.73 0.70 0.50 0.55 0.33 0.13 0.60 0.84 0.66 0.19 0.39 0.15 0.58 0.11 0.88 0.54 0.12 0.92 0.85 0.10 0.26 0.40 0.71 0.73 0.63 0.66 0.08 0.46 0.20 0.50 0.73 0.21 0.85 0.23 0.51 0.13 0.20 0.16 0.10 0.84 0.65 0.31 0.67 0.33 0.30 0.25 0.62 0.47 0.60 0.11 0.10 0.83 0.16 0.50 0.06 1.00 0.69 ]
[0.12 0.27 0.31 0.81 0.53 0.64 0.84 0.56 0.55 0.78 0.88 0.04 0.90 0.43 0.69 0.15 0.39 0.17 0.96 0.79 0.66 0.27 0.74 0.07 0.00 0.53 0.01 0.64 0.10 0.85 0.82 0.46 0.88 0.19 0.76 0.21 0.95 0.29 0.99 0.60 0.59 0.56 0.29 0.43 0.99 0.71 0.79 0.19 0.12 0.08 0.00 0.58 0.81 0.57 0.10 0.45 0.94 0.28 0.46 0.91 0.05 0.85 0.70 0.05 0.51 0.71 1.00 0.97 0.83 0.69 1.00 ]
];
