D = 4;
n = [ 2 2 2 2 ];
N = 73;
d = [1 1 1 1 1 1 1 1 1 1 1 1 1 1 1 1 1 1 2 2 2 2 2 2 2 2 2 2 2 2 2 2 2 2 2 2 3 3 3 3 3 3 3 3 3 3 3 3 3 3 3 3 3 3 4 4 4 4 4 4 4 4 4 4 4 4 4 4 4 4 4 4 4 ];
m = [
[1.00 0.27 0.19 0.45 0.20 0.71 0.57 0.70 0.45 0.64 0.37 0.72 0.11 0.90 0.69 0.80 0.69 0.43 0.53 0.56 0.44 0.58 0.53 0.03 0.64 0.61 0.41 0.97 0.10 0.88 0.42 0.50 0.32 0.37 0.31 0.60 0.06 1.00 0.09 0.95 0.46 0.12 0.31 0.40 0.54 0.33 0.20 0.57 0.52 0.02 0.73 0.83 0.22 0.34 0.28 0.22 0.84 0.87 0.91 0.72 0.65 0.14 0.69 0.69 0.69 0.17 0.41 0.17 0.52 0.51 0.95 0.56 0.25 ]
[0.27 1.00 0.50 0.32 0.35 0.13 0.88 0.31 0.25 0.43 0.59 0.46 0.33 0.10 0.41 0.86 0.82 0.15 0.19 0.87 0.76 0.62 0.06 0.45 0.42 0.79 0.06 0.23 0.93 0.28 0.46 0.06 0.64 0.08 1.00 0.06 0.01 0.66 0.80 0.28 0.81 0.30 0.96 0.15 0.94 0.25 0.07 0.24 0.97 0.52 0.48 0.18 0.98 0.65 0.86 0.25 0.25 0.34 0.96 0.40 0.37 0.23 0.86 0.61 0.74 0.86 0.29 0.20 0.03 0.40 0.68 0.28 0.02 ]
[0.19 0.50 1.00 0.32 0.31 0.53 0.48 0.47 0.63 0.28 0.01 0.78 0.77 0.42 0.02 0.68 0.60 0.39 0.71 0.62 0.40 0.61 0.05 0.78 0.12 0.34 0.58 0.79 0.28 0.66 0.38 0.47 0.59 0.55 0.84 0.66 0.24 0.49 0.71 0.70 0.65 0.11 0.38 0.19 0.22 0.54 1.00 0.43 0.55 0.68 0.32 0.07 0.06 0.23 0.93 0.01 0.12 0.00 0.31 0.99 0.09 0.07 0.81 0.93 0.72 0.46 0.23 0.33 0.23 0.32 0.75 0.20 0.30 ]
[0.45 0.32 0.32 1.00 0.02 0.57 0.68 0.45 0.97 0.40 0.88 0.82 0.71 0.32 0.88 0.93 0.42 0.20 0.67 0.40 0.43 0.34 0.70 0.52 0.33 0.53 0.28 0.79 0.66 0.79 0.11 0.30 0.66 0.12 0.78 0.70 0.65 0.05 0.90 0.28 0.91 0.53 0.78 0.53 0.98 0.69 0.79 0.53 0.06 0.26 0.94 0.35 0.38 0.65 0.76 0.27 0.18 0.23 0.42 0.92 0.25 0.05 0.23 0.66 0.28 0.01 0.51 0.43 0.39 0.58 0.86 0.44 0.19 ]
[0.20 0.35 0.31 0.02 1.00 0.33 0.62 0.76 0.53 0.16 0.24 0.13 0.62 0.21 0.11 0.55 0.75 0.69 0.41 0.83 0.86 0.58 0.06 0.92 0.51 0.52 0.83 0.18 0.30 0.78 0.60 0.23 0.14 0.89 0.36 0.81 0.89 0.36 0.09 0.73 0.09 0.93 0.85 0.03 0.55 0.42 0.69 0.71 0.15 0.50 0.76 0.98 0.90 0.82 0.70 0.73 0.10 0.86 0.84 0.83 0.80 0.77 0.51 0.72 0.50 0.31 0.05 0.87 0.73 0.65 0.46 0.74 1.00 ]
[0.71 0.13 0.53 0.57 0.33 1.00 0.23 0.33 0.48 0.51 0.28 0.04 0.06 0.39 0.93 0.95 0.91 0.25 0.26 0.49 0.76 0.82 0.02 0.46 0.39 1.00 0.91 0.16 0.36 0.31 0.65 0.52 0.50 0.43 0.06 0.53 0.25 0.76 0.49 0.51 0.75 0.31 0.33 0.22 0.16 0.56 0.61 0.72 0.85 0.32 0.93 0.71 0.28 0.19 0.41 0.94 0.37 0.75 0.92 0.28 0.19 0.95 0.07 0.23 0.06 0.85 0.92 0.25 0.43 0.65 0.10 0.22 0.43 ]
[0.57 0.88 0.48 0.68 0.62 0.23 1.00 0.47 0.05 0.69 0.72 0.49 0.12 0.79 0.00 0.93 0.31 0.49 0.74 0.83 0.25 0.33 0.98 0.25 0.00 0.97 0.78 0.17 0.47 0.93 0.88 0.08 0.11 1.00 0.66 0.48 0.44 0.37 0.73 0.72 0.22 0.62 0.27 0.56 0.29 0.69 0.11 0.28 1.00 0.39 0.84 0.87 0.73 0.75 0.37 0.24 0.31 0.50 0.47 0.73 0.59 0.22 0.42 0.69 0.74 0.91 0.55 0.71 0.26 0.56 0.40 0.24 0.43 ]
[0.70 0.31 0.47 0.45 0.76 0.33 0.47 1.00 0.78 0.84 0.50 0.22 0.05 0.52 0.21 0.60 0.23 1.00 0.88 0.66 0.11 0.64 0.97 0.27 0.79 0.87 0.93 0.87 0.15 0.92 0.88 0.18 0.63 0.81 0.80 0.19 0.13 0.93 0.12 0.69 0.70 0.04 0.15 0.36 0.96 0.30 0.59 0.60 0.66 0.66 1.00 0.32 0.01 0.94 0.41 0.78 0.83 0.44 0.87 0.37 0.18 0.51 0.19 0.01 0.28 0.42 0.49 0.05 0.25 0.75 0.57 0.69 0.52 ]
[0.45 0.25 0.63 0.97 0.53 0.48 0.05 0.78 1.00 0.46 0.77 0.84 0.70 0.26 0.04 0.20 0.29 0.62 0.35 0.83 0.66 0.16 0.91 0.05 0.44 0.75 0.28 0.02 0.05 0.26 0.80 0.07 0.99 0.45 0.53 0.92 0.36 0.11 0.72 0.94 0.17 0.77 0.08 0.58 0.69 0.05 0.56 0.04 0.45 0.04 0.82 0.52 0.13 0.34 0.39 0.66 0.07 0.43 0.10 0.16 0.70 0.53 0.92 0.17 0.02 0.34 0.20 0.59 0.59 0.45 0.10 0.62 0.26 ]
[0.64 0.43 0.28 0.40 0.16 0.51 0.69 0.84 0.46 1.00 0.37 0.71 0.26 0.48 0.22 0.94 0.04 0.78 0.69 0.05 0.66 0.29 0.34 0.89 0.56 0.64 0.89 0.94 0.40 0.84 0.10 0.89 0.64 0.97 0.41 0.29 0.82 0.79 0.36 0.98 0.44 0.27 0.81 0.90 0.43 0.86 0.34 0.01 0.05 0.89 0.63 0.76 0.77 0.29 0.85 0.53 0.06 0.98 0.12 0.51 0.41 0.76 0.70 0.45 0.19 0.83 0.19 0.36 0.34 0.75 0.92 0.51 0.37 ]
[0.37 0.59 0.01 0.88 0.24 0.28 0.72 0.50 0.77 0.37 1.00 0.33 0.88 0.49 0.83 0.39 0.18 0.90 0.26 0.40 0.24 0.39 0.83 0.94 0.06 0.96 0.50 0.46 0.55 0.34 0.01 0.24 0.41 0.12 0.93 0.80 0.60 0.16 0.34 0.28 0.52 0.72 0.60 0.41 0.31 0.13 0.30 0.53 0.23 0.65 0.70 0.23 0.77 0.72 0.08 0.83 0.51 0.71 0.10 0.47 0.38 0.42 0.52 0.70 0.49 0.07 0.15 0.06 0.70 0.99 0.68 0.56 0.03 ]
[0.72 0.46 0.78 0.82 0.13 0.04 0.49 0.22 0.84 0.71 0.33 1.00 0.57 0.41 0.20 0.07 0.32 0.19 0.41 0.13 0.20 0.84 0.91 0.11 0.35 0.32 0.89 0.48 0.82 0.69 0.86 0.72 0.72 0.47 0.47 0.30 0.10 0.52 0.16 0.71 0.96 0.80 0.54 0.48 0.97 0.60 0.70 0.97 0.94 0.57 0.49 0.86 0.66 0.31 0.77 0.74 0.54 0.33 0.86 0.30 0.41 0.68 0.52 0.10 0.24 0.68 0.46 0.58 0.12 0.83 0.69 0.19 0.65 ]
[0.11 0.33 0.77 0.71 0.62 0.06 0.12 0.05 0.70 0.26 0.88 0.57 1.00 0.86 1.00 0.62 0.66 0.44 0.76 0.89 0.22 0.30 0.78 0.57 0.20 0.17 0.34 0.40 0.06 0.73 0.86 0.56 0.66 0.29 0.72 0.82 0.65 0.86 0.82 0.99 0.02 0.81 0.61 0.18 0.58 0.36 0.61 0.13 0.13 0.18 0.76 0.01 0.33 0.78 0.60 0.59 0.22 0.26 0.61 0.63 0.79 0.07 0.43 0.97 0.95 0.97 0.90 0.98 0.42 0.29 0.62 0.44 0.79 ]
[0.90 0.10 0.42 0.32 0.21 0.39 0.79 0.52 0.26 0.48 0.49 0.41 0.86 1.00 0.55 0.08 0.29 0.64 0.73 0.17 0.97 0.28 0.98 0.83 0.96 0.36 0.09 0.13 0.39 0.34 0.63 0.21 0.45 0.91 0.93 0.08 0.26 0.77 0.95 0.78 0.72 0.68 0.77 0.75 0.76 0.99 0.97 0.61 0.84 0.88 0.06 0.12 0.85 0.56 0.05 0.12 0.35 0.52 0.88 0.69 0.41 0.06 0.53 0.85 0.27 0.73 0.24 0.74 0.43 0.38 0.73 0.35 0.34 ]
[0.69 0.41 0.02 0.88 0.11 0.93 0.00 0.21 0.04 0.22 0.83 0.20 1.00 0.55 1.00 0.97 0.88 0.96 0.81 0.94 0.46 0.61 0.45 0.97 0.64 0.16 0.36 0.13 0.53 0.62 0.73 0.54 0.85 0.68 0.43 0.39 0.91 0.17 0.39 0.61 0.05 0.23 0.32 0.19 0.41 0.17 0.44 0.62 0.02 0.27 0.81 0.78 0.79 0.62 0.30 0.95 0.70 0.31 0.50 0.95 0.95 0.57 0.11 0.74 0.09 0.42 0.64 0.59 0.42 0.02 0.07 0.73 0.18 ]
[0.80 0.86 0.68 0.93 0.55 0.95 0.93 0.60 0.20 0.94 0.39 0.07 0.62 0.08 0.97 1.00 0.24 0.98 0.38 0.79 0.83 0.46 0.35 0.74 0.52 0.55 0.19 0.24 0.40 0.47 0.41 0.38 0.48 0.89 0.49 0.02 0.11 0.13 0.21 0.20 0.33 0.80 0.34 0.53 0.28 0.10 1.00 0.13 0.30 0.40 0.58 0.98 0.42 0.44 0.87 0.32 0.93 0.66 0.63 0.32 0.02 0.89 0.80 0.31 0.85 0.93 0.76 0.83 0.09 0.06 0.58 0.38 0.60 ]
[0.69 0.82 0.60 0.42 0.75 0.91 0.31 0.23 0.29 0.04 0.18 0.32 0.66 0.29 0.88 0.24 1.00 0.84 0.66 0.34 0.17 0.54 0.81 0.44 0.19 0.66 0.93 0.66 0.15 0.60 0.47 0.47 0.14 0.98 0.48 0.37 0.11 0.68 0.98 0.74 0.07 0.36 0.48 0.41 0.48 0.86 0.02 0.75 0.70 0.61 0.77 0.52 0.87 0.93 0.18 0.63 0.80 0.19 0.11 0.37 0.99 0.37 0.07 0.42 0.35 0.94 0.14 0.41 0.43 0.84 0.34 0.56 0.28 ]
[0.43 0.15 0.39 0.20 0.69 0.25 0.49 1.00 0.62 0.78 0.90 0.19 0.44 0.64 0.96 0.98 0.84 1.00 0.86 0.43 0.85 0.08 0.64 0.13 0.24 0.62 0.76 0.05 0.34 0.16 0.49 0.45 0.75 0.49 0.96 0.08 0.05 0.80 0.53 0.39 0.90 0.99 0.20 0.74 0.45 0.99 0.37 0.29 0.83 0.62 0.47 0.73 0.14 0.71 0.45 0.72 0.49 0.83 0.32 0.86 0.89 0.24 0.95 0.80 0.20 0.25 0.59 0.72 0.02 0.39 0.40 0.95 0.99 ]
[0.53 0.19 0.71 0.67 0.41 0.26 0.74 0.88 0.35 0.69 0.26 0.41 0.76 0.73 0.81 0.38 0.66 0.86 1.00 0.06 0.69 0.34 0.45 0.92 0.55 0.25 0.69 0.65 0.67 0.67 0.13 0.22 0.50 0.08 0.80 0.76 0.99 0.11 0.50 0.50 0.31 0.06 0.42 0.99 0.71 0.43 0.61 0.12 0.54 0.68 0.94 0.86 0.18 0.59 0.65 0.11 0.37 0.12 0.09 0.93 0.16 0.31 0.06 0.08 0.12 0.80 0.02 0.22 0.38 0.12 0.85 0.60 0.64 ]
[0.56 0.87 0.62 0.40 0.83 0.49 0.83 0.66 0.83 0.05 0.40 0.13 0.89 0.17 0.94 0.79 0.34 0.43 0.06 1.00 0.79 0.86 0.86 0.61 0.13 0.69 0.47 0.48 0.64 0.10 0.56 0.35 0.07 0.84 0.72 0.48 0.95 0.51 0.67 0.76 0.15 0.99 0.01 0.80 0.32 0.51 0.82 0.46 0.89 0.19 0.69 0.04 0.65 0.68 0.28 0.34 0.70 0.46 0.72 0.49 0.87 0.43 0.82 0.90 0.26 0.73 0.55 0.55 0.03 0.27 0.61 0.57 0.62 ]
[0.44 0.76 0.40 0.43 0.86 0.76 0.25 0.11 0.66 0.66 0.24 0.20 0.22 0.97 0.46 0.83 0.17 0.85 0.69 0.79 1.00 0.06 0.81 0.12 0.02 0.36 0.58 0.18 0.72 0.28 0.83 0.10 0.40 0.45 0.57 0.26 0.72 0.39 0.13 0.62 0.40 0.37 0.69 0.10 0.63 0.83 0.16 0.89 0.78 0.83 0.85 0.33 0.14 0.17 0.17 0.11 0.48 0.61 0.64 0.85 0.60 0.80 0.45 0.55 0.77 0.78 0.72 0.98 0.34 0.95 0.13 0.75 0.08 ]
[0.58 0.62 0.61 0.34 0.58 0.82 0.33 0.64 0.16 0.29 0.39 0.84 0.30 0.28 0.61 0.46 0.54 0.08 0.34 0.86 0.06 1.00 0.59 0.64 0.00 0.23 0.63 0.84 0.43 0.23 0.58 0.03 0.95 0.49 1.00 0.72 0.06 0.42 0.36 0.03 0.64 0.92 0.31 0.36 0.86 0.98 0.94 0.17 0.41 0.71 0.41 0.25 0.86 0.34 0.62 0.64 0.12 0.54 0.95 0.90 0.87 0.39 0.57 0.49 0.32 0.93 0.01 0.11 0.13 0.18 0.93 0.94 0.53 ]
[0.53 0.06 0.05 0.70 0.06 0.02 0.98 0.97 0.91 0.34 0.83 0.91 0.78 0.98 0.45 0.35 0.81 0.64 0.45 0.86 0.81 0.59 1.00 0.47 0.52 0.60 0.85 0.23 0.67 0.04 0.36 0.79 0.25 0.83 0.62 0.73 1.00 0.52 0.72 0.64 0.90 0.01 0.41 0.32 0.31 0.09 0.74 0.33 0.59 0.75 0.76 0.22 0.50 0.12 0.88 0.51 0.13 0.96 0.34 0.32 0.60 0.83 0.73 0.93 0.88 0.95 0.27 0.57 0.40 0.49 0.52 0.27 1.00 ]
[0.03 0.45 0.78 0.52 0.92 0.46 0.25 0.27 0.05 0.89 0.94 0.11 0.57 0.83 0.97 0.74 0.44 0.13 0.92 0.61 0.12 0.64 0.47 1.00 0.84 0.36 0.42 0.82 0.38 0.01 0.67 0.86 0.13 0.31 0.70 0.65 0.27 0.29 0.25 0.26 0.12 0.37 0.96 0.07 0.52 0.30 0.87 0.92 0.86 0.10 0.72 0.25 0.07 0.19 0.34 0.14 0.77 0.49 0.85 0.98 0.66 0.31 0.51 0.79 0.17 0.85 0.21 0.33 0.41 0.99 0.40 0.40 0.33 ]
[0.64 0.42 0.12 0.33 0.51 0.39 0.00 0.79 0.44 0.56 0.06 0.35 0.20 0.96 0.64 0.52 0.19 0.24 0.55 0.13 0.02 0.00 0.52 0.84 1.00 0.22 0.19 0.75 0.62 0.84 0.95 0.50 0.98 0.69 0.01 0.26 0.39 0.13 0.55 0.34 0.73 0.59 0.99 0.92 0.25 0.62 0.44 0.02 0.01 0.47 0.48 0.77 0.56 0.38 0.16 0.89 0.47 0.71 0.16 0.85 0.11 0.31 0.26 0.43 0.73 0.63 0.79 0.41 0.94 0.59 0.04 0.31 0.72 ]
[0.61 0.79 0.34 0.53 0.52 1.00 0.97 0.87 0.75 0.64 0.96 0.32 0.17 0.36 0.16 0.55 0.66 0.62 0.25 0.69 0.36 0.23 0.60 0.36 0.22 1.00 0.45 0.68 0.25 0.48 0.93 0.94 0.32 0.75 0.52 0.10 0.79 0.66 0.07 0.99 0.91 0.89 0.27 0.81 0.79 0.88 0.50 0.15 0.69 0.47 0.20 0.13 0.17 0.56 0.98 0.01 0.48 0.68 0.25 0.85 0.32 1.00 0.47 0.17 0.63 0.56 0.84 0.00 0.74 0.99 0.74 0.58 0.23 ]
[0.41 0.06 0.58 0.28 0.83 0.91 0.78 0.93 0.28 0.89 0.50 0.89 0.34 0.09 0.36 0.19 0.93 0.76 0.69 0.47 0.58 0.63 0.85 0.42 0.19 0.45 1.00 0.21 0.82 0.82 0.38 0.74 0.82 0.60 0.77 0.06 0.40 0.70 0.79 0.54 0.07 0.49 0.06 0.95 0.47 0.28 0.91 0.79 0.64 0.69 0.97 0.03 0.61 0.76 0.13 0.59 0.09 0.60 0.89 0.16 0.24 0.49 0.90 0.50 0.16 0.28 0.48 0.16 0.92 0.89 0.20 0.66 0.42 ]
[0.97 0.23 0.79 0.79 0.18 0.16 0.17 0.87 0.02 0.94 0.46 0.48 0.40 0.13 0.13 0.24 0.66 0.05 0.65 0.48 0.18 0.84 0.23 0.82 0.75 0.68 0.21 1.00 0.18 0.14 0.72 0.13 0.63 0.42 0.91 0.41 0.85 0.66 0.12 0.38 0.76 0.11 0.82 0.42 0.89 0.71 0.25 0.76 0.28 0.97 0.37 0.69 0.49 0.37 0.46 0.26 0.37 0.20 0.09 0.74 0.89 0.27 0.16 0.66 0.42 0.87 0.98 0.39 0.77 0.07 0.80 0.20 0.71 ]
[0.10 0.93 0.28 0.66 0.30 0.36 0.47 0.15 0.05 0.40 0.55 0.82 0.06 0.39 0.53 0.40 0.15 0.34 0.67 0.64 0.72 0.43 0.67 0.38 0.62 0.25 0.82 0.18 1.00 0.92 0.67 0.13 0.64 0.74 0.49 0.40 0.59 0.67 0.50 0.66 0.84 0.51 0.52 0.48 0.14 0.98 0.77 0.91 0.28 0.23 0.85 0.17 0.92 0.78 0.05 0.35 0.47 0.89 0.19 0.29 0.61 0.14 0.04 0.56 0.69 0.90 0.53 0.99 0.15 0.05 0.97 0.51 0.14 ]
[0.88 0.28 0.66 0.79 0.78 0.31 0.93 0.92 0.26 0.84 0.34 0.69 0.73 0.34 0.62 0.47 0.60 0.16 0.67 0.10 0.28 0.23 0.04 0.01 0.84 0.48 0.82 0.14 0.92 1.00 0.10 0.56 0.30 0.51 0.46 0.96 0.07 0.73 0.76 0.15 0.67 0.68 0.84 0.26 0.47 0.11 0.08 0.82 0.73 0.16 0.20 0.38 0.63 0.74 0.34 0.73 0.39 0.68 0.09 0.53 0.70 0.27 0.31 0.75 0.67 0.99 0.30 0.72 0.16 0.69 0.75 0.40 0.41 ]
[0.42 0.46 0.38 0.11 0.60 0.65 0.88 0.88 0.80 0.10 0.01 0.86 0.86 0.63 0.73 0.41 0.47 0.49 0.13 0.56 0.83 0.58 0.36 0.67 0.95 0.93 0.38 0.72 0.67 0.10 1.00 0.43 0.51 0.12 0.42 0.39 0.65 0.51 0.30 0.43 0.63 0.14 0.58 0.67 0.35 0.82 0.53 0.25 0.76 0.04 0.73 0.92 0.68 0.92 0.23 0.13 0.27 0.66 0.72 0.12 0.28 0.12 0.12 0.07 0.03 0.01 0.74 0.40 0.20 0.29 0.09 0.47 0.44 ]
[0.50 0.06 0.47 0.30 0.23 0.52 0.08 0.18 0.07 0.89 0.24 0.72 0.56 0.21 0.54 0.38 0.47 0.45 0.22 0.35 0.10 0.03 0.79 0.86 0.50 0.94 0.74 0.13 0.13 0.56 0.43 1.00 0.26 0.25 0.58 0.83 0.81 0.42 1.00 0.95 0.52 0.60 0.72 0.33 0.87 0.81 0.94 0.51 0.82 0.13 0.20 0.51 0.57 0.44 0.73 0.59 0.21 0.52 0.68 0.08 0.40 0.51 0.56 0.60 0.95 0.15 0.12 0.48 0.23 0.91 0.45 0.31 0.44 ]
[0.32 0.64 0.59 0.66 0.14 0.50 0.11 0.63 0.99 0.64 0.41 0.72 0.66 0.45 0.85 0.48 0.14 0.75 0.50 0.07 0.40 0.95 0.25 0.13 0.98 0.32 0.82 0.63 0.64 0.30 0.51 0.26 1.00 0.95 0.61 0.67 0.57 0.20 0.31 0.20 0.67 0.54 0.96 0.81 0.68 0.50 0.28 0.64 0.08 0.69 0.33 0.35 0.05 0.13 0.25 0.39 0.98 0.78 0.40 0.08 0.40 0.59 0.35 0.52 0.70 0.63 0.54 0.27 0.87 0.76 0.67 0.90 0.99 ]
[0.37 0.08 0.55 0.12 0.89 0.43 1.00 0.81 0.45 0.97 0.12 0.47 0.29 0.91 0.68 0.89 0.98 0.49 0.08 0.84 0.45 0.49 0.83 0.31 0.69 0.75 0.60 0.42 0.74 0.51 0.12 0.25 0.95 1.00 0.93 0.70 0.56 0.87 0.85 0.41 0.58 0.21 0.53 0.40 0.49 0.96 0.16 0.56 0.19 0.93 0.89 0.53 0.36 0.10 0.81 0.60 0.28 0.94 0.35 0.01 0.99 0.80 0.97 0.87 0.35 0.87 0.39 0.73 0.49 0.11 0.73 0.13 0.96 ]
[0.31 1.00 0.84 0.78 0.36 0.06 0.66 0.80 0.53 0.41 0.93 0.47 0.72 0.93 0.43 0.49 0.48 0.96 0.80 0.72 0.57 1.00 0.62 0.70 0.01 0.52 0.77 0.91 0.49 0.46 0.42 0.58 0.61 0.93 1.00 0.21 0.66 0.80 0.85 0.04 0.99 0.22 0.39 0.21 0.80 0.11 0.66 0.07 0.81 0.31 0.43 0.16 0.01 0.24 0.99 0.63 0.06 0.13 0.19 0.15 0.84 0.20 0.85 0.27 0.41 0.83 0.77 0.24 0.48 0.07 0.17 0.24 0.46 ]
[0.60 0.06 0.66 0.70 0.81 0.53 0.48 0.19 0.92 0.29 0.80 0.30 0.82 0.08 0.39 0.02 0.37 0.08 0.76 0.48 0.26 0.72 0.73 0.65 0.26 0.10 0.06 0.41 0.40 0.96 0.39 0.83 0.67 0.70 0.21 1.00 0.19 0.91 0.19 0.01 0.64 0.31 0.49 0.30 0.24 0.20 0.94 0.94 0.22 0.87 0.44 0.72 0.91 0.40 0.30 0.41 0.37 0.17 0.02 0.77 0.54 0.37 0.65 0.67 0.78 0.43 0.68 0.15 0.93 0.52 0.65 0.19 0.75 ]
[0.06 0.01 0.24 0.65 0.89 0.25 0.44 0.13 0.36 0.82 0.60 0.10 0.65 0.26 0.91 0.11 0.11 0.05 0.99 0.95 0.72 0.06 1.00 0.27 0.39 0.79 0.40 0.85 0.59 0.07 0.65 0.81 0.57 0.56 0.66 0.19 1.00 0.30 0.79 0.59 0.59 0.39 0.80 0.44 0.85 0.51 0.33 0.97 0.12 0.88 0.16 0.03 0.44 1.00 0.42 0.33 0.38 0.60 0.24 0.95 0.32 0.60 0.37 0.39 0.60 0.77 0.42 0.20 0.34 0.12 0.09 0.02 0.40 ]
[1.00 0.66 0.49 0.05 0.36 0.76 0.37 0.93 0.11 0.79 0.16 0.52 0.86 0.77 0.17 0.13 0.68 0.80 0.11 0.51 0.39 0.42 0.52 0.29 0.13 0.66 0.70 0.66 0.67 0.73 0.51 0.42 0.20 0.87 0.80 0.91 0.30 1.00 0.91 0.03 0.99 0.05 0.71 0.65 0.79 0.62 0.32 0.72 0.95 0.23 0.71 0.61 0.98 0.99 0.17 0.01 0.03 0.28 0.89 0.70 0.84 0.38 0.69 0.87 0.06 0.29 0.46 0.41 0.95 0.22 0.21 0.86 0.31 ]
[0.09 0.80 0.71 0.90 0.09 0.49 0.73 0.12 0.72 0.36 0.34 0.16 0.82 0.95 0.39 0.21 0.98 0.53 0.50 0.67 0.13 0.36 0.72 0.25 0.55 0.07 0.79 0.12 0.50 0.76 0.30 1.00 0.31 0.85 0.85 0.19 0.79 0.91 1.00 0.76 0.37 0.88 0.96 0.16 0.86 0.92 0.39 0.80 0.91 0.87 0.36 0.80 0.54 0.37 0.29 0.47 0.81 0.02 0.05 0.89 0.79 0.01 0.18 0.21 0.79 0.08 0.59 0.70 0.33 0.33 0.63 0.99 0.67 ]
[0.95 0.28 0.70 0.28 0.73 0.51 0.72 0.69 0.94 0.98 0.28 0.71 0.99 0.78 0.61 0.20 0.74 0.39 0.50 0.76 0.62 0.03 0.64 0.26 0.34 0.99 0.54 0.38 0.66 0.15 0.43 0.95 0.20 0.41 0.04 0.01 0.59 0.03 0.76 1.00 0.76 0.70 0.01 0.27 0.30 0.76 0.95 0.47 0.58 0.41 0.10 0.99 0.47 0.97 0.42 0.36 0.39 0.26 0.22 0.43 0.16 0.03 0.87 0.29 0.02 0.75 0.11 0.74 0.59 0.36 0.28 0.58 0.20 ]
[0.46 0.81 0.65 0.91 0.09 0.75 0.22 0.70 0.17 0.44 0.52 0.96 0.02 0.72 0.05 0.33 0.07 0.90 0.31 0.15 0.40 0.64 0.90 0.12 0.73 0.91 0.07 0.76 0.84 0.67 0.63 0.52 0.67 0.58 0.99 0.64 0.59 0.99 0.37 0.76 1.00 0.13 0.22 0.92 0.97 0.22 0.63 0.21 0.71 0.20 0.60 0.77 0.50 0.75 0.68 0.09 0.66 0.85 0.05 0.94 0.43 0.39 0.12 0.48 0.07 0.06 0.56 0.18 0.37 0.92 0.30 0.95 0.17 ]
[0.12 0.30 0.11 0.53 0.93 0.31 0.62 0.04 0.77 0.27 0.72 0.80 0.81 0.68 0.23 0.80 0.36 0.99 0.06 0.99 0.37 0.92 0.01 0.37 0.59 0.89 0.49 0.11 0.51 0.68 0.14 0.60 0.54 0.21 0.22 0.31 0.39 0.05 0.88 0.70 0.13 1.00 0.48 0.68 0.62 0.38 0.77 0.50 0.03 0.57 0.78 0.95 0.08 0.51 0.20 0.52 0.94 0.29 0.89 0.36 0.40 0.98 0.08 0.88 0.16 0.73 0.72 0.13 0.52 0.31 0.38 0.17 0.12 ]
[0.31 0.96 0.38 0.78 0.85 0.33 0.27 0.15 0.08 0.81 0.60 0.54 0.61 0.77 0.32 0.34 0.48 0.20 0.42 0.01 0.69 0.31 0.41 0.96 0.99 0.27 0.06 0.82 0.52 0.84 0.58 0.72 0.96 0.53 0.39 0.49 0.80 0.71 0.96 0.01 0.22 0.48 1.00 0.07 0.33 0.31 0.75 0.38 0.48 0.17 0.94 0.43 0.84 0.37 0.11 0.30 0.40 0.12 0.53 0.29 0.78 0.66 0.04 0.80 0.94 0.41 0.69 0.40 0.38 0.26 0.90 0.50 0.81 ]
[0.40 0.15 0.19 0.53 0.03 0.22 0.56 0.36 0.58 0.90 0.41 0.48 0.18 0.75 0.19 0.53 0.41 0.74 0.99 0.80 0.10 0.36 0.32 0.07 0.92 0.81 0.95 0.42 0.48 0.26 0.67 0.33 0.81 0.40 0.21 0.30 0.44 0.65 0.16 0.27 0.92 0.68 0.07 1.00 0.31 0.93 0.95 0.71 0.89 0.00 0.46 0.51 0.68 0.28 1.00 0.05 0.41 0.31 0.57 0.65 0.98 0.11 0.17 0.33 0.07 0.06 0.32 0.54 0.59 0.61 0.45 0.21 0.37 ]
[0.54 0.94 0.22 0.98 0.55 0.16 0.29 0.96 0.69 0.43 0.31 0.97 0.58 0.76 0.41 0.28 0.48 0.45 0.71 0.32 0.63 0.86 0.31 0.52 0.25 0.79 0.47 0.89 0.14 0.47 0.35 0.87 0.68 0.49 0.80 0.24 0.85 0.79 0.86 0.30 0.97 0.62 0.33 0.31 1.00 0.28 0.17 0.14 0.95 0.84 0.63 0.34 0.01 0.82 0.70 0.66 0.29 0.52 0.63 0.07 0.04 0.32 0.08 0.44 0.54 0.20 0.02 0.33 0.44 0.70 0.62 0.52 0.27 ]
[0.33 0.25 0.54 0.69 0.42 0.56 0.69 0.30 0.05 0.86 0.13 0.60 0.36 0.99 0.17 0.10 0.86 0.99 0.43 0.51 0.83 0.98 0.09 0.30 0.62 0.88 0.28 0.71 0.98 0.11 0.82 0.81 0.50 0.96 0.11 0.20 0.51 0.62 0.92 0.76 0.22 0.38 0.31 0.93 0.28 1.00 0.73 0.61 0.32 0.62 0.76 0.40 0.31 0.11 0.95 0.29 0.67 0.31 0.23 0.33 0.02 0.35 0.93 0.23 0.47 0.08 0.83 0.04 0.11 0.43 0.83 0.84 0.26 ]
[0.20 0.07 1.00 0.79 0.69 0.61 0.11 0.59 0.56 0.34 0.30 0.70 0.61 0.97 0.44 1.00 0.02 0.37 0.61 0.82 0.16 0.94 0.74 0.87 0.44 0.50 0.91 0.25 0.77 0.08 0.53 0.94 0.28 0.16 0.66 0.94 0.33 0.32 0.39 0.95 0.63 0.77 0.75 0.95 0.17 0.73 1.00 0.74 0.94 0.54 0.85 0.47 0.08 0.35 0.44 0.48 0.11 0.12 0.28 0.65 0.66 0.25 0.56 0.08 0.69 0.22 0.10 0.70 0.08 0.14 0.33 0.11 0.16 ]
[0.57 0.24 0.43 0.53 0.71 0.72 0.28 0.60 0.04 0.01 0.53 0.97 0.13 0.61 0.62 0.13 0.75 0.29 0.12 0.46 0.89 0.17 0.33 0.92 0.02 0.15 0.79 0.76 0.91 0.82 0.25 0.51 0.64 0.56 0.07 0.94 0.97 0.72 0.80 0.47 0.21 0.50 0.38 0.71 0.14 0.61 0.74 1.00 0.52 0.88 0.01 0.31 0.16 0.35 0.70 0.87 0.26 0.18 0.35 0.33 0.74 0.52 0.88 0.51 0.06 1.00 0.41 0.12 0.39 0.32 0.00 0.79 0.96 ]
[0.52 0.97 0.55 0.06 0.15 0.85 1.00 0.66 0.45 0.05 0.23 0.94 0.13 0.84 0.02 0.30 0.70 0.83 0.54 0.89 0.78 0.41 0.59 0.86 0.01 0.69 0.64 0.28 0.28 0.73 0.76 0.82 0.08 0.19 0.81 0.22 0.12 0.95 0.91 0.58 0.71 0.03 0.48 0.89 0.95 0.32 0.94 0.52 1.00 0.86 0.32 0.33 0.05 0.54 0.81 0.13 0.06 0.38 0.41 0.33 0.09 0.60 0.43 0.38 0.29 0.34 0.57 0.94 0.85 0.16 0.10 0.04 0.90 ]
[0.02 0.52 0.68 0.26 0.50 0.32 0.39 0.66 0.04 0.89 0.65 0.57 0.18 0.88 0.27 0.40 0.61 0.62 0.68 0.19 0.83 0.71 0.75 0.10 0.47 0.47 0.69 0.97 0.23 0.16 0.04 0.13 0.69 0.93 0.31 0.87 0.88 0.23 0.87 0.41 0.20 0.57 0.17 0.00 0.84 0.62 0.54 0.88 0.86 1.00 0.87 1.00 0.43 0.77 0.62 0.28 0.12 0.53 0.79 0.49 0.84 0.86 0.38 0.72 0.09 0.24 0.43 0.43 0.90 0.70 0.79 0.98 0.43 ]
[0.73 0.48 0.32 0.94 0.76 0.93 0.84 1.00 0.82 0.63 0.70 0.49 0.76 0.06 0.81 0.58 0.77 0.47 0.94 0.69 0.85 0.41 0.76 0.72 0.48 0.20 0.97 0.37 0.85 0.20 0.73 0.20 0.33 0.89 0.43 0.44 0.16 0.71 0.36 0.10 0.60 0.78 0.94 0.46 0.63 0.76 0.85 0.01 0.32 0.87 1.00 0.16 0.78 0.80 0.35 0.83 0.78 0.81 0.02 0.64 0.30 0.79 0.88 0.12 0.62 0.05 0.66 0.49 0.43 0.53 0.32 0.95 0.34 ]
[0.83 0.18 0.07 0.35 0.98 0.71 0.87 0.32 0.52 0.76 0.23 0.86 0.01 0.12 0.78 0.98 0.52 0.73 0.86 0.04 0.33 0.25 0.22 0.25 0.77 0.13 0.03 0.69 0.17 0.38 0.92 0.51 0.35 0.53 0.16 0.72 0.03 0.61 0.80 0.99 0.77 0.95 0.43 0.51 0.34 0.40 0.47 0.31 0.33 1.00 0.16 1.00 0.16 0.97 0.67 0.82 0.86 0.88 0.26 0.10 0.76 0.24 0.10 0.58 0.73 0.98 0.87 0.60 0.16 0.94 0.55 0.64 0.26 ]
[0.22 0.98 0.06 0.38 0.90 0.28 0.73 0.01 0.13 0.77 0.77 0.66 0.33 0.85 0.79 0.42 0.87 0.14 0.18 0.65 0.14 0.86 0.50 0.07 0.56 0.17 0.61 0.49 0.92 0.63 0.68 0.57 0.05 0.36 0.01 0.91 0.44 0.98 0.54 0.47 0.50 0.08 0.84 0.68 0.01 0.31 0.08 0.16 0.05 0.43 0.78 0.16 1.00 0.75 0.08 0.05 0.50 0.60 0.48 0.35 0.87 0.54 0.73 0.70 0.19 0.12 0.68 0.74 0.97 0.46 0.50 0.54 0.55 ]
[0.34 0.65 0.23 0.65 0.82 0.19 0.75 0.94 0.34 0.29 0.72 0.31 0.78 0.56 0.62 0.44 0.93 0.71 0.59 0.68 0.17 0.34 0.12 0.19 0.38 0.56 0.76 0.37 0.78 0.74 0.92 0.44 0.13 0.10 0.24 0.40 1.00 0.99 0.37 0.97 0.75 0.51 0.37 0.28 0.82 0.11 0.35 0.35 0.54 0.77 0.80 0.97 0.75 1.00 0.18 0.60 0.36 0.81 0.03 0.23 0.84 0.91 0.16 0.88 0.75 0.75 0.67 0.92 0.95 0.65 0.38 0.45 0.13 ]
[0.28 0.86 0.93 0.76 0.70 0.41 0.37 0.41 0.39 0.85 0.08 0.77 0.60 0.05 0.30 0.87 0.18 0.45 0.65 0.28 0.17 0.62 0.88 0.34 0.16 0.98 0.13 0.46 0.05 0.34 0.23 0.73 0.25 0.81 0.99 0.30 0.42 0.17 0.29 0.42 0.68 0.20 0.11 1.00 0.70 0.95 0.44 0.70 0.81 0.62 0.35 0.67 0.08 0.18 1.00 0.30 0.69 0.51 0.97 0.16 0.34 1.00 0.62 0.97 0.11 0.19 0.35 0.70 0.38 0.06 0.79 0.64 0.92 ]
[0.22 0.25 0.01 0.27 0.73 0.94 0.24 0.78 0.66 0.53 0.83 0.74 0.59 0.12 0.95 0.32 0.63 0.72 0.11 0.34 0.11 0.64 0.51 0.14 0.89 0.01 0.59 0.26 0.35 0.73 0.13 0.59 0.39 0.60 0.63 0.41 0.33 0.01 0.47 0.36 0.09 0.52 0.30 0.05 0.66 0.29 0.48 0.87 0.13 0.28 0.83 0.82 0.05 0.60 0.30 1.00 0.47 0.63 0.85 0.05 0.08 0.33 0.99 0.62 0.96 0.73 0.91 0.01 0.68 0.61 0.99 0.22 0.94 ]
[0.84 0.25 0.12 0.18 0.10 0.37 0.31 0.83 0.07 0.06 0.51 0.54 0.22 0.35 0.70 0.93 0.80 0.49 0.37 0.70 0.48 0.12 0.13 0.77 0.47 0.48 0.09 0.37 0.47 0.39 0.27 0.21 0.98 0.28 0.06 0.37 0.38 0.03 0.81 0.39 0.66 0.94 0.40 0.41 0.29 0.67 0.11 0.26 0.06 0.12 0.78 0.86 0.50 0.36 0.69 0.47 1.00 0.20 0.98 0.60 0.15 0.54 0.37 0.29 0.73 0.44 0.51 0.45 0.99 0.84 0.03 0.93 0.33 ]
[0.87 0.34 0.00 0.23 0.86 0.75 0.50 0.44 0.43 0.98 0.71 0.33 0.26 0.52 0.31 0.66 0.19 0.83 0.12 0.46 0.61 0.54 0.96 0.49 0.71 0.68 0.60 0.20 0.89 0.68 0.66 0.52 0.78 0.94 0.13 0.17 0.60 0.28 0.02 0.26 0.85 0.29 0.12 0.31 0.52 0.31 0.12 0.18 0.38 0.53 0.81 0.88 0.60 0.81 0.51 0.63 0.20 1.00 0.94 0.41 0.26 0.94 0.56 0.13 0.02 0.17 0.91 0.83 0.35 0.13 0.60 0.68 0.76 ]
[0.91 0.96 0.31 0.42 0.84 0.92 0.47 0.87 0.10 0.12 0.10 0.86 0.61 0.88 0.50 0.63 0.11 0.32 0.09 0.72 0.64 0.95 0.34 0.85 0.16 0.25 0.89 0.09 0.19 0.09 0.72 0.68 0.40 0.35 0.19 0.02 0.24 0.89 0.05 0.22 0.05 0.89 0.53 0.57 0.63 0.23 0.28 0.35 0.41 0.79 0.02 0.26 0.48 0.03 0.97 0.85 0.98 0.94 1.00 0.61 0.68 0.51 0.18 0.50 0.48 0.39 0.12 0.34 0.95 0.38 0.71 0.34 0.31 ]
[0.72 0.40 0.99 0.92 0.83 0.28 0.73 0.37 0.16 0.51 0.47 0.30 0.63 0.69 0.95 0.32 0.37 0.86 0.93 0.49 0.85 0.90 0.32 0.98 0.85 0.85 0.16 0.74 0.29 0.53 0.12 0.08 0.08 0.01 0.15 0.77 0.95 0.70 0.89 0.43 0.94 0.36 0.29 0.65 0.07 0.33 0.65 0.33 0.33 0.49 0.64 0.10 0.35 0.23 0.16 0.05 0.60 0.41 0.61 1.00 0.55 0.08 0.71 0.70 0.98 0.17 0.33 0.87 0.67 0.44 0.30 0.26 0.40 ]
[0.65 0.37 0.09 0.25 0.80 0.19 0.59 0.18 0.70 0.41 0.38 0.41 0.79 0.41 0.95 0.02 0.99 0.89 0.16 0.87 0.60 0.87 0.60 0.66 0.11 0.32 0.24 0.89 0.61 0.70 0.28 0.40 0.40 0.99 0.84 0.54 0.32 0.84 0.79 0.16 0.43 0.40 0.78 0.98 0.04 0.02 0.66 0.74 0.09 0.84 0.30 0.76 0.87 0.84 0.34 0.08 0.15 0.26 0.68 0.55 1.00 0.26 0.83 0.95 0.49 0.22 0.02 0.69 0.26 0.50 0.87 0.08 0.64 ]
[0.14 0.23 0.07 0.05 0.77 0.95 0.22 0.51 0.53 0.76 0.42 0.68 0.07 0.06 0.57 0.89 0.37 0.24 0.31 0.43 0.80 0.39 0.83 0.31 0.31 1.00 0.49 0.27 0.14 0.27 0.12 0.51 0.59 0.80 0.20 0.37 0.60 0.38 0.01 0.03 0.39 0.98 0.66 0.11 0.32 0.35 0.25 0.52 0.60 0.86 0.79 0.24 0.54 0.91 1.00 0.33 0.54 0.94 0.51 0.08 0.26 1.00 0.80 0.45 0.84 0.92 0.92 0.70 0.94 0.85 0.07 0.58 0.08 ]
[0.69 0.86 0.81 0.23 0.51 0.07 0.42 0.19 0.92 0.70 0.52 0.52 0.43 0.53 0.11 0.80 0.07 0.95 0.06 0.82 0.45 0.57 0.73 0.51 0.26 0.47 0.90 0.16 0.04 0.31 0.12 0.56 0.35 0.97 0.85 0.65 0.37 0.69 0.18 0.87 0.12 0.08 0.04 0.17 0.08 0.93 0.56 0.88 0.43 0.38 0.88 0.10 0.73 0.16 0.62 0.99 0.37 0.56 0.18 0.71 0.83 0.80 1.00 0.61 0.96 0.63 0.66 0.80 0.89 0.08 0.66 0.71 0.66 ]
[0.69 0.61 0.93 0.66 0.72 0.23 0.69 0.01 0.17 0.45 0.70 0.10 0.97 0.85 0.74 0.31 0.42 0.80 0.08 0.90 0.55 0.49 0.93 0.79 0.43 0.17 0.50 0.66 0.56 0.75 0.07 0.60 0.52 0.87 0.27 0.67 0.39 0.87 0.21 0.29 0.48 0.88 0.80 0.33 0.44 0.23 0.08 0.51 0.38 0.72 0.12 0.58 0.70 0.88 0.97 0.62 0.29 0.13 0.50 0.70 0.95 0.45 0.61 1.00 0.13 0.90 0.12 0.57 0.85 0.71 0.91 0.49 0.78 ]
[0.69 0.74 0.72 0.28 0.50 0.06 0.74 0.28 0.02 0.19 0.49 0.24 0.95 0.27 0.09 0.85 0.35 0.20 0.12 0.26 0.77 0.32 0.88 0.17 0.73 0.63 0.16 0.42 0.69 0.67 0.03 0.95 0.70 0.35 0.41 0.78 0.60 0.06 0.79 0.02 0.07 0.16 0.94 0.07 0.54 0.47 0.69 0.06 0.29 0.09 0.62 0.73 0.19 0.75 0.11 0.96 0.73 0.02 0.48 0.98 0.49 0.84 0.96 0.13 1.00 0.86 0.11 0.62 0.31 0.58 0.19 0.60 0.15 ]
[0.17 0.86 0.46 0.01 0.31 0.85 0.91 0.42 0.34 0.83 0.07 0.68 0.97 0.73 0.42 0.93 0.94 0.25 0.80 0.73 0.78 0.93 0.95 0.85 0.63 0.56 0.28 0.87 0.90 0.99 0.01 0.15 0.63 0.87 0.83 0.43 0.77 0.29 0.08 0.75 0.06 0.73 0.41 0.06 0.20 0.08 0.22 1.00 0.34 0.24 0.05 0.98 0.12 0.75 0.19 0.73 0.44 0.17 0.39 0.17 0.22 0.92 0.63 0.90 0.86 1.00 0.63 0.58 0.24 0.54 0.44 0.60 0.97 ]
[0.41 0.29 0.23 0.51 0.05 0.92 0.55 0.49 0.20 0.19 0.15 0.46 0.90 0.24 0.64 0.76 0.14 0.59 0.02 0.55 0.72 0.01 0.27 0.21 0.79 0.84 0.48 0.98 0.53 0.30 0.74 0.12 0.54 0.39 0.77 0.68 0.42 0.46 0.59 0.11 0.56 0.72 0.69 0.32 0.02 0.83 0.10 0.41 0.57 0.43 0.66 0.87 0.68 0.67 0.35 0.91 0.51 0.91 0.12 0.33 0.02 0.92 0.66 0.12 0.11 0.63 1.00 0.42 0.74 0.90 0.14 0.79 0.75 ]
[0.17 0.20 0.33 0.43 0.87 0.25 0.71 0.05 0.59 0.36 0.06 0.58 0.98 0.74 0.59 0.83 0.41 0.72 0.22 0.55 0.98 0.11 0.57 0.33 0.41 0.00 0.16 0.39 0.99 0.72 0.40 0.48 0.27 0.73 0.24 0.15 0.20 0.41 0.70 0.74 0.18 0.13 0.40 0.54 0.33 0.04 0.70 0.12 0.94 0.43 0.49 0.60 0.74 0.92 0.70 0.01 0.45 0.83 0.34 0.87 0.69 0.70 0.80 0.57 0.62 0.58 0.42 1.00 0.39 0.00 0.04 0.60 0.47 ]
[0.52 0.03 0.23 0.39 0.73 0.43 0.26 0.25 0.59 0.34 0.70 0.12 0.42 0.43 0.42 0.09 0.43 0.02 0.38 0.03 0.34 0.13 0.40 0.41 0.94 0.74 0.92 0.77 0.15 0.16 0.20 0.23 0.87 0.49 0.48 0.93 0.34 0.95 0.33 0.59 0.37 0.52 0.38 0.59 0.44 0.11 0.08 0.39 0.85 0.90 0.43 0.16 0.97 0.95 0.38 0.68 0.99 0.35 0.95 0.67 0.26 0.94 0.89 0.85 0.31 0.24 0.74 0.39 1.00 0.48 0.36 0.12 0.97 ]
[0.51 0.40 0.32 0.58 0.65 0.65 0.56 0.75 0.45 0.75 0.99 0.83 0.29 0.38 0.02 0.06 0.84 0.39 0.12 0.27 0.95 0.18 0.49 0.99 0.59 0.99 0.89 0.07 0.05 0.69 0.29 0.91 0.76 0.11 0.07 0.52 0.12 0.22 0.33 0.36 0.92 0.31 0.26 0.61 0.70 0.43 0.14 0.32 0.16 0.70 0.53 0.94 0.46 0.65 0.06 0.61 0.84 0.13 0.38 0.44 0.50 0.85 0.08 0.71 0.58 0.54 0.90 0.00 0.48 1.00 0.95 0.37 0.73 ]
[0.95 0.68 0.75 0.86 0.46 0.10 0.40 0.57 0.10 0.92 0.68 0.69 0.62 0.73 0.07 0.58 0.34 0.40 0.85 0.61 0.13 0.93 0.52 0.40 0.04 0.74 0.20 0.80 0.97 0.75 0.09 0.45 0.67 0.73 0.17 0.65 0.09 0.21 0.63 0.28 0.30 0.38 0.90 0.45 0.62 0.83 0.33 0.00 0.10 0.79 0.32 0.55 0.50 0.38 0.79 0.99 0.03 0.60 0.71 0.30 0.87 0.07 0.66 0.91 0.19 0.44 0.14 0.04 0.36 0.95 1.00 0.08 0.55 ]
[0.56 0.28 0.20 0.44 0.74 0.22 0.24 0.69 0.62 0.51 0.56 0.19 0.44 0.35 0.73 0.38 0.56 0.95 0.60 0.57 0.75 0.94 0.27 0.40 0.31 0.58 0.66 0.20 0.51 0.40 0.47 0.31 0.90 0.13 0.24 0.19 0.02 0.86 0.99 0.58 0.95 0.17 0.50 0.21 0.52 0.84 0.11 0.79 0.04 0.98 0.95 0.64 0.54 0.45 0.64 0.22 0.93 0.68 0.34 0.26 0.08 0.58 0.71 0.49 0.60 0.60 0.79 0.60 0.12 0.37 0.08 1.00 0.98 ]
[0.25 0.02 0.30 0.19 1.00 0.43 0.43 0.52 0.26 0.37 0.03 0.65 0.79 0.34 0.18 0.60 0.28 0.99 0.64 0.62 0.08 0.53 1.00 0.33 0.72 0.23 0.42 0.71 0.14 0.41 0.44 0.44 0.99 0.96 0.46 0.75 0.40 0.31 0.67 0.20 0.17 0.12 0.81 0.37 0.27 0.26 0.16 0.96 0.90 0.43 0.34 0.26 0.55 0.13 0.92 0.94 0.33 0.76 0.31 0.40 0.64 0.08 0.66 0.78 0.15 0.97 0.75 0.47 0.97 0.73 0.55 0.98 1.00 ]
];
