D = 6;
n = [ 4 4 4 4 4 4 ];
N = 87;
d = [1 1 1 1 1 1 1 1 1 1 1 1 1 1 2 2 2 2 2 2 2 2 2 2 2 2 2 2 3 3 3 3 3 3 3 3 3 3 3 3 3 3 4 4 4 4 4 4 4 4 4 4 4 4 4 4 5 5 5 5 5 5 5 5 5 5 5 5 5 5 6 6 6 6 6 6 6 6 6 6 6 6 6 6 6 6 6 ];
m = [
[1.00 0.49 0.07 0.65 0.66 0.51 0.52 0.90 0.32 0.30 0.02 0.92 0.63 0.91 0.80 0.86 0.41 0.79 0.45 0.42 0.92 0.87 0.66 0.78 0.72 0.36 0.14 0.95 0.47 0.86 0.70 0.99 0.79 0.01 0.89 0.91 0.90 0.35 0.23 0.54 0.17 0.51 0.22 0.35 0.53 0.98 0.33 0.02 0.94 0.53 0.05 0.92 0.94 0.80 0.48 0.82 0.94 0.03 0.02 0.32 0.68 0.66 0.01 0.88 0.38 0.46 0.43 0.41 0.23 0.81 0.47 0.25 0.10 0.85 0.64 0.69 0.16 0.61 0.28 0.55 0.21 0.93 0.13 0.62 0.74 0.97 0.11 ]
[0.49 1.00 0.73 0.05 0.87 0.62 0.63 0.47 0.01 0.31 0.79 0.81 0.10 0.26 0.89 0.14 0.11 0.22 0.53 0.15 0.65 0.38 0.60 0.71 0.46 0.54 0.80 0.29 0.71 0.24 0.77 0.50 0.68 0.40 0.17 0.38 1.00 0.55 0.30 0.53 0.92 0.14 0.16 0.74 0.00 0.08 0.32 0.19 1.00 0.92 0.27 0.09 0.48 0.28 0.95 0.97 0.31 0.59 0.03 0.66 0.09 0.24 0.62 0.98 0.15 0.65 0.82 0.21 0.98 0.16 0.19 0.78 0.03 0.54 0.51 0.27 0.20 0.81 0.13 0.77 0.48 0.26 0.15 0.27 0.31 0.87 0.63 ]
[0.07 0.73 1.00 0.56 0.49 0.21 0.24 0.24 0.27 0.80 0.76 0.18 0.75 0.67 0.25 0.76 0.95 0.16 0.81 0.57 0.47 0.18 0.01 0.31 0.37 0.09 0.82 0.61 0.03 0.53 0.81 0.54 0.24 0.10 0.63 0.10 0.79 0.79 0.29 0.45 0.17 0.72 0.57 0.87 0.97 0.60 0.22 0.38 0.56 0.67 0.02 0.15 0.19 0.24 0.22 0.92 0.95 0.22 0.89 0.97 0.20 0.26 0.68 0.97 0.36 0.07 0.43 0.62 0.20 0.62 0.62 0.37 0.41 0.82 0.41 0.28 0.71 0.19 0.83 0.49 0.07 0.28 0.64 0.11 0.12 0.35 0.27 ]
[0.65 0.05 0.56 1.00 0.26 0.18 0.77 0.47 0.13 0.33 0.46 0.34 0.66 0.49 0.61 0.33 0.92 0.40 0.86 0.93 0.81 0.85 0.20 0.93 0.05 0.86 0.57 0.41 0.11 0.91 0.37 0.50 0.23 0.13 0.06 0.19 0.22 0.09 0.36 0.42 0.08 0.66 0.96 0.31 0.50 0.54 0.68 0.14 0.53 0.41 0.02 0.62 1.00 0.78 0.82 0.79 0.48 0.05 0.06 0.17 0.10 0.30 0.43 0.77 0.32 0.65 0.61 0.46 0.29 0.93 0.01 0.57 0.84 0.94 0.92 0.84 0.71 0.02 0.11 0.61 0.16 0.71 0.98 0.23 0.72 0.59 0.40 ]
[0.66 0.87 0.49 0.26 1.00 0.24 0.21 0.79 0.43 0.96 0.58 0.05 0.46 0.10 0.59 0.04 0.50 0.23 0.92 0.11 0.86 0.55 0.85 0.82 0.22 0.38 0.50 0.05 0.87 0.03 0.54 0.68 0.56 0.83 0.77 0.13 0.68 0.27 0.37 0.99 0.05 0.21 0.49 0.37 0.59 0.98 0.16 0.78 0.71 0.57 0.22 0.74 0.96 0.62 0.82 0.55 0.17 0.25 0.74 0.77 0.15 0.20 0.10 0.99 0.41 0.22 0.90 0.10 0.97 0.29 0.56 0.71 0.91 0.82 0.02 0.72 0.71 0.11 0.07 0.46 0.15 0.90 0.03 0.54 0.80 0.38 0.84 ]
[0.51 0.62 0.21 0.18 0.24 1.00 0.64 0.83 0.06 0.67 0.77 0.05 0.75 0.23 0.11 0.58 0.06 0.64 0.89 0.79 0.90 0.62 0.87 0.26 0.23 0.63 0.94 0.11 0.45 0.50 0.91 0.73 0.48 0.99 0.53 0.21 0.31 0.16 0.16 0.82 0.95 0.10 0.32 0.60 0.94 0.41 0.95 0.72 0.29 0.78 0.84 0.04 0.20 0.69 1.00 0.55 0.96 0.12 0.16 0.91 0.59 0.20 0.09 0.32 0.03 0.29 0.99 0.60 0.16 0.55 0.85 0.81 0.44 0.67 0.44 0.57 0.86 0.36 0.75 0.58 0.76 0.41 0.69 0.67 0.86 0.78 0.26 ]
[0.52 0.63 0.24 0.77 0.21 0.64 1.00 0.97 0.50 0.69 0.92 0.35 0.91 0.25 0.01 0.36 0.16 0.69 0.33 0.86 0.83 0.42 0.04 0.27 0.86 0.75 0.43 0.42 0.60 0.24 0.63 0.28 0.02 0.32 0.18 0.25 0.22 0.77 0.55 0.05 0.59 0.11 0.10 0.33 0.41 0.76 0.34 0.39 0.46 0.96 0.03 0.13 0.62 0.51 0.37 0.83 0.57 0.61 0.12 0.14 0.87 0.48 0.56 0.49 0.76 0.72 0.79 0.29 0.84 0.59 0.57 0.84 0.27 0.90 0.61 0.50 0.97 0.98 0.22 0.97 0.03 0.09 0.57 0.81 0.28 0.01 0.60 ]
[0.90 0.47 0.24 0.47 0.79 0.83 0.97 1.00 0.26 0.16 0.43 0.52 0.11 0.22 0.43 0.15 0.96 0.45 0.85 0.82 0.38 0.33 0.22 0.82 0.36 0.01 0.55 0.28 0.31 0.68 0.44 0.39 0.19 0.41 0.42 0.71 0.53 0.43 0.63 0.43 0.82 0.42 0.21 0.57 0.26 0.03 0.19 0.01 0.42 0.39 0.77 0.64 0.29 0.70 0.84 0.12 0.04 0.66 0.95 0.07 0.42 0.96 0.17 0.21 0.29 0.89 0.60 0.11 0.22 0.16 0.85 0.07 0.56 0.31 0.17 0.97 0.88 0.76 0.10 0.38 0.98 0.21 0.01 0.14 0.09 0.64 0.86 ]
[0.32 0.01 0.27 0.13 0.43 0.06 0.50 0.26 1.00 0.53 0.25 0.80 0.12 0.05 0.78 0.60 0.43 0.14 0.47 0.77 0.53 0.52 0.75 0.71 0.66 0.85 0.44 0.67 0.75 0.67 0.32 0.39 0.84 0.86 0.97 0.38 0.26 0.04 0.42 0.67 0.24 0.66 0.25 0.19 0.46 0.78 0.13 0.89 0.60 0.16 0.09 0.93 0.92 0.08 0.02 0.53 0.39 0.36 0.88 0.20 0.12 0.34 0.07 0.50 0.34 0.57 0.28 0.91 0.10 0.35 0.01 0.83 0.17 0.79 0.20 0.87 0.84 0.54 0.06 0.88 0.19 0.23 0.53 0.30 0.53 1.00 0.45 ]
[0.30 0.31 0.80 0.33 0.96 0.67 0.69 0.16 0.53 1.00 0.47 0.69 0.84 0.04 0.50 0.96 0.16 0.14 0.48 0.79 0.84 0.25 0.58 0.28 0.56 0.76 0.31 0.14 0.57 0.91 0.23 0.69 0.81 0.82 0.84 0.92 0.75 0.55 0.03 0.44 0.05 0.81 0.21 0.15 0.34 0.98 0.70 0.88 0.14 0.75 0.76 0.08 0.51 0.26 0.85 0.59 0.94 0.82 0.98 0.33 0.02 0.90 0.82 0.58 0.95 0.54 0.24 0.57 0.17 0.89 0.21 0.37 0.24 0.04 0.71 0.97 0.45 0.12 0.47 0.83 0.20 0.82 0.73 0.95 0.67 0.97 0.68 ]
[0.02 0.79 0.76 0.46 0.58 0.77 0.92 0.43 0.25 0.47 1.00 0.34 0.24 0.27 0.34 0.52 0.82 0.72 0.33 0.87 0.76 0.80 0.31 0.52 0.08 0.84 0.07 0.71 0.58 0.14 0.33 0.99 0.29 0.51 0.78 0.39 0.09 0.58 0.39 0.69 0.25 0.34 0.55 0.94 0.77 0.05 0.57 0.91 0.30 0.81 0.02 0.04 0.34 0.44 0.95 0.72 0.48 0.30 0.52 0.82 0.27 0.09 0.14 0.03 0.73 0.52 0.95 0.77 0.33 0.91 0.78 0.15 0.99 0.06 0.73 0.42 0.35 0.59 0.17 0.92 0.22 0.78 0.43 0.75 0.18 0.81 0.00 ]
[0.92 0.81 0.18 0.34 0.05 0.05 0.35 0.52 0.80 0.69 0.34 1.00 0.37 0.90 0.86 0.38 0.63 0.36 0.84 0.83 0.90 0.94 0.27 0.11 0.75 0.85 0.63 0.71 0.44 0.45 0.03 0.34 0.67 0.60 0.34 0.86 0.37 0.46 0.63 0.14 0.81 0.37 0.29 0.82 0.53 0.83 0.06 0.22 0.99 0.81 0.71 0.18 0.29 0.89 0.51 0.37 0.68 0.90 0.53 0.89 0.29 0.66 0.59 0.61 0.25 0.87 0.20 0.06 0.30 0.38 0.12 0.37 0.52 0.73 0.02 0.35 0.43 0.09 0.60 0.27 0.45 0.58 0.38 0.14 0.01 0.31 0.24 ]
[0.63 0.10 0.75 0.66 0.46 0.75 0.91 0.11 0.12 0.84 0.24 0.37 1.00 0.83 0.02 0.15 0.92 0.17 0.18 0.16 0.34 0.41 0.22 0.88 0.00 1.00 0.89 0.69 0.84 0.64 0.54 0.99 0.23 0.29 0.75 0.59 0.50 0.83 0.83 0.42 0.36 0.48 0.12 0.52 0.89 0.59 0.05 0.31 0.51 0.83 0.84 0.99 0.35 0.36 0.66 0.25 0.82 0.24 0.88 0.88 0.18 0.57 0.06 0.53 0.04 0.97 0.70 0.84 0.49 0.40 0.75 0.21 0.47 0.66 0.55 0.21 0.16 0.62 0.74 0.43 0.73 0.25 0.98 0.51 0.72 0.14 0.44 ]
[0.91 0.26 0.67 0.49 0.10 0.23 0.25 0.22 0.05 0.04 0.27 0.90 0.83 1.00 0.76 0.76 0.42 1.00 0.22 0.61 0.09 0.38 0.23 0.95 0.18 0.04 0.35 0.63 0.12 0.53 0.92 0.67 0.55 0.98 0.67 0.76 0.58 0.86 0.76 0.00 0.71 0.06 0.22 0.35 0.56 0.78 0.24 0.76 0.38 0.55 0.33 0.57 0.44 0.05 0.33 0.48 0.61 0.92 0.83 0.24 0.85 0.10 0.62 0.66 0.34 0.25 0.87 0.61 0.88 0.74 0.75 0.85 0.72 0.24 0.66 0.89 0.34 0.79 0.77 0.70 0.82 0.34 0.06 0.13 0.15 0.19 0.11 ]
[0.80 0.89 0.25 0.61 0.59 0.11 0.01 0.43 0.78 0.50 0.34 0.86 0.02 0.76 1.00 0.67 0.67 0.42 0.54 0.97 0.04 0.02 0.70 0.47 0.21 0.59 0.24 0.97 0.70 0.86 0.18 0.59 0.53 0.19 0.93 0.47 0.27 0.92 0.81 0.94 0.84 0.95 0.72 0.08 0.63 0.82 0.35 0.58 0.45 0.34 0.16 0.99 0.65 0.47 0.12 0.30 0.32 0.64 0.61 0.57 0.46 0.67 0.89 0.02 0.56 0.03 0.08 0.82 0.93 0.12 0.26 0.02 0.24 0.35 0.78 0.96 0.54 0.10 0.92 0.35 0.97 0.85 0.67 0.83 0.57 0.17 0.97 ]
[0.86 0.14 0.76 0.33 0.04 0.58 0.36 0.15 0.60 0.96 0.52 0.38 0.15 0.76 0.67 1.00 0.54 0.13 0.89 0.74 0.19 0.38 0.55 1.00 0.50 0.68 0.72 0.93 0.46 0.18 0.65 0.26 0.18 0.86 0.65 0.72 0.61 0.20 0.69 0.01 0.43 0.10 0.78 0.51 0.15 0.63 0.06 0.25 0.47 0.30 0.72 0.36 0.90 0.49 0.12 0.51 0.99 0.04 0.95 0.69 0.60 0.36 0.62 0.72 0.58 0.57 0.60 0.11 0.67 0.93 0.19 0.71 0.51 0.50 0.68 0.76 0.36 0.49 0.36 0.04 0.83 0.93 0.41 0.60 0.02 0.34 0.86 ]
[0.41 0.11 0.95 0.92 0.50 0.06 0.16 0.96 0.43 0.16 0.82 0.63 0.92 0.42 0.67 0.54 1.00 0.54 0.19 0.73 0.33 0.90 0.01 0.68 0.08 0.46 0.43 0.44 0.97 0.85 0.68 0.91 0.46 0.05 0.61 0.04 0.33 0.60 0.44 0.13 0.94 0.62 0.17 0.51 0.00 0.53 0.95 0.28 0.07 0.56 0.58 0.38 0.86 0.30 0.83 0.04 0.13 0.61 0.42 0.59 0.23 0.79 0.51 0.02 0.40 0.94 0.35 0.56 0.25 0.67 0.13 0.96 0.05 0.73 0.75 0.60 0.55 0.52 0.03 0.39 0.76 0.38 0.41 0.05 0.14 0.80 0.61 ]
[0.79 0.22 0.16 0.40 0.23 0.64 0.69 0.45 0.14 0.14 0.72 0.36 0.17 1.00 0.42 0.13 0.54 1.00 0.05 0.72 0.61 0.99 0.22 0.33 0.25 0.61 0.69 0.23 0.80 0.70 0.72 0.50 0.56 0.75 0.98 0.87 0.98 0.94 0.95 0.20 0.37 0.42 0.45 0.16 0.99 0.38 0.05 0.22 0.93 0.72 0.81 0.04 0.09 0.30 0.45 0.65 0.64 0.31 0.92 0.59 0.95 0.35 0.01 0.08 0.82 0.12 0.32 0.62 0.84 0.33 0.85 0.43 0.64 0.87 0.43 0.61 0.45 0.59 0.28 0.24 0.21 0.39 0.78 0.02 0.27 0.92 0.53 ]
[0.45 0.53 0.81 0.86 0.92 0.89 0.33 0.85 0.47 0.48 0.33 0.84 0.18 0.22 0.54 0.89 0.19 0.05 1.00 0.18 0.71 0.75 0.13 0.34 0.03 0.91 0.03 0.92 0.11 0.27 0.87 0.15 0.99 0.86 0.04 0.31 0.34 0.43 0.57 0.49 0.08 0.93 0.26 0.43 0.17 0.11 0.42 0.11 0.17 0.66 0.86 0.09 0.67 0.42 0.32 0.40 0.84 0.26 0.27 0.25 0.69 0.93 0.36 0.38 0.54 0.76 0.19 0.76 0.44 0.80 0.66 0.40 0.28 0.42 0.42 0.39 0.25 0.03 0.01 0.47 0.07 0.13 0.17 0.64 0.18 0.77 0.86 ]
[0.42 0.15 0.57 0.93 0.11 0.79 0.86 0.82 0.77 0.79 0.87 0.83 0.16 0.61 0.97 0.74 0.73 0.72 0.18 1.00 0.31 0.04 0.23 0.30 0.53 0.40 0.98 0.38 0.49 0.97 0.29 0.59 0.76 0.57 0.40 0.09 0.33 0.81 0.45 0.58 0.85 0.18 0.11 0.20 0.92 0.56 0.88 0.99 0.91 0.16 0.21 0.12 0.81 0.97 0.32 0.70 0.01 0.15 0.76 0.22 0.38 0.76 0.52 0.96 0.23 0.81 0.30 0.28 0.41 0.70 0.96 0.04 0.03 0.44 0.74 0.19 0.69 0.80 0.23 0.69 0.60 0.94 0.58 0.38 0.96 0.36 0.87 ]
[0.92 0.65 0.47 0.81 0.86 0.90 0.83 0.38 0.53 0.84 0.76 0.90 0.34 0.09 0.04 0.19 0.33 0.61 0.71 0.31 1.00 0.36 0.91 0.79 0.88 0.14 0.62 0.71 0.02 0.26 0.09 0.95 0.07 0.53 0.12 1.00 0.28 0.43 0.13 0.82 0.60 0.83 0.29 0.84 0.97 0.56 0.37 0.19 0.56 0.44 0.34 0.95 0.03 0.97 0.56 0.65 0.61 0.41 0.70 0.48 0.07 0.81 0.67 0.85 0.99 0.02 0.76 0.13 0.90 0.26 0.59 0.67 0.03 0.44 0.96 0.63 0.63 0.44 0.31 0.68 0.43 0.44 0.51 0.57 0.84 0.40 0.93 ]
[0.87 0.38 0.18 0.85 0.55 0.62 0.42 0.33 0.52 0.25 0.80 0.94 0.41 0.38 0.02 0.38 0.90 0.99 0.75 0.04 0.36 1.00 0.66 0.08 0.06 0.86 0.34 0.37 0.02 0.78 0.74 0.69 0.70 0.78 0.47 0.04 0.02 0.53 0.26 0.81 0.08 0.79 0.66 0.99 0.44 0.96 0.66 0.10 0.51 0.66 0.30 0.88 0.72 0.83 0.78 0.42 0.51 0.63 0.88 0.86 0.51 0.91 0.04 0.87 0.81 0.52 0.70 0.85 0.21 0.93 0.36 0.12 0.94 0.88 0.37 0.58 0.84 0.40 0.03 0.13 0.67 0.78 0.20 0.82 0.31 0.55 0.17 ]
[0.66 0.60 0.01 0.20 0.85 0.87 0.04 0.22 0.75 0.58 0.31 0.27 0.22 0.23 0.70 0.55 0.01 0.22 0.13 0.23 0.91 0.66 1.00 0.62 0.24 0.32 0.16 0.57 0.94 0.83 0.26 0.80 0.83 0.12 0.27 0.42 0.89 0.78 0.54 0.42 0.32 0.21 0.44 0.26 0.59 0.10 0.50 0.80 0.63 0.65 0.00 0.19 0.66 0.17 0.81 0.34 0.82 0.53 0.53 0.21 0.24 0.82 0.35 0.66 0.58 0.96 0.38 0.38 0.20 0.11 0.45 0.47 0.09 0.78 0.95 0.11 0.23 0.77 0.40 0.48 0.67 0.77 0.16 0.77 0.45 0.53 0.89 ]
[0.78 0.71 0.31 0.93 0.82 0.26 0.27 0.82 0.71 0.28 0.52 0.11 0.88 0.95 0.47 1.00 0.68 0.33 0.34 0.30 0.79 0.08 0.62 1.00 0.35 0.20 0.20 0.99 0.37 0.23 0.10 0.05 0.55 0.93 0.37 0.19 0.25 0.72 0.95 0.47 0.75 0.23 0.70 0.97 0.72 0.25 0.85 0.72 0.66 0.79 0.95 0.15 0.16 0.70 0.12 0.50 0.12 0.99 0.16 0.73 0.72 0.97 0.01 0.23 0.51 0.12 0.98 0.01 0.91 0.98 0.18 0.60 0.71 0.37 0.21 0.83 0.00 0.98 0.72 0.56 0.93 0.78 0.62 0.43 0.81 0.92 0.89 ]
[0.72 0.46 0.37 0.05 0.22 0.23 0.86 0.36 0.66 0.56 0.08 0.75 0.00 0.18 0.21 0.50 0.08 0.25 0.03 0.53 0.88 0.06 0.24 0.35 1.00 0.24 0.24 0.91 0.16 0.71 0.82 0.02 0.27 0.43 0.88 0.49 0.98 0.44 0.12 0.32 0.19 0.83 0.03 0.77 0.76 0.55 0.39 0.56 0.26 0.60 0.62 0.24 0.57 0.21 1.00 0.66 0.97 0.14 0.32 0.01 0.93 0.58 0.01 0.72 0.45 0.31 0.84 0.85 0.68 0.82 0.20 0.57 0.90 0.65 0.82 0.28 0.63 0.88 0.15 0.75 0.46 0.16 0.98 0.56 0.90 0.21 0.38 ]
[0.36 0.54 0.09 0.86 0.38 0.63 0.75 0.01 0.85 0.76 0.84 0.85 1.00 0.04 0.59 0.68 0.46 0.61 0.91 0.40 0.14 0.86 0.32 0.20 0.24 1.00 0.08 0.55 0.99 0.73 0.53 0.97 0.23 0.72 0.01 0.01 0.05 0.90 0.25 0.99 0.45 0.60 0.81 0.48 0.13 0.67 0.74 0.87 0.22 0.15 0.71 0.94 0.97 0.02 0.49 0.95 0.52 0.73 0.70 0.26 0.66 0.10 0.63 0.18 0.56 0.09 0.15 0.94 1.00 0.20 0.30 0.48 0.74 0.53 0.43 0.13 0.91 0.25 0.07 0.10 0.19 0.87 0.37 0.32 0.07 0.60 0.50 ]
[0.14 0.80 0.82 0.57 0.50 0.94 0.43 0.55 0.44 0.31 0.07 0.63 0.89 0.35 0.24 0.72 0.43 0.69 0.03 0.98 0.62 0.34 0.16 0.20 0.24 0.08 1.00 0.43 0.67 0.12 0.89 0.89 0.40 0.21 0.44 0.38 0.98 0.83 0.82 0.02 0.67 0.26 0.30 0.61 0.38 0.86 0.55 0.17 0.70 0.47 1.00 0.79 0.81 0.17 0.33 0.75 0.53 0.86 0.19 0.60 0.25 0.91 0.64 0.51 0.44 0.11 0.96 0.02 0.62 0.83 0.17 0.83 0.35 0.67 0.23 0.32 0.14 0.58 0.26 0.83 0.67 0.04 0.96 0.57 0.05 0.32 0.22 ]
[0.95 0.29 0.61 0.41 0.05 0.11 0.42 0.28 0.67 0.14 0.71 0.71 0.69 0.63 0.97 0.93 0.44 0.23 0.92 0.38 0.71 0.37 0.57 0.99 0.91 0.55 0.43 1.00 0.52 0.26 0.84 0.97 0.67 0.49 0.41 0.59 0.27 0.49 0.91 0.03 0.77 0.34 0.75 0.04 0.95 0.12 0.61 0.38 0.34 0.79 0.48 0.30 0.92 0.80 0.44 0.10 0.43 0.94 0.70 0.47 0.54 0.12 0.97 0.79 0.44 0.93 0.27 0.34 0.16 0.78 0.66 0.05 0.67 1.00 0.88 0.99 0.19 0.99 0.43 0.31 0.20 0.15 0.21 0.23 0.42 0.53 0.67 ]
[0.47 0.71 0.03 0.11 0.87 0.45 0.60 0.31 0.75 0.57 0.58 0.44 0.84 0.12 0.70 0.46 0.97 0.80 0.11 0.49 0.02 0.02 0.94 0.37 0.16 0.99 0.67 0.52 1.00 0.29 0.78 0.32 0.77 0.15 0.75 0.17 0.80 0.86 0.76 0.28 0.26 0.75 0.60 0.25 0.02 0.08 0.37 0.40 0.20 0.18 0.46 0.32 0.98 0.46 0.67 0.73 0.83 0.13 0.49 0.35 0.75 0.78 0.40 0.97 0.42 0.43 0.11 0.12 0.47 0.53 0.44 0.38 0.15 0.76 0.05 0.78 0.02 0.28 0.60 0.42 0.60 0.54 0.65 0.93 0.74 0.09 0.51 ]
[0.86 0.24 0.53 0.91 0.03 0.50 0.24 0.68 0.67 0.91 0.14 0.45 0.64 0.53 0.86 0.18 0.85 0.70 0.27 0.97 0.26 0.78 0.83 0.23 0.71 0.73 0.12 0.26 0.29 1.00 0.61 0.33 0.30 0.34 0.69 0.28 0.40 0.82 0.71 0.81 0.75 0.59 0.82 0.36 0.62 0.20 0.51 0.36 0.35 0.76 0.93 0.31 0.96 0.58 0.35 0.77 0.77 0.55 0.92 0.86 0.25 0.82 0.35 0.91 0.18 0.77 0.02 0.06 0.36 0.17 0.72 0.92 0.87 0.92 0.71 0.81 0.09 0.39 0.19 0.82 0.04 0.62 0.58 0.87 0.75 0.92 0.12 ]
[0.70 0.77 0.81 0.37 0.54 0.91 0.63 0.44 0.32 0.23 0.33 0.03 0.54 0.92 0.18 0.65 0.68 0.72 0.87 0.29 0.09 0.74 0.26 0.10 0.82 0.53 0.89 0.84 0.78 0.61 1.00 0.83 0.88 0.15 0.90 0.11 0.86 0.89 0.94 0.05 0.35 0.09 0.06 0.05 0.92 0.45 0.79 0.72 0.25 0.24 0.30 0.03 0.28 0.53 0.68 0.51 0.85 0.13 0.76 0.65 0.02 0.86 0.96 0.65 0.02 0.35 0.90 0.37 0.41 0.19 0.48 0.43 0.10 0.77 0.01 0.43 0.54 0.28 0.18 0.75 0.99 0.96 0.92 0.64 0.50 0.50 0.35 ]
[0.99 0.50 0.54 0.50 0.68 0.73 0.28 0.39 0.39 0.69 0.99 0.34 0.99 0.67 0.59 0.26 0.91 0.50 0.15 0.59 0.95 0.69 0.80 0.05 0.02 0.97 0.89 0.97 0.32 0.33 0.83 1.00 0.20 0.38 0.62 0.64 0.55 0.19 0.92 0.99 0.09 0.31 0.39 0.33 0.79 0.24 0.17 0.02 0.50 0.20 0.02 0.29 0.98 0.49 0.39 0.73 0.73 0.49 0.70 0.32 0.48 0.80 0.94 0.59 0.51 0.17 0.95 0.68 0.65 0.50 0.61 0.30 0.99 0.59 0.59 0.68 0.05 0.37 0.08 0.99 0.40 0.05 0.27 0.38 0.18 0.88 0.85 ]
[0.79 0.68 0.24 0.23 0.56 0.48 0.02 0.19 0.84 0.81 0.29 0.67 0.23 0.55 0.53 0.18 0.46 0.56 0.99 0.76 0.07 0.70 0.83 0.55 0.27 0.23 0.40 0.67 0.77 0.30 0.88 0.20 1.00 0.93 0.61 0.08 0.06 0.98 0.16 0.73 0.66 0.15 0.15 0.26 0.35 0.21 0.70 0.05 0.22 0.20 0.36 0.20 0.90 0.84 0.35 0.35 0.06 0.62 0.59 0.25 0.97 0.53 0.81 0.65 0.91 0.96 0.06 0.67 0.49 0.14 0.62 0.54 0.33 0.75 0.55 0.08 0.08 0.26 0.09 0.16 0.22 0.81 0.19 0.69 0.70 0.93 0.63 ]
[0.01 0.40 0.10 0.13 0.83 0.99 0.32 0.41 0.86 0.82 0.51 0.60 0.29 0.98 0.19 0.86 0.05 0.75 0.86 0.57 0.53 0.78 0.12 0.93 0.43 0.72 0.21 0.49 0.15 0.34 0.15 0.38 0.93 1.00 0.37 0.68 0.05 0.31 0.53 0.44 0.31 0.64 0.16 0.35 0.48 0.70 0.83 0.60 0.93 0.73 0.65 0.41 0.52 0.24 0.27 0.21 0.58 0.55 0.20 0.64 0.82 0.49 0.94 0.68 0.88 0.44 0.13 0.28 0.89 0.41 0.78 0.34 0.25 0.87 0.34 0.56 0.63 0.32 0.27 0.38 0.08 0.95 0.99 0.47 0.56 0.87 0.69 ]
[0.89 0.17 0.63 0.06 0.77 0.53 0.18 0.42 0.97 0.84 0.78 0.34 0.75 0.67 0.93 0.65 0.61 0.98 0.04 0.40 0.12 0.47 0.27 0.37 0.88 0.01 0.44 0.41 0.75 0.69 0.90 0.62 0.61 0.37 1.00 0.99 0.24 0.43 0.91 0.48 0.27 0.49 0.00 0.68 0.37 0.10 0.78 0.65 0.77 0.48 0.48 0.63 0.11 0.60 0.14 0.11 0.86 0.13 0.01 0.16 0.29 0.22 0.53 0.39 0.93 0.39 0.03 0.76 0.99 0.54 0.62 0.22 0.10 0.08 0.47 0.96 0.33 0.34 0.98 0.98 0.91 0.39 0.60 0.06 0.68 0.12 0.68 ]
[0.91 0.38 0.10 0.19 0.13 0.21 0.25 0.71 0.38 0.92 0.39 0.86 0.59 0.76 0.47 0.72 0.04 0.87 0.31 0.09 1.00 0.04 0.42 0.19 0.49 0.01 0.38 0.59 0.17 0.28 0.11 0.64 0.08 0.68 0.99 1.00 0.24 0.23 0.79 0.15 0.12 0.40 0.86 0.26 0.06 0.30 0.24 0.51 0.98 0.95 0.18 0.33 0.53 0.98 0.72 0.88 0.41 0.60 0.91 0.21 0.26 0.07 0.17 0.91 0.09 0.87 0.53 0.47 0.54 0.20 0.10 0.90 0.43 0.38 0.23 0.54 0.23 0.72 0.03 0.16 0.62 0.50 0.24 0.10 0.56 0.53 0.29 ]
[0.90 1.00 0.79 0.22 0.68 0.31 0.22 0.53 0.26 0.75 0.09 0.37 0.50 0.58 0.27 0.61 0.33 0.98 0.34 0.33 0.28 0.02 0.89 0.25 0.98 0.05 0.98 0.27 0.80 0.40 0.86 0.55 0.06 0.05 0.24 0.24 1.00 0.58 0.96 0.60 0.98 0.67 0.77 0.79 0.89 0.78 0.48 0.51 0.58 0.00 0.09 0.61 0.18 0.55 0.49 0.61 0.18 0.14 0.95 0.12 0.72 0.67 0.23 0.53 0.78 0.71 0.15 0.39 0.52 0.49 0.09 0.16 0.03 0.38 0.32 0.05 0.28 0.19 0.80 0.80 0.07 0.37 0.25 0.89 0.59 0.47 0.73 ]
[0.35 0.55 0.79 0.09 0.27 0.16 0.77 0.43 0.04 0.55 0.58 0.46 0.83 0.86 0.92 0.20 0.60 0.94 0.43 0.81 0.43 0.53 0.78 0.72 0.44 0.90 0.83 0.49 0.86 0.82 0.89 0.19 0.98 0.31 0.43 0.23 0.58 1.00 0.97 0.73 0.85 0.44 0.21 0.22 0.90 0.79 0.47 0.75 0.02 0.54 0.33 0.99 0.11 0.14 0.33 0.43 0.92 0.23 0.61 0.93 0.66 0.16 0.87 0.71 0.43 0.93 0.94 0.01 0.76 0.23 0.34 0.57 0.92 0.80 0.10 0.83 0.16 0.90 0.79 0.83 0.47 0.47 0.72 0.60 0.86 0.25 0.61 ]
[0.23 0.30 0.29 0.36 0.37 0.16 0.55 0.63 0.42 0.03 0.39 0.63 0.83 0.76 0.81 0.69 0.44 0.95 0.57 0.45 0.13 0.26 0.54 0.95 0.12 0.25 0.82 0.91 0.76 0.71 0.94 0.92 0.16 0.53 0.91 0.79 0.96 0.97 1.00 0.56 0.68 0.18 0.17 0.48 0.36 0.30 0.81 0.26 0.92 0.91 0.73 0.18 0.76 0.35 0.82 0.85 0.52 0.70 0.31 0.88 0.89 0.53 0.44 0.80 0.48 0.94 0.37 0.00 0.30 0.04 0.16 0.45 0.70 0.94 0.93 0.60 0.19 0.72 0.94 0.65 0.82 0.18 0.22 0.76 0.36 0.90 0.88 ]
[0.54 0.53 0.45 0.42 0.99 0.82 0.05 0.43 0.67 0.44 0.69 0.14 0.42 0.00 0.94 0.01 0.13 0.20 0.49 0.58 0.82 0.81 0.42 0.47 0.32 0.99 0.02 0.03 0.28 0.81 0.05 0.99 0.73 0.44 0.48 0.15 0.60 0.73 0.56 1.00 0.68 0.00 0.02 0.30 0.66 0.69 0.90 0.53 0.98 0.27 0.73 0.12 0.91 0.63 0.44 0.03 0.57 0.64 0.13 0.92 0.57 0.48 0.32 0.39 0.54 0.33 0.13 0.25 0.49 0.59 0.56 0.23 0.51 0.75 0.88 0.91 0.52 0.99 0.01 0.07 0.48 0.17 0.50 0.03 0.80 0.51 0.13 ]
[0.17 0.92 0.17 0.08 0.05 0.95 0.59 0.82 0.24 0.05 0.25 0.81 0.36 0.71 0.84 0.43 0.94 0.37 0.08 0.85 0.60 0.08 0.32 0.75 0.19 0.45 0.67 0.77 0.26 0.75 0.35 0.09 0.66 0.31 0.27 0.12 0.98 0.85 0.68 0.68 1.00 0.35 0.45 0.35 0.15 0.54 0.63 0.18 0.21 0.29 0.69 0.74 0.84 0.78 0.59 0.56 0.44 0.76 0.77 0.21 0.73 0.82 0.10 0.18 0.04 0.46 0.22 0.32 0.39 0.41 0.35 0.13 0.97 0.79 0.62 0.79 0.41 0.91 0.33 0.12 0.33 0.96 0.21 0.98 0.04 0.01 0.36 ]
[0.51 0.14 0.72 0.66 0.21 0.10 0.11 0.42 0.66 0.81 0.34 0.37 0.48 0.06 0.95 0.10 0.62 0.42 0.93 0.18 0.83 0.79 0.21 0.23 0.83 0.60 0.26 0.34 0.75 0.59 0.09 0.31 0.15 0.64 0.49 0.40 0.67 0.44 0.18 0.00 0.35 1.00 0.87 0.44 0.09 0.59 0.52 0.46 0.55 1.00 0.24 0.07 0.14 0.93 0.20 0.28 0.67 0.97 0.62 0.71 0.44 0.45 0.47 0.95 0.24 0.57 0.42 0.61 0.13 0.58 0.04 0.41 0.58 0.09 0.14 0.33 0.75 0.80 0.47 0.80 0.25 0.32 0.56 0.70 0.69 0.83 0.56 ]
[0.22 0.16 0.57 0.96 0.49 0.32 0.10 0.21 0.25 0.21 0.55 0.29 0.12 0.22 0.72 0.78 0.17 0.45 0.26 0.11 0.29 0.66 0.44 0.70 0.03 0.81 0.30 0.75 0.60 0.82 0.06 0.39 0.15 0.16 0.00 0.86 0.77 0.21 0.17 0.02 0.45 0.87 1.00 0.83 0.37 0.69 0.39 0.59 0.64 0.70 0.68 0.78 0.34 0.07 0.57 0.79 0.48 0.90 0.27 0.20 0.24 0.72 0.98 0.25 0.98 0.96 0.53 0.61 0.61 0.34 0.26 0.62 0.11 0.09 0.48 0.17 0.62 0.43 0.11 0.18 0.46 0.43 0.41 0.65 0.20 0.89 0.86 ]
[0.35 0.74 0.87 0.31 0.37 0.60 0.33 0.57 0.19 0.15 0.94 0.82 0.52 0.35 0.08 0.51 0.51 0.16 0.43 0.20 0.84 0.99 0.26 0.97 0.77 0.48 0.61 0.04 0.25 0.36 0.05 0.33 0.26 0.35 0.68 0.26 0.79 0.22 0.48 0.30 0.35 0.44 0.83 1.00 0.56 0.11 0.01 0.71 0.19 0.09 0.55 0.15 0.62 0.37 0.99 0.68 0.54 0.09 0.94 0.54 0.51 0.62 0.73 0.91 0.46 0.19 0.53 0.09 0.57 0.26 0.34 0.17 0.69 0.24 0.55 0.68 0.59 0.30 0.69 0.86 0.34 0.45 0.62 0.92 0.94 0.17 0.33 ]
[0.53 0.00 0.97 0.50 0.59 0.94 0.41 0.26 0.46 0.34 0.77 0.53 0.89 0.56 0.63 0.15 0.00 0.99 0.17 0.92 0.97 0.44 0.59 0.72 0.76 0.13 0.38 0.95 0.02 0.62 0.92 0.79 0.35 0.48 0.37 0.06 0.89 0.90 0.36 0.66 0.15 0.09 0.37 0.56 1.00 0.67 0.77 0.34 0.71 0.38 0.62 0.93 0.91 0.11 0.85 0.79 0.88 0.10 0.06 0.68 0.76 0.49 0.64 0.81 0.44 0.41 0.70 0.73 0.23 0.82 0.09 0.16 0.65 0.52 0.36 0.67 0.01 0.13 0.27 0.24 0.96 0.81 0.96 0.09 0.37 0.39 0.25 ]
[0.98 0.08 0.60 0.54 0.98 0.41 0.76 0.03 0.78 0.98 0.05 0.83 0.59 0.78 0.82 0.63 0.53 0.38 0.11 0.56 0.56 0.96 0.10 0.25 0.55 0.67 0.86 0.12 0.08 0.20 0.45 0.24 0.21 0.70 0.10 0.30 0.78 0.79 0.30 0.69 0.54 0.59 0.69 0.11 0.67 1.00 0.35 0.87 0.33 0.09 0.87 0.47 0.71 0.31 0.25 0.36 0.72 0.93 0.02 0.41 0.72 0.23 0.91 0.52 0.39 0.10 0.20 0.14 0.70 0.93 0.32 0.86 0.40 0.33 0.54 0.62 0.37 0.67 0.57 0.14 0.53 0.77 0.92 0.74 0.82 0.22 0.06 ]
[0.33 0.32 0.22 0.68 0.16 0.95 0.34 0.19 0.13 0.70 0.57 0.06 0.05 0.24 0.35 0.06 0.95 0.05 0.42 0.88 0.37 0.66 0.50 0.85 0.39 0.74 0.55 0.61 0.37 0.51 0.79 0.17 0.70 0.83 0.78 0.24 0.48 0.47 0.81 0.90 0.63 0.52 0.39 0.01 0.77 0.35 1.00 0.51 0.34 0.02 0.14 0.26 0.06 0.67 0.48 0.82 0.87 0.08 0.54 0.12 0.39 0.23 0.39 0.41 0.77 0.43 0.72 0.82 0.86 0.72 0.52 0.43 0.35 0.06 0.78 0.17 0.16 0.26 0.80 0.24 0.14 0.43 0.38 0.90 0.55 0.33 0.72 ]
[0.02 0.19 0.38 0.14 0.78 0.72 0.39 0.01 0.89 0.88 0.91 0.22 0.31 0.76 0.58 0.25 0.28 0.22 0.11 0.99 0.19 0.10 0.80 0.72 0.56 0.87 0.17 0.38 0.40 0.36 0.72 0.02 0.05 0.60 0.65 0.51 0.51 0.75 0.26 0.53 0.18 0.46 0.59 0.71 0.34 0.87 0.51 1.00 0.40 0.01 0.71 0.27 0.98 0.59 0.57 0.10 0.70 0.63 0.76 0.12 0.82 0.97 0.74 0.85 0.46 0.72 0.46 0.37 0.48 0.44 0.60 0.28 0.31 0.45 0.05 0.43 0.48 0.64 0.44 0.50 0.19 0.17 0.19 0.26 0.63 0.65 0.92 ]
[0.94 1.00 0.56 0.53 0.71 0.29 0.46 0.42 0.60 0.14 0.30 0.99 0.51 0.38 0.45 0.47 0.07 0.93 0.17 0.91 0.56 0.51 0.63 0.66 0.26 0.22 0.70 0.34 0.20 0.35 0.25 0.50 0.22 0.93 0.77 0.98 0.58 0.02 0.92 0.98 0.21 0.55 0.64 0.19 0.71 0.33 0.34 0.40 1.00 0.37 0.66 0.87 0.63 0.07 0.18 0.69 0.54 0.65 0.65 0.73 0.70 0.34 0.41 0.72 0.92 0.87 0.27 0.60 0.59 0.40 0.78 0.31 0.11 0.98 0.61 0.17 0.56 0.53 0.52 0.01 0.53 0.65 0.38 0.46 0.36 0.21 0.59 ]
[0.53 0.92 0.67 0.41 0.57 0.78 0.96 0.39 0.16 0.75 0.81 0.81 0.83 0.55 0.34 0.30 0.56 0.72 0.66 0.16 0.44 0.66 0.65 0.79 0.60 0.15 0.47 0.79 0.18 0.76 0.24 0.20 0.20 0.73 0.48 0.95 0.00 0.54 0.91 0.27 0.29 1.00 0.70 0.09 0.38 0.09 0.02 0.01 0.37 1.00 0.34 0.93 0.24 0.91 0.44 0.62 0.09 0.23 0.00 0.60 0.86 0.21 0.72 0.65 0.40 0.17 0.19 0.68 0.67 0.23 0.39 0.65 0.64 0.35 0.40 0.91 0.75 0.06 0.72 0.71 0.19 0.67 0.05 0.20 0.42 0.41 0.35 ]
[0.05 0.27 0.02 0.02 0.22 0.84 0.03 0.77 0.09 0.76 0.02 0.71 0.84 0.33 0.16 0.72 0.58 0.81 0.86 0.21 0.34 0.30 0.00 0.95 0.62 0.71 1.00 0.48 0.46 0.93 0.30 0.02 0.36 0.65 0.48 0.18 0.09 0.33 0.73 0.73 0.69 0.24 0.68 0.55 0.62 0.87 0.14 0.71 0.66 0.34 1.00 0.39 0.23 0.68 0.43 0.15 0.04 0.49 0.20 0.87 0.83 0.23 0.28 0.14 0.22 0.83 0.45 0.25 0.39 0.46 0.59 0.58 0.12 0.45 0.42 0.15 0.06 0.66 0.71 0.21 0.14 0.91 0.28 0.52 0.49 0.26 0.31 ]
[0.92 0.09 0.15 0.62 0.74 0.04 0.13 0.64 0.93 0.08 0.04 0.18 0.99 0.57 0.99 0.36 0.38 0.04 0.09 0.12 0.95 0.88 0.19 0.15 0.24 0.94 0.79 0.30 0.32 0.31 0.03 0.29 0.20 0.41 0.63 0.33 0.61 0.99 0.18 0.12 0.74 0.07 0.78 0.15 0.93 0.47 0.26 0.27 0.87 0.93 0.39 1.00 0.09 0.15 0.37 0.89 0.04 0.02 0.89 0.92 0.34 0.28 0.94 0.70 0.57 0.95 0.59 0.70 0.34 0.34 0.95 0.98 1.00 0.17 1.00 0.69 0.16 0.75 0.16 0.85 0.31 0.24 0.69 0.35 0.96 0.19 0.15 ]
[0.94 0.48 0.19 1.00 0.96 0.20 0.62 0.29 0.92 0.51 0.34 0.29 0.35 0.44 0.65 0.90 0.86 0.09 0.67 0.81 0.03 0.72 0.66 0.16 0.57 0.97 0.81 0.92 0.98 0.96 0.28 0.98 0.90 0.52 0.11 0.53 0.18 0.11 0.76 0.91 0.84 0.14 0.34 0.62 0.91 0.71 0.06 0.98 0.63 0.24 0.23 0.09 1.00 0.73 0.21 0.64 0.17 0.43 0.41 0.50 0.46 0.35 0.94 0.23 0.02 0.97 0.85 0.69 0.74 0.36 0.13 0.07 0.47 1.00 0.79 0.81 0.29 0.01 0.05 0.04 0.56 0.50 0.91 0.24 0.93 0.54 0.47 ]
[0.80 0.28 0.24 0.78 0.62 0.69 0.51 0.70 0.08 0.26 0.44 0.89 0.36 0.05 0.47 0.49 0.30 0.30 0.42 0.97 0.97 0.83 0.17 0.70 0.21 0.02 0.17 0.80 0.46 0.58 0.53 0.49 0.84 0.24 0.60 0.98 0.55 0.14 0.35 0.63 0.78 0.93 0.07 0.37 0.11 0.31 0.67 0.59 0.07 0.91 0.68 0.15 0.73 1.00 0.19 0.84 0.64 0.19 0.35 0.78 0.99 0.10 0.33 0.54 0.40 0.84 0.55 0.62 0.96 0.30 0.58 0.33 0.08 0.34 0.28 0.19 0.30 0.32 0.99 0.91 0.75 0.65 0.52 0.58 0.32 0.49 0.81 ]
[0.48 0.95 0.22 0.82 0.82 1.00 0.37 0.84 0.02 0.85 0.95 0.51 0.66 0.33 0.12 0.12 0.83 0.45 0.32 0.32 0.56 0.78 0.81 0.12 1.00 0.49 0.33 0.44 0.67 0.35 0.68 0.39 0.35 0.27 0.14 0.72 0.49 0.33 0.82 0.44 0.59 0.20 0.57 0.99 0.85 0.25 0.48 0.57 0.18 0.44 0.43 0.37 0.21 0.19 1.00 0.60 0.72 0.75 0.97 0.04 0.54 0.94 0.06 0.90 0.07 0.88 0.06 0.92 0.95 0.41 0.85 0.70 0.11 0.70 0.19 0.84 0.68 0.56 0.88 0.93 0.38 0.22 0.25 0.45 0.76 0.48 0.89 ]
[0.82 0.97 0.92 0.79 0.55 0.55 0.83 0.12 0.53 0.59 0.72 0.37 0.25 0.48 0.30 0.51 0.04 0.65 0.40 0.70 0.65 0.42 0.34 0.50 0.66 0.95 0.75 0.10 0.73 0.77 0.51 0.73 0.35 0.21 0.11 0.88 0.61 0.43 0.85 0.03 0.56 0.28 0.79 0.68 0.79 0.36 0.82 0.10 0.69 0.62 0.15 0.89 0.64 0.84 0.60 1.00 0.97 0.84 0.98 0.96 0.70 0.85 0.67 0.85 0.12 0.45 0.15 0.65 0.64 0.74 0.29 0.36 0.29 0.09 0.78 0.79 0.11 0.15 0.64 0.50 0.78 0.35 0.16 0.34 0.03 0.26 0.19 ]
[0.94 0.31 0.95 0.48 0.17 0.96 0.57 0.04 0.39 0.94 0.48 0.68 0.82 0.61 0.32 0.99 0.13 0.64 0.84 0.01 0.61 0.51 0.82 0.12 0.97 0.52 0.53 0.43 0.83 0.77 0.85 0.73 0.06 0.58 0.86 0.41 0.18 0.92 0.52 0.57 0.44 0.67 0.48 0.54 0.88 0.72 0.87 0.70 0.54 0.09 0.04 0.04 0.17 0.64 0.72 0.97 1.00 0.84 0.57 0.17 0.81 0.16 0.67 0.97 0.49 0.44 0.02 0.02 0.38 0.45 0.14 0.03 0.31 0.41 0.08 0.90 0.24 0.06 0.93 0.43 0.70 0.77 0.60 0.08 0.90 0.59 0.72 ]
[0.03 0.59 0.22 0.05 0.25 0.12 0.61 0.66 0.36 0.82 0.30 0.90 0.24 0.92 0.64 0.04 0.61 0.31 0.26 0.15 0.41 0.63 0.53 0.99 0.14 0.73 0.86 0.94 0.13 0.55 0.13 0.49 0.62 0.55 0.13 0.60 0.14 0.23 0.70 0.64 0.76 0.97 0.90 0.09 0.10 0.93 0.08 0.63 0.65 0.23 0.49 0.02 0.43 0.19 0.75 0.84 0.84 1.00 0.68 0.95 0.41 0.48 0.60 0.78 0.94 0.92 0.87 0.53 0.93 0.71 0.19 0.63 0.50 0.14 0.37 0.81 0.83 0.48 0.81 0.81 0.20 0.60 0.86 0.44 0.84 0.54 0.12 ]
[0.02 0.03 0.89 0.06 0.74 0.16 0.12 0.95 0.88 0.98 0.52 0.53 0.88 0.83 0.61 0.95 0.42 0.92 0.27 0.76 0.70 0.88 0.53 0.16 0.32 0.70 0.19 0.70 0.49 0.92 0.76 0.70 0.59 0.20 0.01 0.91 0.95 0.61 0.31 0.13 0.77 0.62 0.27 0.94 0.06 0.02 0.54 0.76 0.65 0.00 0.20 0.89 0.41 0.35 0.97 0.98 0.57 0.68 1.00 0.05 0.99 0.70 0.74 0.18 0.86 0.16 0.81 0.75 0.59 0.93 0.17 0.99 0.83 0.67 0.28 0.61 0.25 0.10 0.61 0.71 0.74 0.49 0.45 0.27 0.85 0.81 0.44 ]
[0.32 0.66 0.97 0.17 0.77 0.91 0.14 0.07 0.20 0.33 0.82 0.89 0.88 0.24 0.57 0.69 0.59 0.59 0.25 0.22 0.48 0.86 0.21 0.73 0.01 0.26 0.60 0.47 0.35 0.86 0.65 0.32 0.25 0.64 0.16 0.21 0.12 0.93 0.88 0.92 0.21 0.71 0.20 0.54 0.68 0.41 0.12 0.12 0.73 0.60 0.87 0.92 0.50 0.78 0.04 0.96 0.17 0.95 0.05 1.00 0.84 0.95 0.01 0.05 0.59 0.94 0.12 0.14 0.84 0.32 0.18 0.37 0.97 0.08 0.48 0.89 0.13 0.59 0.78 0.28 0.31 0.49 0.57 0.90 0.47 0.81 1.00 ]
[0.68 0.09 0.20 0.10 0.15 0.59 0.87 0.42 0.12 0.02 0.27 0.29 0.18 0.85 0.46 0.60 0.23 0.95 0.69 0.38 0.07 0.51 0.24 0.72 0.93 0.66 0.25 0.54 0.75 0.25 0.02 0.48 0.97 0.82 0.29 0.26 0.72 0.66 0.89 0.57 0.73 0.44 0.24 0.51 0.76 0.72 0.39 0.82 0.70 0.86 0.83 0.34 0.46 0.99 0.54 0.70 0.81 0.41 0.99 0.84 1.00 0.61 0.33 0.05 0.43 0.93 0.32 0.76 0.11 0.63 0.61 0.78 0.95 0.34 0.79 0.94 0.43 0.27 0.89 0.66 0.04 0.90 0.61 0.70 0.42 0.18 0.82 ]
[0.66 0.24 0.26 0.30 0.20 0.20 0.48 0.96 0.34 0.90 0.09 0.66 0.57 0.10 0.67 0.36 0.79 0.35 0.93 0.76 0.81 0.91 0.82 0.97 0.58 0.10 0.91 0.12 0.78 0.82 0.86 0.80 0.53 0.49 0.22 0.07 0.67 0.16 0.53 0.48 0.82 0.45 0.72 0.62 0.49 0.23 0.23 0.97 0.34 0.21 0.23 0.28 0.35 0.10 0.94 0.85 0.16 0.48 0.70 0.95 0.61 1.00 0.05 0.00 0.73 0.55 0.32 0.06 0.30 0.12 0.88 0.19 0.17 0.64 0.73 0.98 0.22 0.93 0.86 0.53 0.49 0.00 0.07 0.46 0.85 0.90 0.84 ]
[0.01 0.62 0.68 0.43 0.10 0.09 0.56 0.17 0.07 0.82 0.14 0.59 0.06 0.62 0.89 0.62 0.51 0.01 0.36 0.52 0.67 0.04 0.35 0.01 0.01 0.63 0.64 0.97 0.40 0.35 0.96 0.94 0.81 0.94 0.53 0.17 0.23 0.87 0.44 0.32 0.10 0.47 0.98 0.73 0.64 0.91 0.39 0.74 0.41 0.72 0.28 0.94 0.94 0.33 0.06 0.67 0.67 0.60 0.74 0.01 0.33 0.05 1.00 0.23 0.31 0.72 0.83 0.34 0.65 0.46 0.16 0.22 0.94 0.70 0.84 0.12 0.92 0.97 0.05 0.25 0.00 0.47 0.47 0.48 0.87 0.71 0.99 ]
[0.88 0.98 0.97 0.77 0.99 0.32 0.49 0.21 0.50 0.58 0.03 0.61 0.53 0.66 0.02 0.72 0.02 0.08 0.38 0.96 0.85 0.87 0.66 0.23 0.72 0.18 0.51 0.79 0.97 0.91 0.65 0.59 0.65 0.68 0.39 0.91 0.53 0.71 0.80 0.39 0.18 0.95 0.25 0.91 0.81 0.52 0.41 0.85 0.72 0.65 0.14 0.70 0.23 0.54 0.90 0.85 0.97 0.78 0.18 0.05 0.05 0.00 0.23 1.00 0.91 0.05 0.68 0.65 0.75 0.88 0.77 0.06 0.88 0.86 0.39 0.25 0.10 0.38 0.19 0.22 0.25 0.89 0.80 0.89 0.77 0.74 0.99 ]
[0.38 0.15 0.36 0.32 0.41 0.03 0.76 0.29 0.34 0.95 0.73 0.25 0.04 0.34 0.56 0.58 0.40 0.82 0.54 0.23 0.99 0.81 0.58 0.51 0.45 0.56 0.44 0.44 0.42 0.18 0.02 0.51 0.91 0.88 0.93 0.09 0.78 0.43 0.48 0.54 0.04 0.24 0.98 0.46 0.44 0.39 0.77 0.46 0.92 0.40 0.22 0.57 0.02 0.40 0.07 0.12 0.49 0.94 0.86 0.59 0.43 0.73 0.31 0.91 1.00 0.46 0.15 0.86 0.10 0.35 0.01 0.93 0.07 0.95 0.62 0.85 0.70 0.42 0.03 0.94 0.91 0.19 0.24 0.92 0.68 0.36 0.86 ]
[0.46 0.65 0.07 0.65 0.22 0.29 0.72 0.89 0.57 0.54 0.52 0.87 0.97 0.25 0.03 0.57 0.94 0.12 0.76 0.81 0.02 0.52 0.96 0.12 0.31 0.09 0.11 0.93 0.43 0.77 0.35 0.17 0.96 0.44 0.39 0.87 0.71 0.93 0.94 0.33 0.46 0.57 0.96 0.19 0.41 0.10 0.43 0.72 0.87 0.17 0.83 0.95 0.97 0.84 0.88 0.45 0.44 0.92 0.16 0.94 0.93 0.55 0.72 0.05 0.46 1.00 0.97 0.06 0.45 0.05 0.40 0.22 0.81 0.31 0.44 0.76 0.26 0.86 0.68 0.72 0.66 0.18 0.71 0.75 0.75 0.67 0.28 ]
[0.43 0.82 0.43 0.61 0.90 0.99 0.79 0.60 0.28 0.24 0.95 0.20 0.70 0.87 0.08 0.60 0.35 0.32 0.19 0.30 0.76 0.70 0.38 0.98 0.84 0.15 0.96 0.27 0.11 0.02 0.90 0.95 0.06 0.13 0.03 0.53 0.15 0.94 0.37 0.13 0.22 0.42 0.53 0.53 0.70 0.20 0.72 0.46 0.27 0.19 0.45 0.59 0.85 0.55 0.06 0.15 0.02 0.87 0.81 0.12 0.32 0.32 0.83 0.68 0.15 0.97 1.00 0.67 0.74 0.11 0.85 0.25 0.85 0.61 0.06 0.12 0.14 0.85 0.29 0.17 0.25 0.68 0.56 0.83 0.67 0.84 0.81 ]
[0.41 0.21 0.62 0.46 0.10 0.60 0.29 0.11 0.91 0.57 0.77 0.06 0.84 0.61 0.82 0.11 0.56 0.62 0.76 0.28 0.13 0.85 0.38 0.01 0.85 0.94 0.02 0.34 0.12 0.06 0.37 0.68 0.67 0.28 0.76 0.47 0.39 0.01 0.00 0.25 0.32 0.61 0.61 0.09 0.73 0.14 0.82 0.37 0.60 0.68 0.25 0.70 0.69 0.62 0.92 0.65 0.02 0.53 0.75 0.14 0.76 0.06 0.34 0.65 0.86 0.06 0.67 1.00 0.18 0.98 0.37 0.52 0.99 0.97 0.24 0.32 0.12 0.67 0.02 0.78 0.77 0.67 0.12 0.12 0.53 0.92 0.19 ]
[0.23 0.98 0.20 0.29 0.97 0.16 0.84 0.22 0.10 0.17 0.33 0.30 0.49 0.88 0.93 0.67 0.25 0.84 0.44 0.41 0.90 0.21 0.20 0.91 0.68 1.00 0.62 0.16 0.47 0.36 0.41 0.65 0.49 0.89 0.99 0.54 0.52 0.76 0.30 0.49 0.39 0.13 0.61 0.57 0.23 0.70 0.86 0.48 0.59 0.67 0.39 0.34 0.74 0.96 0.95 0.64 0.38 0.93 0.59 0.84 0.11 0.30 0.65 0.75 0.10 0.45 0.74 0.18 1.00 0.93 0.90 0.34 0.78 0.59 0.43 0.24 0.72 0.13 0.63 0.04 0.74 0.36 0.62 0.18 0.07 0.19 0.75 ]
[0.81 0.16 0.62 0.93 0.29 0.55 0.59 0.16 0.35 0.89 0.91 0.38 0.40 0.74 0.12 0.93 0.67 0.33 0.80 0.70 0.26 0.93 0.11 0.98 0.82 0.20 0.83 0.78 0.53 0.17 0.19 0.50 0.14 0.41 0.54 0.20 0.49 0.23 0.04 0.59 0.41 0.58 0.34 0.26 0.82 0.93 0.72 0.44 0.40 0.23 0.46 0.34 0.36 0.30 0.41 0.74 0.45 0.71 0.93 0.32 0.63 0.12 0.46 0.88 0.35 0.05 0.11 0.98 0.93 1.00 0.96 0.38 0.17 0.77 0.27 0.89 0.00 0.78 0.40 0.33 0.84 0.11 0.30 0.16 0.96 0.28 0.97 ]
[0.47 0.19 0.62 0.01 0.56 0.85 0.57 0.85 0.01 0.21 0.78 0.12 0.75 0.75 0.26 0.19 0.13 0.85 0.66 0.96 0.59 0.36 0.45 0.18 0.20 0.30 0.17 0.66 0.44 0.72 0.48 0.61 0.62 0.78 0.62 0.10 0.09 0.34 0.16 0.56 0.35 0.04 0.26 0.34 0.09 0.32 0.52 0.60 0.78 0.39 0.59 0.95 0.13 0.58 0.85 0.29 0.14 0.19 0.17 0.18 0.61 0.88 0.16 0.77 0.01 0.40 0.85 0.37 0.90 0.96 1.00 0.01 0.41 0.86 0.67 0.97 0.19 0.88 0.77 0.60 0.74 0.54 0.78 0.45 0.93 0.02 0.57 ]
[0.25 0.78 0.37 0.57 0.71 0.81 0.84 0.07 0.83 0.37 0.15 0.37 0.21 0.85 0.02 0.71 0.96 0.43 0.40 0.04 0.67 0.12 0.47 0.60 0.57 0.48 0.83 0.05 0.38 0.92 0.43 0.30 0.54 0.34 0.22 0.90 0.16 0.57 0.45 0.23 0.13 0.41 0.62 0.17 0.16 0.86 0.43 0.28 0.31 0.65 0.58 0.98 0.07 0.33 0.70 0.36 0.03 0.63 0.99 0.37 0.78 0.19 0.22 0.06 0.93 0.22 0.25 0.52 0.34 0.38 0.01 1.00 0.07 0.42 0.56 0.43 0.99 0.80 0.83 0.52 0.02 0.72 0.73 0.23 0.31 0.00 0.83 ]
[0.10 0.03 0.41 0.84 0.91 0.44 0.27 0.56 0.17 0.24 0.99 0.52 0.47 0.72 0.24 0.51 0.05 0.64 0.28 0.03 0.03 0.94 0.09 0.71 0.90 0.74 0.35 0.67 0.15 0.87 0.10 0.99 0.33 0.25 0.10 0.43 0.03 0.92 0.70 0.51 0.97 0.58 0.11 0.69 0.65 0.40 0.35 0.31 0.11 0.64 0.12 1.00 0.47 0.08 0.11 0.29 0.31 0.50 0.83 0.97 0.95 0.17 0.94 0.88 0.07 0.81 0.85 0.99 0.78 0.17 0.41 0.07 1.00 0.13 0.20 0.02 0.56 0.03 0.77 0.51 0.77 0.39 0.29 0.79 0.55 0.52 0.99 ]
[0.85 0.54 0.82 0.94 0.82 0.67 0.90 0.31 0.79 0.04 0.06 0.73 0.66 0.24 0.35 0.50 0.73 0.87 0.42 0.44 0.44 0.88 0.78 0.37 0.65 0.53 0.67 1.00 0.76 0.92 0.77 0.59 0.75 0.87 0.08 0.38 0.38 0.80 0.94 0.75 0.79 0.09 0.09 0.24 0.52 0.33 0.06 0.45 0.98 0.35 0.45 0.17 1.00 0.34 0.70 0.09 0.41 0.14 0.67 0.08 0.34 0.64 0.70 0.86 0.95 0.31 0.61 0.97 0.59 0.77 0.86 0.42 0.13 1.00 0.69 0.11 0.90 0.84 0.70 0.68 0.73 0.30 0.08 0.78 0.82 0.63 0.59 ]
[0.64 0.51 0.41 0.92 0.02 0.44 0.61 0.17 0.20 0.71 0.73 0.02 0.55 0.66 0.78 0.68 0.75 0.43 0.42 0.74 0.96 0.37 0.95 0.21 0.82 0.43 0.23 0.88 0.05 0.71 0.01 0.59 0.55 0.34 0.47 0.23 0.32 0.10 0.93 0.88 0.62 0.14 0.48 0.55 0.36 0.54 0.78 0.05 0.61 0.40 0.42 1.00 0.79 0.28 0.19 0.78 0.08 0.37 0.28 0.48 0.79 0.73 0.84 0.39 0.62 0.44 0.06 0.24 0.43 0.27 0.67 0.56 0.20 0.69 1.00 0.83 0.35 0.91 0.20 0.70 0.83 0.97 0.93 0.57 0.55 0.99 0.89 ]
[0.69 0.27 0.28 0.84 0.72 0.57 0.50 0.97 0.87 0.97 0.42 0.35 0.21 0.89 0.96 0.76 0.60 0.61 0.39 0.19 0.63 0.58 0.11 0.83 0.28 0.13 0.32 0.99 0.78 0.81 0.43 0.68 0.08 0.56 0.96 0.54 0.05 0.83 0.60 0.91 0.79 0.33 0.17 0.68 0.67 0.62 0.17 0.43 0.17 0.91 0.15 0.69 0.81 0.19 0.84 0.79 0.90 0.81 0.61 0.89 0.94 0.98 0.12 0.25 0.85 0.76 0.12 0.32 0.24 0.89 0.97 0.43 0.02 0.11 0.83 1.00 0.45 0.44 0.92 0.70 0.28 0.17 0.24 0.54 0.87 0.54 0.46 ]
[0.16 0.20 0.71 0.71 0.71 0.86 0.97 0.88 0.84 0.45 0.35 0.43 0.16 0.34 0.54 0.36 0.55 0.45 0.25 0.69 0.63 0.84 0.23 0.00 0.63 0.91 0.14 0.19 0.02 0.09 0.54 0.05 0.08 0.63 0.33 0.23 0.28 0.16 0.19 0.52 0.41 0.75 0.62 0.59 0.01 0.37 0.16 0.48 0.56 0.75 0.06 0.16 0.29 0.30 0.68 0.11 0.24 0.83 0.25 0.13 0.43 0.22 0.92 0.10 0.70 0.26 0.14 0.12 0.72 0.00 0.19 0.99 0.56 0.90 0.35 0.45 1.00 0.05 0.55 0.83 1.00 0.35 0.46 0.03 0.15 0.96 0.07 ]
[0.61 0.81 0.19 0.02 0.11 0.36 0.98 0.76 0.54 0.12 0.59 0.09 0.62 0.79 0.10 0.49 0.52 0.59 0.03 0.80 0.44 0.40 0.77 0.98 0.88 0.25 0.58 0.99 0.28 0.39 0.28 0.37 0.26 0.32 0.34 0.72 0.19 0.90 0.72 0.99 0.91 0.80 0.43 0.30 0.13 0.67 0.26 0.64 0.53 0.06 0.66 0.75 0.01 0.32 0.56 0.15 0.06 0.48 0.10 0.59 0.27 0.93 0.97 0.38 0.42 0.86 0.85 0.67 0.13 0.78 0.88 0.80 0.03 0.84 0.91 0.44 0.05 1.00 0.50 0.38 0.71 0.72 0.32 0.48 0.83 0.14 0.88 ]
[0.28 0.13 0.83 0.11 0.07 0.75 0.22 0.10 0.06 0.47 0.17 0.60 0.74 0.77 0.92 0.36 0.03 0.28 0.01 0.23 0.31 0.03 0.40 0.72 0.15 0.07 0.26 0.43 0.60 0.19 0.18 0.08 0.09 0.27 0.98 0.03 0.80 0.79 0.94 0.01 0.33 0.47 0.11 0.69 0.27 0.57 0.80 0.44 0.52 0.72 0.71 0.16 0.05 0.99 0.88 0.64 0.93 0.81 0.61 0.78 0.89 0.86 0.05 0.19 0.03 0.68 0.29 0.02 0.63 0.40 0.77 0.83 0.77 0.70 0.20 0.92 0.55 0.50 1.00 0.92 0.25 0.87 0.67 0.47 0.38 0.08 0.92 ]
[0.55 0.77 0.49 0.61 0.46 0.58 0.97 0.38 0.88 0.83 0.92 0.27 0.43 0.70 0.35 0.04 0.39 0.24 0.47 0.69 0.68 0.13 0.48 0.56 0.75 0.10 0.83 0.31 0.42 0.82 0.75 0.99 0.16 0.38 0.98 0.16 0.80 0.83 0.65 0.07 0.12 0.80 0.18 0.86 0.24 0.14 0.24 0.50 0.01 0.71 0.21 0.85 0.04 0.91 0.93 0.50 0.43 0.81 0.71 0.28 0.66 0.53 0.25 0.22 0.94 0.72 0.17 0.78 0.04 0.33 0.60 0.52 0.51 0.68 0.70 0.70 0.83 0.38 0.92 1.00 0.36 0.85 0.98 0.34 0.60 0.99 0.41 ]
[0.21 0.48 0.07 0.16 0.15 0.76 0.03 0.98 0.19 0.20 0.22 0.45 0.73 0.82 0.97 0.83 0.76 0.21 0.07 0.60 0.43 0.67 0.67 0.93 0.46 0.19 0.67 0.20 0.60 0.04 0.99 0.40 0.22 0.08 0.91 0.62 0.07 0.47 0.82 0.48 0.33 0.25 0.46 0.34 0.96 0.53 0.14 0.19 0.53 0.19 0.14 0.31 0.56 0.75 0.38 0.78 0.70 0.20 0.74 0.31 0.04 0.49 0.00 0.25 0.91 0.66 0.25 0.77 0.74 0.84 0.74 0.02 0.77 0.73 0.83 0.28 1.00 0.71 0.25 0.36 1.00 0.88 0.91 0.47 0.90 0.47 0.25 ]
[0.93 0.26 0.28 0.71 0.90 0.41 0.09 0.21 0.23 0.82 0.78 0.58 0.25 0.34 0.85 0.93 0.38 0.39 0.13 0.94 0.44 0.78 0.77 0.78 0.16 0.87 0.04 0.15 0.54 0.62 0.96 0.05 0.81 0.95 0.39 0.50 0.37 0.47 0.18 0.17 0.96 0.32 0.43 0.45 0.81 0.77 0.43 0.17 0.65 0.67 0.91 0.24 0.50 0.65 0.22 0.35 0.77 0.60 0.49 0.49 0.90 0.00 0.47 0.89 0.19 0.18 0.68 0.67 0.36 0.11 0.54 0.72 0.39 0.30 0.97 0.17 0.35 0.72 0.87 0.85 0.88 1.00 0.45 0.12 0.65 0.93 0.54 ]
[0.13 0.15 0.64 0.98 0.03 0.69 0.57 0.01 0.53 0.73 0.43 0.38 0.98 0.06 0.67 0.41 0.41 0.78 0.17 0.58 0.51 0.20 0.16 0.62 0.98 0.37 0.96 0.21 0.65 0.58 0.92 0.27 0.19 0.99 0.60 0.24 0.25 0.72 0.22 0.50 0.21 0.56 0.41 0.62 0.96 0.92 0.38 0.19 0.38 0.05 0.28 0.69 0.91 0.52 0.25 0.16 0.60 0.86 0.45 0.57 0.61 0.07 0.47 0.80 0.24 0.71 0.56 0.12 0.62 0.30 0.78 0.73 0.29 0.08 0.93 0.24 0.46 0.32 0.67 0.98 0.91 0.45 1.00 0.17 0.53 0.67 0.65 ]
[0.62 0.27 0.11 0.23 0.54 0.67 0.81 0.14 0.30 0.95 0.75 0.14 0.51 0.13 0.83 0.60 0.05 0.02 0.64 0.38 0.57 0.82 0.77 0.43 0.56 0.32 0.57 0.23 0.93 0.87 0.64 0.38 0.69 0.47 0.06 0.10 0.89 0.60 0.76 0.03 0.98 0.70 0.65 0.92 0.09 0.74 0.90 0.26 0.46 0.20 0.52 0.35 0.24 0.58 0.45 0.34 0.08 0.44 0.27 0.90 0.70 0.46 0.48 0.89 0.92 0.75 0.83 0.12 0.18 0.16 0.45 0.23 0.79 0.78 0.57 0.54 0.03 0.48 0.47 0.34 0.47 0.12 0.17 1.00 0.54 0.83 0.21 ]
[0.74 0.31 0.12 0.72 0.80 0.86 0.28 0.09 0.53 0.67 0.18 0.01 0.72 0.15 0.57 0.02 0.14 0.27 0.18 0.96 0.84 0.31 0.45 0.81 0.90 0.07 0.05 0.42 0.74 0.75 0.50 0.18 0.70 0.56 0.68 0.56 0.59 0.86 0.36 0.80 0.04 0.69 0.20 0.94 0.37 0.82 0.55 0.63 0.36 0.42 0.49 0.96 0.93 0.32 0.76 0.03 0.90 0.84 0.85 0.47 0.42 0.85 0.87 0.77 0.68 0.75 0.67 0.53 0.07 0.96 0.93 0.31 0.55 0.82 0.55 0.87 0.15 0.83 0.38 0.60 0.90 0.65 0.53 0.54 1.00 0.98 0.52 ]
[0.97 0.87 0.35 0.59 0.38 0.78 0.01 0.64 1.00 0.97 0.81 0.31 0.14 0.19 0.17 0.34 0.80 0.92 0.77 0.36 0.40 0.55 0.53 0.92 0.21 0.60 0.32 0.53 0.09 0.92 0.50 0.88 0.93 0.87 0.12 0.53 0.47 0.25 0.90 0.51 0.01 0.83 0.89 0.17 0.39 0.22 0.33 0.65 0.21 0.41 0.26 0.19 0.54 0.49 0.48 0.26 0.59 0.54 0.81 0.81 0.18 0.90 0.71 0.74 0.36 0.67 0.84 0.92 0.19 0.28 0.02 0.00 0.52 0.63 0.99 0.54 0.96 0.14 0.08 0.99 0.47 0.93 0.67 0.83 0.98 1.00 0.64 ]
[0.11 0.63 0.27 0.40 0.84 0.26 0.60 0.86 0.45 0.68 0.00 0.24 0.44 0.11 0.97 0.86 0.61 0.53 0.86 0.87 0.93 0.17 0.89 0.89 0.38 0.50 0.22 0.67 0.51 0.12 0.35 0.85 0.63 0.69 0.68 0.29 0.73 0.61 0.88 0.13 0.36 0.56 0.86 0.33 0.25 0.06 0.72 0.92 0.59 0.35 0.31 0.15 0.47 0.81 0.89 0.19 0.72 0.12 0.44 1.00 0.82 0.84 0.99 0.99 0.86 0.28 0.81 0.19 0.75 0.97 0.57 0.83 0.99 0.59 0.89 0.46 0.07 0.88 0.92 0.41 0.25 0.54 0.65 0.21 0.52 0.64 1.00 ]
];
