D = 6;
n = [ 2 2 2 2 2 2 ];
N = 80;
d = [1 1 1 1 1 1 1 1 1 1 1 1 1 2 2 2 2 2 2 2 2 2 2 2 2 2 3 3 3 3 3 3 3 3 3 3 3 3 3 4 4 4 4 4 4 4 4 4 4 4 4 4 5 5 5 5 5 5 5 5 5 5 5 5 5 6 6 6 6 6 6 6 6 6 6 6 6 6 6 6 ];
m = [
[1.00 0.82 0.63 0.03 0.25 0.73 0.50 1.00 0.71 0.50 0.95 0.60 0.80 0.46 0.65 0.05 0.74 0.72 0.59 0.54 0.86 0.37 0.82 0.54 0.91 0.75 1.00 0.90 0.93 0.21 0.54 0.36 0.87 0.33 0.30 0.95 0.20 0.63 0.34 0.31 0.45 0.46 0.84 0.33 0.31 0.35 0.66 0.11 0.51 0.90 0.92 0.70 0.94 0.23 0.85 0.27 0.01 0.26 0.64 0.94 0.16 0.09 0.18 0.93 0.19 0.69 0.21 0.67 0.98 0.62 0.45 0.99 0.40 0.46 0.59 0.93 0.57 0.32 0.41 0.14 ]
[0.82 1.00 0.20 0.73 0.19 0.10 0.28 0.63 0.52 0.29 0.00 0.10 0.53 0.51 0.41 0.91 0.70 0.44 0.44 0.63 0.39 0.24 0.41 0.63 0.80 0.49 0.48 0.62 0.49 0.39 0.99 0.62 0.33 0.49 0.35 0.32 0.68 0.12 0.99 0.92 0.86 0.26 0.70 0.70 0.31 0.11 0.92 0.26 0.73 0.71 0.02 0.98 0.82 0.81 0.85 0.27 0.78 0.74 0.02 0.62 0.38 0.24 0.92 0.48 0.14 0.58 0.88 0.64 0.04 0.98 0.60 0.82 0.25 0.38 0.12 0.65 0.35 0.73 0.05 0.55 ]
[0.63 0.20 1.00 0.39 0.98 0.71 0.22 0.10 0.26 0.41 0.22 0.49 0.39 0.65 0.24 0.44 0.34 0.09 0.33 0.06 0.69 0.25 0.23 0.27 0.60 0.22 0.82 0.06 0.43 0.34 0.35 0.68 0.35 0.47 0.48 0.61 0.70 0.44 0.40 0.79 0.75 0.85 0.56 0.18 0.33 0.14 0.91 0.72 0.80 0.68 0.66 0.14 0.89 0.41 0.43 0.97 0.47 0.88 0.78 0.35 0.08 0.22 0.18 0.96 0.75 0.16 0.61 0.55 0.90 0.35 0.88 0.11 0.03 0.60 0.33 1.00 0.42 0.79 0.66 0.11 ]
[0.03 0.73 0.39 1.00 0.81 0.09 0.71 0.96 0.94 0.50 0.49 0.41 0.12 0.08 0.74 0.07 0.88 0.70 0.09 0.01 0.30 0.85 0.77 0.40 0.14 0.65 0.52 0.91 0.72 0.59 0.09 0.87 0.07 0.74 0.45 0.11 0.49 0.48 0.70 0.36 0.60 0.65 0.30 0.29 0.89 0.74 0.72 0.06 0.25 0.23 0.74 0.94 0.87 0.86 0.07 0.56 0.19 0.31 0.99 0.01 0.24 0.57 0.37 0.66 0.44 0.41 0.58 0.27 0.27 0.28 0.08 0.95 0.14 0.58 0.17 0.94 0.23 0.88 0.17 0.36 ]
[0.25 0.19 0.98 0.81 1.00 0.09 0.96 0.71 0.73 0.50 0.04 0.33 0.12 0.41 0.81 0.98 0.17 0.77 0.10 0.31 0.21 0.44 0.17 0.37 0.01 0.96 0.67 0.33 0.48 0.26 0.30 0.64 0.43 0.83 0.10 0.24 0.42 0.13 0.60 0.88 0.04 0.57 0.62 0.55 0.95 0.25 0.16 0.84 0.94 0.32 0.78 0.15 0.49 0.86 0.80 0.35 0.44 0.28 0.63 0.58 0.51 0.68 0.90 0.34 0.76 0.70 0.81 0.02 0.51 0.08 0.64 0.25 0.94 0.44 0.78 0.11 0.24 0.22 0.22 0.92 ]
[0.73 0.10 0.71 0.09 0.09 1.00 0.46 0.01 0.26 0.42 0.93 0.04 0.06 0.25 0.06 0.81 0.47 0.46 0.56 0.39 0.48 0.82 0.02 0.82 0.04 0.57 0.87 0.79 0.16 0.77 0.11 0.03 0.47 0.74 0.59 0.86 0.83 0.49 0.71 0.76 0.39 0.49 0.59 0.37 0.26 0.09 0.19 0.23 0.65 0.13 0.83 0.48 0.71 0.12 0.61 0.28 0.96 0.21 0.31 0.74 0.23 0.69 0.88 0.77 0.81 0.68 0.65 0.20 0.04 0.11 0.16 0.86 0.81 0.62 0.46 0.55 0.07 0.34 0.56 0.47 ]
[0.50 0.28 0.22 0.71 0.96 0.46 1.00 0.76 0.83 1.00 0.45 0.01 0.24 0.62 0.84 0.05 0.47 0.35 0.79 0.07 0.29 0.26 0.34 0.19 0.51 0.91 0.63 0.88 0.73 0.95 0.78 0.24 0.19 0.10 0.34 0.23 0.98 0.83 0.70 0.42 0.77 0.73 0.87 0.29 0.97 0.79 0.27 0.16 0.04 0.54 0.18 0.17 0.99 0.17 0.29 0.32 0.50 0.77 0.78 0.43 0.11 0.82 0.19 0.57 0.72 0.49 0.23 0.99 0.73 0.95 0.18 0.54 0.51 0.30 0.70 0.83 0.56 0.94 0.54 0.55 ]
[1.00 0.63 0.10 0.96 0.71 0.01 0.76 1.00 0.85 0.22 0.73 0.09 0.26 0.40 0.23 0.58 0.90 0.18 0.52 0.54 0.78 0.74 0.24 0.27 0.60 0.33 0.71 0.12 0.69 0.69 0.71 0.25 0.14 0.88 0.00 0.96 0.47 0.44 0.00 0.92 0.83 0.57 0.88 0.93 0.46 0.38 0.93 0.82 0.60 0.96 0.62 0.57 0.94 0.39 0.33 0.96 0.51 0.94 0.81 0.35 0.35 0.22 0.98 0.17 0.42 0.43 0.78 0.07 0.74 0.78 0.51 0.19 0.89 0.94 0.87 0.77 0.47 0.16 0.40 0.32 ]
[0.71 0.52 0.26 0.94 0.73 0.26 0.83 0.85 1.00 0.07 0.47 0.92 0.24 0.58 0.15 0.25 0.38 0.30 0.67 0.42 0.15 0.81 0.28 0.13 0.85 0.56 0.77 0.79 0.23 0.08 0.31 0.65 0.11 0.63 0.83 0.12 0.84 0.96 0.16 0.66 0.98 0.70 0.70 0.55 0.48 0.87 0.62 0.42 0.07 0.27 0.88 0.05 0.77 0.12 0.44 0.76 0.52 0.11 0.89 0.53 0.98 0.76 0.99 0.62 0.46 0.41 0.14 0.64 0.56 0.35 0.43 0.19 0.65 0.46 0.33 0.32 0.79 0.83 0.88 0.94 ]
[0.50 0.29 0.41 0.50 0.50 0.42 1.00 0.22 0.07 1.00 0.38 0.83 0.66 0.26 0.84 0.54 0.32 0.11 0.06 0.54 0.72 0.05 0.31 0.12 0.19 0.25 0.20 0.39 0.93 0.85 0.32 0.08 0.17 0.30 0.22 0.83 0.67 0.67 0.36 0.28 0.78 0.66 0.90 0.25 0.40 0.58 0.78 0.11 0.64 0.31 0.80 0.73 0.59 0.97 0.46 0.75 0.01 0.85 0.89 0.63 0.44 0.01 0.05 0.45 0.14 0.47 0.70 0.12 0.21 0.04 0.43 0.46 0.77 0.70 0.41 0.52 0.15 0.15 0.69 0.05 ]
[0.95 0.00 0.22 0.49 0.04 0.93 0.45 0.73 0.47 0.38 1.00 0.35 0.69 0.83 0.56 0.16 0.50 0.39 0.46 0.21 0.59 0.57 0.93 0.97 0.32 0.17 0.62 0.22 0.98 0.26 0.21 0.17 0.11 0.80 0.85 0.99 0.01 0.83 0.64 0.12 0.85 0.77 0.68 0.65 0.68 0.46 0.93 0.28 0.57 0.01 0.38 0.50 0.35 0.18 0.92 0.50 0.87 0.59 0.80 0.76 0.99 0.53 0.51 0.82 0.97 0.38 0.79 0.58 0.22 0.82 0.61 0.33 0.68 0.07 0.39 0.94 0.10 0.96 0.37 0.24 ]
[0.60 0.10 0.49 0.41 0.33 0.04 0.01 0.09 0.92 0.83 0.35 1.00 0.33 0.50 0.36 0.53 0.62 0.07 0.46 0.65 0.02 0.79 0.44 0.75 0.98 0.37 0.37 0.04 0.68 0.34 0.01 0.69 0.47 0.85 0.65 0.73 0.95 0.09 0.17 0.13 0.15 0.48 0.46 0.06 0.10 0.34 0.74 1.00 0.20 0.53 0.50 0.39 0.51 0.24 0.46 0.81 0.83 0.20 0.13 0.78 0.73 0.89 0.78 0.58 0.57 0.70 0.39 0.37 0.14 0.37 0.42 0.57 0.87 0.18 0.48 0.92 0.57 0.94 0.36 0.05 ]
[0.80 0.53 0.39 0.12 0.12 0.06 0.24 0.26 0.24 0.66 0.69 0.33 1.00 0.34 0.73 0.45 0.55 0.37 0.40 0.80 0.06 0.38 0.81 0.77 0.17 0.56 0.20 0.84 0.52 0.76 0.78 0.14 0.55 0.52 0.20 0.44 0.01 0.75 0.28 0.88 0.34 0.11 0.10 0.26 0.09 0.16 0.06 0.60 0.73 0.32 0.32 0.03 0.29 0.31 0.74 0.54 0.33 0.99 0.30 0.17 0.96 0.54 0.20 0.85 0.96 0.32 0.54 0.75 0.51 0.70 0.85 0.88 0.02 0.49 0.50 0.23 0.78 0.07 0.68 0.89 ]
[0.46 0.51 0.65 0.08 0.41 0.25 0.62 0.40 0.58 0.26 0.83 0.50 0.34 1.00 0.43 0.49 0.16 0.38 0.08 0.57 0.32 0.07 0.83 0.10 0.11 0.51 0.20 0.58 0.92 0.51 0.50 0.74 0.38 0.21 0.61 0.59 0.60 0.95 0.99 0.71 0.99 0.50 0.94 0.41 0.45 0.68 0.77 0.61 0.92 0.96 0.54 0.70 0.34 0.87 0.41 0.76 0.87 0.01 0.79 0.75 0.19 0.59 0.83 0.92 0.33 0.52 0.59 0.43 0.20 0.55 0.37 0.22 0.16 0.79 0.45 0.41 0.20 0.63 0.00 0.83 ]
[0.65 0.41 0.24 0.74 0.81 0.06 0.84 0.23 0.15 0.84 0.56 0.36 0.73 0.43 1.00 0.55 0.69 0.88 0.10 0.16 0.39 0.47 0.32 0.41 0.80 0.78 0.60 0.54 0.80 0.08 0.62 0.51 0.07 0.90 0.48 0.91 0.31 0.76 0.80 0.03 0.04 0.74 0.64 0.17 0.43 0.83 0.66 0.89 0.30 0.52 0.97 0.18 0.66 0.44 0.02 0.06 0.59 0.27 0.99 0.75 0.81 0.72 0.64 0.25 0.90 0.78 0.05 0.66 0.06 0.13 0.67 0.70 0.45 0.34 0.09 0.81 0.21 0.29 0.04 0.41 ]
[0.05 0.91 0.44 0.07 0.98 0.81 0.05 0.58 0.25 0.54 0.16 0.53 0.45 0.49 0.55 1.00 0.45 0.76 0.45 0.57 0.91 0.92 0.49 0.82 0.83 0.61 0.80 0.94 0.09 0.55 0.80 0.88 0.34 0.66 0.19 0.74 0.38 0.03 0.00 0.21 0.27 0.05 0.11 0.69 0.98 0.72 0.99 0.06 0.90 0.14 0.34 0.19 0.63 0.95 0.82 0.01 0.50 0.34 0.74 0.59 0.07 0.20 0.09 0.19 0.84 0.00 0.58 0.13 0.16 0.88 0.49 0.40 0.68 0.08 0.95 0.95 0.39 0.09 0.09 0.43 ]
[0.74 0.70 0.34 0.88 0.17 0.47 0.47 0.90 0.38 0.32 0.50 0.62 0.55 0.16 0.69 0.45 1.00 0.40 0.14 0.75 0.47 0.58 0.27 0.91 0.40 0.71 0.21 0.32 0.58 0.98 0.23 0.85 0.79 0.10 0.96 0.74 0.72 0.94 0.60 0.83 0.32 0.96 0.58 0.73 0.12 0.53 0.12 0.25 0.73 0.08 0.32 0.66 0.14 0.89 0.87 0.17 0.96 0.00 0.15 0.57 0.99 0.51 0.98 0.82 0.15 0.59 0.70 0.08 0.68 0.65 0.32 0.24 0.03 0.95 0.35 0.62 0.95 0.16 0.54 0.02 ]
[0.72 0.44 0.09 0.70 0.77 0.46 0.35 0.18 0.30 0.11 0.39 0.07 0.37 0.38 0.88 0.76 0.40 1.00 0.47 0.98 0.98 0.43 0.48 0.19 0.38 0.04 0.97 0.17 0.12 0.23 0.77 0.03 0.47 0.46 0.88 0.71 0.25 0.60 0.30 0.39 0.29 0.49 0.67 0.33 0.30 0.12 0.66 0.49 0.67 0.77 0.25 0.65 0.10 0.92 0.21 0.61 0.57 0.38 0.64 0.78 0.20 0.85 0.96 0.80 0.06 0.67 0.54 0.86 0.60 0.03 0.78 0.44 0.65 0.58 0.67 0.69 0.96 0.46 0.94 0.11 ]
[0.59 0.44 0.33 0.09 0.10 0.56 0.79 0.52 0.67 0.06 0.46 0.46 0.40 0.08 0.10 0.45 0.14 0.47 1.00 0.23 0.08 0.20 0.48 0.97 0.57 0.91 0.55 0.64 0.58 0.35 0.69 0.09 0.34 0.26 0.03 0.38 0.61 0.80 0.15 0.14 0.65 0.91 0.87 0.25 0.81 0.91 0.99 0.18 0.64 0.31 0.30 0.88 0.04 0.49 0.46 0.07 0.05 0.44 0.99 0.72 0.74 0.09 0.54 0.02 0.63 0.26 0.71 0.41 0.27 0.40 0.92 0.10 0.64 0.36 0.22 0.43 0.11 0.90 0.20 0.34 ]
[0.54 0.63 0.06 0.01 0.31 0.39 0.07 0.54 0.42 0.54 0.21 0.65 0.80 0.57 0.16 0.57 0.75 0.98 0.23 1.00 0.16 0.65 0.10 0.53 0.49 0.43 0.11 0.73 0.72 0.95 0.52 0.19 0.51 0.10 0.73 0.40 0.35 0.65 0.08 0.56 0.05 0.17 0.15 0.05 0.43 0.44 0.26 0.13 0.24 0.73 0.12 0.39 0.72 0.26 0.56 0.54 0.01 0.99 0.41 0.90 0.19 0.54 0.25 0.27 0.03 0.57 0.51 0.72 0.74 0.72 0.55 0.18 0.71 0.23 0.43 0.69 0.01 0.77 0.75 0.51 ]
[0.86 0.39 0.69 0.30 0.21 0.48 0.29 0.78 0.15 0.72 0.59 0.02 0.06 0.32 0.39 0.91 0.47 0.98 0.08 0.16 1.00 0.97 0.18 0.03 0.70 0.94 0.06 0.58 0.32 0.84 0.43 0.93 0.72 0.54 0.43 0.17 0.46 0.54 0.90 0.65 0.06 0.29 0.45 0.16 0.97 0.96 0.27 0.17 0.10 0.97 0.99 0.28 0.15 0.74 0.46 0.17 0.61 0.45 0.95 0.59 0.16 0.42 0.09 0.38 0.76 0.73 0.44 0.66 0.31 0.54 0.23 0.85 0.59 0.03 0.28 0.48 0.83 0.00 0.96 0.41 ]
[0.37 0.24 0.25 0.85 0.44 0.82 0.26 0.74 0.81 0.05 0.57 0.79 0.38 0.07 0.47 0.92 0.58 0.43 0.20 0.65 0.97 1.00 0.20 0.45 0.59 0.08 0.43 0.50 0.06 0.35 0.16 0.99 0.54 0.68 0.23 0.42 0.74 0.05 0.63 0.72 0.03 0.03 0.03 0.52 0.79 0.24 0.63 0.73 0.55 0.72 0.26 0.88 0.86 0.26 0.53 0.15 0.11 0.45 0.79 0.28 0.91 0.92 0.34 0.86 0.96 0.07 0.24 0.07 0.50 0.20 0.11 0.32 0.44 0.04 0.67 0.91 0.66 0.20 0.54 0.59 ]
[0.82 0.41 0.23 0.77 0.17 0.02 0.34 0.24 0.28 0.31 0.93 0.44 0.81 0.83 0.32 0.49 0.27 0.48 0.48 0.10 0.18 0.20 1.00 0.13 0.70 0.73 0.81 0.14 0.46 0.00 0.28 0.77 0.17 0.16 0.99 0.23 0.34 0.70 0.35 0.77 0.34 0.16 0.35 0.03 0.22 0.01 0.13 0.00 0.99 0.56 0.50 0.23 0.20 0.92 0.32 0.33 0.98 0.61 0.28 0.46 0.59 0.89 0.77 0.82 0.47 0.94 0.72 0.88 0.73 0.65 0.57 0.86 0.39 0.21 0.67 0.15 0.42 0.45 0.86 0.39 ]
[0.54 0.63 0.27 0.40 0.37 0.82 0.19 0.27 0.13 0.12 0.97 0.75 0.77 0.10 0.41 0.82 0.91 0.19 0.97 0.53 0.03 0.45 0.13 1.00 0.04 0.72 0.07 0.29 0.77 0.26 0.08 0.35 0.51 0.56 0.39 0.66 0.08 0.28 0.55 0.83 0.08 0.56 0.81 0.51 0.10 0.12 0.30 0.58 0.24 0.62 0.71 0.51 0.13 0.47 0.60 0.54 0.92 0.33 0.12 0.10 0.93 0.30 0.14 0.47 0.15 0.41 0.26 0.47 0.70 0.84 0.65 0.46 0.41 0.87 0.04 0.30 0.33 0.65 0.18 0.70 ]
[0.91 0.80 0.60 0.14 0.01 0.04 0.51 0.60 0.85 0.19 0.32 0.98 0.17 0.11 0.80 0.83 0.40 0.38 0.57 0.49 0.70 0.59 0.70 0.04 1.00 0.23 0.09 0.21 0.91 0.95 0.29 0.66 0.43 0.03 0.97 0.11 0.80 0.39 0.18 0.25 0.02 0.94 0.59 0.63 0.61 0.91 0.42 0.62 0.15 0.65 0.24 0.19 0.58 0.89 0.86 0.42 0.74 0.33 0.77 0.53 0.28 0.74 0.77 0.13 0.87 0.22 0.88 0.80 0.21 0.96 0.29 0.95 0.33 0.65 0.14 0.02 0.88 0.39 0.59 0.32 ]
[0.75 0.49 0.22 0.65 0.96 0.57 0.91 0.33 0.56 0.25 0.17 0.37 0.56 0.51 0.78 0.61 0.71 0.04 0.91 0.43 0.94 0.08 0.73 0.72 0.23 1.00 0.64 0.09 0.32 0.75 0.27 0.47 0.07 0.32 0.98 0.77 0.74 0.50 0.50 0.36 0.64 0.67 0.75 0.30 0.69 0.08 0.86 0.51 0.05 0.02 0.95 0.40 0.40 0.05 0.80 0.66 0.30 0.45 0.08 0.27 0.08 0.17 0.48 0.13 0.89 0.31 0.39 0.73 0.84 0.15 0.60 0.02 0.34 0.64 0.98 0.88 0.76 0.57 0.43 0.70 ]
[1.00 0.48 0.82 0.52 0.67 0.87 0.63 0.71 0.77 0.20 0.62 0.37 0.20 0.20 0.60 0.80 0.21 0.97 0.55 0.11 0.06 0.43 0.81 0.07 0.09 0.64 1.00 0.18 0.35 0.18 0.50 0.64 0.51 0.94 0.28 0.13 0.08 0.93 0.57 0.50 0.17 0.40 0.60 0.98 0.40 0.32 0.13 0.73 0.07 0.05 0.76 0.20 0.37 0.46 0.63 0.75 0.20 0.81 0.75 0.66 0.87 0.91 0.99 0.13 0.94 0.37 0.60 0.35 0.98 0.28 0.52 0.45 0.21 0.26 0.98 0.28 0.71 0.51 0.41 0.40 ]
[0.90 0.62 0.06 0.91 0.33 0.79 0.88 0.12 0.79 0.39 0.22 0.04 0.84 0.58 0.54 0.94 0.32 0.17 0.64 0.73 0.58 0.50 0.14 0.29 0.21 0.09 0.18 1.00 0.79 0.71 0.94 0.90 0.18 0.68 0.58 0.37 0.65 0.64 0.04 0.02 0.95 0.74 0.55 0.82 0.01 0.97 0.58 0.57 0.79 0.58 0.85 0.88 0.69 0.23 0.39 0.02 0.78 0.57 1.00 0.79 0.22 0.60 0.32 0.60 0.75 0.37 0.52 0.30 0.57 0.91 0.43 0.09 0.39 0.27 0.35 0.56 0.78 0.99 0.31 0.57 ]
[0.93 0.49 0.43 0.72 0.48 0.16 0.73 0.69 0.23 0.93 0.98 0.68 0.52 0.92 0.80 0.09 0.58 0.12 0.58 0.72 0.32 0.06 0.46 0.77 0.91 0.32 0.35 0.79 1.00 0.62 0.15 0.06 0.79 0.92 0.30 0.77 0.05 0.66 0.96 0.05 0.46 0.33 0.35 0.84 0.97 0.07 0.13 0.51 0.28 0.39 0.96 0.31 0.78 0.13 0.14 0.68 0.46 0.92 0.51 0.46 0.65 0.09 0.66 0.86 0.36 0.36 0.74 0.19 0.74 0.84 0.66 0.83 0.27 0.06 0.43 0.59 0.02 0.01 0.56 0.06 ]
[0.21 0.39 0.34 0.59 0.26 0.77 0.95 0.69 0.08 0.85 0.26 0.34 0.76 0.51 0.08 0.55 0.98 0.23 0.35 0.95 0.84 0.35 0.00 0.26 0.95 0.75 0.18 0.71 0.62 1.00 0.12 0.14 0.19 0.64 0.23 0.57 0.27 0.44 0.84 0.49 0.33 0.25 0.41 0.17 0.07 0.43 0.54 0.56 0.66 0.35 0.88 0.39 0.20 0.58 0.62 0.27 0.44 0.06 0.39 0.85 0.51 0.37 0.89 0.87 0.18 0.45 0.65 0.56 0.63 0.43 0.82 0.01 0.33 0.08 0.39 0.91 0.93 0.29 0.10 0.76 ]
[0.54 0.99 0.35 0.09 0.30 0.11 0.78 0.71 0.31 0.32 0.21 0.01 0.78 0.50 0.62 0.80 0.23 0.77 0.69 0.52 0.43 0.16 0.28 0.08 0.29 0.27 0.50 0.94 0.15 0.12 1.00 0.11 0.07 0.29 0.64 0.28 0.37 0.39 0.65 0.15 0.80 0.11 0.44 0.06 0.72 0.40 0.19 0.15 0.30 0.67 0.73 0.30 0.80 0.62 0.48 0.82 0.06 0.86 0.91 0.43 0.44 0.12 0.75 0.02 0.19 0.65 0.40 0.86 0.12 0.17 0.68 0.09 0.09 0.12 0.66 0.89 0.89 0.56 0.45 0.86 ]
[0.36 0.62 0.68 0.87 0.64 0.03 0.24 0.25 0.65 0.08 0.17 0.69 0.14 0.74 0.51 0.88 0.85 0.03 0.09 0.19 0.93 0.99 0.77 0.35 0.66 0.47 0.64 0.90 0.06 0.14 0.11 1.00 0.17 0.50 0.88 0.00 0.91 0.07 0.06 0.62 0.87 0.95 0.15 0.53 0.00 0.78 0.55 0.33 0.27 0.03 0.23 0.92 0.22 0.22 0.28 0.03 0.47 0.52 0.72 0.93 0.08 0.53 0.34 0.76 0.45 0.74 0.62 0.34 0.70 0.20 0.78 0.97 0.24 0.30 0.60 0.89 0.44 0.83 0.63 0.24 ]
[0.87 0.33 0.35 0.07 0.43 0.47 0.19 0.14 0.11 0.17 0.11 0.47 0.55 0.38 0.07 0.34 0.79 0.47 0.34 0.51 0.72 0.54 0.17 0.51 0.43 0.07 0.51 0.18 0.79 0.19 0.07 0.17 1.00 0.80 0.59 0.88 0.10 0.10 0.57 0.96 0.48 0.04 0.25 0.51 0.71 0.82 0.90 0.32 0.54 0.65 0.84 0.07 0.54 0.29 0.71 0.89 0.36 0.05 0.16 0.03 0.92 0.59 0.42 0.45 0.16 0.31 0.54 0.92 0.02 0.72 0.37 0.67 0.50 0.63 0.75 0.53 0.18 0.98 0.20 0.37 ]
[0.33 0.49 0.47 0.74 0.83 0.74 0.10 0.88 0.63 0.30 0.80 0.85 0.52 0.21 0.90 0.66 0.10 0.46 0.26 0.10 0.54 0.68 0.16 0.56 0.03 0.32 0.94 0.68 0.92 0.64 0.29 0.50 0.80 1.00 0.90 0.84 0.38 0.98 0.39 0.42 0.62 0.62 0.13 0.26 0.50 0.52 0.62 0.91 0.18 0.31 0.77 0.21 0.11 0.53 0.45 0.41 0.13 0.78 0.13 0.46 0.40 0.98 0.12 0.76 0.55 0.44 0.81 0.05 0.13 0.76 0.49 0.33 0.95 0.76 0.83 0.34 0.76 0.45 0.31 0.04 ]
[0.30 0.35 0.48 0.45 0.10 0.59 0.34 0.00 0.83 0.22 0.85 0.65 0.20 0.61 0.48 0.19 0.96 0.88 0.03 0.73 0.43 0.23 0.99 0.39 0.97 0.98 0.28 0.58 0.30 0.23 0.64 0.88 0.59 0.90 1.00 0.80 0.28 0.93 0.40 0.85 0.58 0.67 0.76 0.79 0.44 0.96 0.14 0.18 0.90 0.94 0.60 0.40 0.63 0.06 0.66 0.76 0.98 0.19 0.35 0.48 0.51 0.73 0.10 0.88 0.13 0.60 0.95 0.40 0.56 0.61 0.96 0.77 0.66 0.48 0.48 0.98 0.60 1.00 0.75 0.07 ]
[0.95 0.32 0.61 0.11 0.24 0.86 0.23 0.96 0.12 0.83 0.99 0.73 0.44 0.59 0.91 0.74 0.74 0.71 0.38 0.40 0.17 0.42 0.23 0.66 0.11 0.77 0.13 0.37 0.77 0.57 0.28 0.00 0.88 0.84 0.80 1.00 0.78 0.70 0.54 0.27 0.12 0.39 0.49 0.12 0.29 0.02 0.97 0.52 0.64 0.71 0.59 0.41 0.20 0.75 1.00 0.71 0.82 0.11 0.61 0.66 0.37 0.59 0.49 0.44 0.03 0.44 0.30 0.99 0.76 0.68 0.99 0.68 0.62 0.09 0.59 0.81 0.68 0.28 0.64 0.24 ]
[0.20 0.68 0.70 0.49 0.42 0.83 0.98 0.47 0.84 0.67 0.01 0.95 0.01 0.60 0.31 0.38 0.72 0.25 0.61 0.35 0.46 0.74 0.34 0.08 0.80 0.74 0.08 0.65 0.05 0.27 0.37 0.91 0.10 0.38 0.28 0.78 1.00 0.69 0.18 0.03 0.00 0.48 0.82 0.10 0.20 0.23 0.27 0.32 0.05 0.27 0.46 0.21 0.92 0.78 0.07 0.66 0.70 0.67 0.72 0.72 0.42 0.32 0.46 0.13 0.35 0.46 0.85 0.74 0.51 0.33 0.61 0.88 0.27 0.04 0.63 0.27 0.17 0.77 0.76 0.74 ]
[0.63 0.12 0.44 0.48 0.13 0.49 0.83 0.44 0.96 0.67 0.83 0.09 0.75 0.95 0.76 0.03 0.94 0.60 0.80 0.65 0.54 0.05 0.70 0.28 0.39 0.50 0.93 0.64 0.66 0.44 0.39 0.07 0.10 0.98 0.93 0.70 0.69 1.00 0.72 0.46 0.79 0.84 0.70 0.72 0.05 0.80 0.13 0.09 0.49 0.79 0.10 0.92 0.58 0.99 0.01 0.87 0.15 0.24 0.47 0.03 0.46 0.32 0.87 0.42 0.20 0.37 0.53 0.91 0.80 0.31 0.43 0.43 0.58 0.66 0.64 0.41 0.18 0.57 0.30 0.48 ]
[0.34 0.99 0.40 0.70 0.60 0.71 0.70 0.00 0.16 0.36 0.64 0.17 0.28 0.99 0.80 0.00 0.60 0.30 0.15 0.08 0.90 0.63 0.35 0.55 0.18 0.50 0.57 0.04 0.96 0.84 0.65 0.06 0.57 0.39 0.40 0.54 0.18 0.72 1.00 0.54 0.39 0.20 0.71 0.86 0.30 0.74 0.43 0.60 0.82 0.04 0.43 0.47 0.78 0.23 0.47 0.89 0.94 0.06 0.28 0.94 0.60 0.05 0.59 0.42 0.03 0.20 0.14 0.59 0.97 0.86 0.69 0.94 0.08 0.41 0.60 0.89 0.85 0.71 0.61 0.12 ]
[0.31 0.92 0.79 0.36 0.88 0.76 0.42 0.92 0.66 0.28 0.12 0.13 0.88 0.71 0.03 0.21 0.83 0.39 0.14 0.56 0.65 0.72 0.77 0.83 0.25 0.36 0.50 0.02 0.05 0.49 0.15 0.62 0.96 0.42 0.85 0.27 0.03 0.46 0.54 1.00 0.88 0.57 0.84 0.00 0.90 0.97 0.16 0.79 0.32 0.19 0.13 0.36 0.58 0.23 0.62 0.12 0.31 0.85 0.52 0.85 0.10 0.72 0.93 0.97 0.85 0.39 0.88 0.35 0.68 0.78 0.78 0.61 0.54 0.50 0.97 0.08 0.82 0.84 0.43 0.60 ]
[0.45 0.86 0.75 0.60 0.04 0.39 0.77 0.83 0.98 0.78 0.85 0.15 0.34 0.99 0.04 0.27 0.32 0.29 0.65 0.05 0.06 0.03 0.34 0.08 0.02 0.64 0.17 0.95 0.46 0.33 0.80 0.87 0.48 0.62 0.58 0.12 0.00 0.79 0.39 0.88 1.00 0.90 0.32 0.89 0.33 0.14 0.91 0.57 0.29 0.90 0.46 0.41 0.68 0.03 0.44 0.19 0.86 0.78 0.38 0.78 0.52 0.24 0.64 0.61 0.56 0.50 0.08 0.35 0.05 0.13 0.89 0.22 0.18 0.16 0.12 0.19 0.56 0.03 0.47 0.99 ]
[0.46 0.26 0.85 0.65 0.57 0.49 0.73 0.57 0.70 0.66 0.77 0.48 0.11 0.50 0.74 0.05 0.96 0.49 0.91 0.17 0.29 0.03 0.16 0.56 0.94 0.67 0.40 0.74 0.33 0.25 0.11 0.95 0.04 0.62 0.67 0.39 0.48 0.84 0.20 0.57 0.90 1.00 0.18 0.80 0.41 0.63 0.30 0.08 0.37 0.63 0.93 0.54 0.12 0.26 0.45 0.35 0.72 0.09 0.94 0.75 0.52 0.29 0.91 0.86 0.79 0.50 0.71 0.53 0.73 0.30 0.36 0.50 0.98 0.93 0.20 0.61 0.40 0.52 0.08 0.04 ]
[0.84 0.70 0.56 0.30 0.62 0.59 0.87 0.88 0.70 0.90 0.68 0.46 0.10 0.94 0.64 0.11 0.58 0.67 0.87 0.15 0.45 0.03 0.35 0.81 0.59 0.75 0.60 0.55 0.35 0.41 0.44 0.15 0.25 0.13 0.76 0.49 0.82 0.70 0.71 0.84 0.32 0.18 1.00 0.79 0.36 0.77 0.05 0.60 0.68 0.30 0.54 0.54 0.70 0.89 0.22 0.71 0.37 0.27 0.44 0.44 0.53 0.18 0.66 0.01 0.47 0.95 0.69 0.60 0.94 0.92 0.42 0.94 0.42 0.04 0.16 0.96 0.70 0.86 0.19 0.10 ]
[0.33 0.70 0.18 0.29 0.55 0.37 0.29 0.93 0.55 0.25 0.65 0.06 0.26 0.41 0.17 0.69 0.73 0.33 0.25 0.05 0.16 0.52 0.03 0.51 0.63 0.30 0.98 0.82 0.84 0.17 0.06 0.53 0.51 0.26 0.79 0.12 0.10 0.72 0.86 0.00 0.89 0.80 0.79 1.00 0.93 0.08 0.35 0.79 0.60 0.55 0.84 0.90 0.93 0.63 0.74 0.95 0.92 0.21 0.51 0.82 0.03 0.65 0.23 0.21 0.08 0.23 0.17 0.02 0.73 0.10 0.52 0.41 0.65 0.99 0.40 0.26 0.93 0.19 0.93 0.70 ]
[0.31 0.31 0.33 0.89 0.95 0.26 0.97 0.46 0.48 0.40 0.68 0.10 0.09 0.45 0.43 0.98 0.12 0.30 0.81 0.43 0.97 0.79 0.22 0.10 0.61 0.69 0.40 0.01 0.97 0.07 0.72 0.00 0.71 0.50 0.44 0.29 0.20 0.05 0.30 0.90 0.33 0.41 0.36 0.93 1.00 0.71 0.86 0.79 0.71 0.32 0.98 0.90 0.02 0.41 0.36 0.46 0.52 0.12 0.32 0.87 0.38 0.20 0.87 0.59 0.48 0.10 0.45 0.89 0.87 0.34 0.62 0.74 0.35 0.05 0.42 0.67 0.57 0.15 0.24 0.34 ]
[0.35 0.11 0.14 0.74 0.25 0.09 0.79 0.38 0.87 0.58 0.46 0.34 0.16 0.68 0.83 0.72 0.53 0.12 0.91 0.44 0.96 0.24 0.01 0.12 0.91 0.08 0.32 0.97 0.07 0.43 0.40 0.78 0.82 0.52 0.96 0.02 0.23 0.80 0.74 0.97 0.14 0.63 0.77 0.08 0.71 1.00 0.84 0.18 0.30 0.37 0.02 0.41 0.59 0.83 0.93 0.18 0.06 0.91 0.31 0.08 0.79 0.66 0.66 0.32 0.87 0.46 0.64 0.28 0.56 0.21 0.61 0.89 0.65 0.20 0.96 0.54 0.28 0.12 0.48 0.11 ]
[0.66 0.92 0.91 0.72 0.16 0.19 0.27 0.93 0.62 0.78 0.93 0.74 0.06 0.77 0.66 0.99 0.12 0.66 0.99 0.26 0.27 0.63 0.13 0.30 0.42 0.86 0.13 0.58 0.13 0.54 0.19 0.55 0.90 0.62 0.14 0.97 0.27 0.13 0.43 0.16 0.91 0.30 0.05 0.35 0.86 0.84 1.00 0.63 0.53 0.56 0.37 0.06 0.35 0.29 0.26 0.39 0.81 0.14 0.82 0.76 0.74 0.48 0.17 0.27 0.68 0.04 0.05 0.25 0.67 0.98 0.88 0.91 0.04 0.51 0.40 0.88 0.54 0.79 0.06 0.93 ]
[0.11 0.26 0.72 0.06 0.84 0.23 0.16 0.82 0.42 0.11 0.28 1.00 0.60 0.61 0.89 0.06 0.25 0.49 0.18 0.13 0.17 0.73 0.00 0.58 0.62 0.51 0.73 0.57 0.51 0.56 0.15 0.33 0.32 0.91 0.18 0.52 0.32 0.09 0.60 0.79 0.57 0.08 0.60 0.79 0.79 0.18 0.63 1.00 0.30 0.09 0.49 0.84 0.60 0.02 0.31 0.73 0.66 0.87 0.38 0.33 0.19 0.87 0.19 0.05 0.43 0.91 0.12 0.51 0.63 0.77 0.58 0.43 0.48 0.07 0.73 0.20 0.01 0.54 0.87 0.33 ]
[0.51 0.73 0.80 0.25 0.94 0.65 0.04 0.60 0.07 0.64 0.57 0.20 0.73 0.92 0.30 0.90 0.73 0.67 0.64 0.24 0.10 0.55 0.99 0.24 0.15 0.05 0.07 0.79 0.28 0.66 0.30 0.27 0.54 0.18 0.90 0.64 0.05 0.49 0.82 0.32 0.29 0.37 0.68 0.60 0.71 0.30 0.53 0.30 1.00 0.13 0.00 0.75 0.24 0.25 0.45 1.00 0.70 0.64 0.98 0.14 0.39 0.98 0.94 0.79 0.99 0.63 0.61 0.08 0.81 0.93 0.37 0.99 0.21 0.83 0.28 0.99 0.68 0.63 0.79 0.03 ]
[0.90 0.71 0.68 0.23 0.32 0.13 0.54 0.96 0.27 0.31 0.01 0.53 0.32 0.96 0.52 0.14 0.08 0.77 0.31 0.73 0.97 0.72 0.56 0.62 0.65 0.02 0.05 0.58 0.39 0.35 0.67 0.03 0.65 0.31 0.94 0.71 0.27 0.79 0.04 0.19 0.90 0.63 0.30 0.55 0.32 0.37 0.56 0.09 0.13 1.00 0.32 0.27 0.70 0.89 0.50 0.18 0.65 0.66 1.00 0.76 0.48 0.70 0.61 0.23 0.86 0.81 0.04 0.39 0.76 0.25 0.15 0.35 0.94 0.84 0.98 0.05 0.19 0.18 0.48 0.18 ]
[0.92 0.02 0.66 0.74 0.78 0.83 0.18 0.62 0.88 0.80 0.38 0.50 0.32 0.54 0.97 0.34 0.32 0.25 0.30 0.12 0.99 0.26 0.50 0.71 0.24 0.95 0.76 0.85 0.96 0.88 0.73 0.23 0.84 0.77 0.60 0.59 0.46 0.10 0.43 0.13 0.46 0.93 0.54 0.84 0.98 0.02 0.37 0.49 0.00 0.32 1.00 0.64 0.84 0.34 0.71 0.59 0.94 0.30 0.12 0.97 0.43 0.14 0.60 0.02 0.98 0.91 0.40 0.69 0.24 0.64 0.68 0.76 0.93 0.49 0.32 0.63 0.26 0.73 0.65 0.46 ]
[0.70 0.98 0.14 0.94 0.15 0.48 0.17 0.57 0.05 0.73 0.50 0.39 0.03 0.70 0.18 0.19 0.66 0.65 0.88 0.39 0.28 0.88 0.23 0.51 0.19 0.40 0.20 0.88 0.31 0.39 0.30 0.92 0.07 0.21 0.40 0.41 0.21 0.92 0.47 0.36 0.41 0.54 0.54 0.90 0.90 0.41 0.06 0.84 0.75 0.27 0.64 1.00 0.96 0.97 0.21 0.80 0.25 0.27 0.59 0.38 0.22 0.23 0.30 0.42 0.39 0.45 0.63 0.06 0.17 0.04 0.35 0.87 0.66 0.32 0.16 0.63 0.60 0.96 0.37 0.79 ]
[0.94 0.82 0.89 0.87 0.49 0.71 0.99 0.94 0.77 0.59 0.35 0.51 0.29 0.34 0.66 0.63 0.14 0.10 0.04 0.72 0.15 0.86 0.20 0.13 0.58 0.40 0.37 0.69 0.78 0.20 0.80 0.22 0.54 0.11 0.63 0.20 0.92 0.58 0.78 0.58 0.68 0.12 0.70 0.93 0.02 0.59 0.35 0.60 0.24 0.70 0.84 0.96 1.00 0.14 0.98 0.53 0.07 0.84 0.67 0.30 0.69 0.23 0.76 0.28 0.08 0.93 0.21 0.32 0.81 0.98 0.50 0.38 0.53 0.04 0.09 0.19 0.53 0.22 0.85 0.22 ]
[0.23 0.81 0.41 0.86 0.86 0.12 0.17 0.39 0.12 0.97 0.18 0.24 0.31 0.87 0.44 0.95 0.89 0.92 0.49 0.26 0.74 0.26 0.92 0.47 0.89 0.05 0.46 0.23 0.13 0.58 0.62 0.22 0.29 0.53 0.06 0.75 0.78 0.99 0.23 0.23 0.03 0.26 0.89 0.63 0.41 0.83 0.29 0.02 0.25 0.89 0.34 0.97 0.14 1.00 0.91 0.70 0.12 0.75 0.01 0.69 0.51 0.46 0.44 0.95 0.63 0.70 0.23 0.86 0.48 0.69 0.38 0.10 0.75 0.60 0.91 0.04 0.39 0.51 0.10 0.72 ]
[0.85 0.85 0.43 0.07 0.80 0.61 0.29 0.33 0.44 0.46 0.92 0.46 0.74 0.41 0.02 0.82 0.87 0.21 0.46 0.56 0.46 0.53 0.32 0.60 0.86 0.80 0.63 0.39 0.14 0.62 0.48 0.28 0.71 0.45 0.66 1.00 0.07 0.01 0.47 0.62 0.44 0.45 0.22 0.74 0.36 0.93 0.26 0.31 0.45 0.50 0.71 0.21 0.98 0.91 1.00 0.69 0.97 0.30 0.33 0.20 0.47 0.21 0.34 0.75 0.66 0.03 0.14 0.03 0.59 0.94 0.56 0.11 0.91 0.14 0.77 0.41 0.20 0.68 0.40 0.02 ]
[0.27 0.27 0.97 0.56 0.35 0.28 0.32 0.96 0.76 0.75 0.50 0.81 0.54 0.76 0.06 0.01 0.17 0.61 0.07 0.54 0.17 0.15 0.33 0.54 0.42 0.66 0.75 0.02 0.68 0.27 0.82 0.03 0.89 0.41 0.76 0.71 0.66 0.87 0.89 0.12 0.19 0.35 0.71 0.95 0.46 0.18 0.39 0.73 1.00 0.18 0.59 0.80 0.53 0.70 0.69 1.00 0.77 0.33 0.11 0.64 0.98 0.61 0.49 0.60 0.29 0.27 0.14 0.40 0.64 0.14 0.14 0.76 0.99 0.57 0.95 0.23 0.36 0.86 0.07 0.22 ]
[0.01 0.78 0.47 0.19 0.44 0.96 0.50 0.51 0.52 0.01 0.87 0.83 0.33 0.87 0.59 0.50 0.96 0.57 0.05 0.01 0.61 0.11 0.98 0.92 0.74 0.30 0.20 0.78 0.46 0.44 0.06 0.47 0.36 0.13 0.98 0.82 0.70 0.15 0.94 0.31 0.86 0.72 0.37 0.92 0.52 0.06 0.81 0.66 0.70 0.65 0.94 0.25 0.07 0.12 0.97 0.77 1.00 0.81 0.15 0.16 0.15 0.80 0.84 0.07 0.02 0.26 0.38 0.78 0.51 0.80 0.79 0.08 0.84 0.46 0.74 0.75 0.95 0.06 0.83 0.73 ]
[0.26 0.74 0.88 0.31 0.28 0.21 0.77 0.94 0.11 0.85 0.59 0.20 0.99 0.01 0.27 0.34 0.00 0.38 0.44 0.99 0.45 0.45 0.61 0.33 0.33 0.45 0.81 0.57 0.92 0.06 0.86 0.52 0.05 0.78 0.19 0.11 0.67 0.24 0.06 0.85 0.78 0.09 0.27 0.21 0.12 0.91 0.14 0.87 0.64 0.66 0.30 0.27 0.84 0.75 0.30 0.33 0.81 1.00 0.90 0.22 0.81 0.43 0.84 0.09 0.85 0.19 0.54 0.17 0.67 0.03 0.56 0.94 0.91 0.11 0.14 0.29 0.60 0.58 0.09 0.13 ]
[0.64 0.02 0.78 0.99 0.63 0.31 0.78 0.81 0.89 0.89 0.80 0.13 0.30 0.79 0.99 0.74 0.15 0.64 0.99 0.41 0.95 0.79 0.28 0.12 0.77 0.08 0.75 1.00 0.51 0.39 0.91 0.72 0.16 0.13 0.35 0.61 0.72 0.47 0.28 0.52 0.38 0.94 0.44 0.51 0.32 0.31 0.82 0.38 0.98 1.00 0.12 0.59 0.67 0.01 0.33 0.11 0.15 0.90 1.00 0.44 0.44 0.20 0.01 0.88 0.82 0.32 0.77 0.75 0.85 0.22 0.86 0.29 0.96 0.43 0.30 0.46 0.96 0.39 0.98 0.16 ]
[0.94 0.62 0.35 0.01 0.58 0.74 0.43 0.35 0.53 0.63 0.76 0.78 0.17 0.75 0.75 0.59 0.57 0.78 0.72 0.90 0.59 0.28 0.46 0.10 0.53 0.27 0.66 0.79 0.46 0.85 0.43 0.93 0.03 0.46 0.48 0.66 0.72 0.03 0.94 0.85 0.78 0.75 0.44 0.82 0.87 0.08 0.76 0.33 0.14 0.76 0.97 0.38 0.30 0.69 0.20 0.64 0.16 0.22 0.44 1.00 0.94 0.26 0.44 0.19 0.42 0.37 0.78 0.79 0.66 0.40 0.96 0.67 0.29 0.07 0.91 0.14 0.82 0.91 0.42 0.16 ]
[0.16 0.38 0.08 0.24 0.51 0.23 0.11 0.35 0.98 0.44 0.99 0.73 0.96 0.19 0.81 0.07 0.99 0.20 0.74 0.19 0.16 0.91 0.59 0.93 0.28 0.08 0.87 0.22 0.65 0.51 0.44 0.08 0.92 0.40 0.51 0.37 0.42 0.46 0.60 0.10 0.52 0.52 0.53 0.03 0.38 0.79 0.74 0.19 0.39 0.48 0.43 0.22 0.69 0.51 0.47 0.98 0.15 0.81 0.44 0.94 1.00 0.82 0.67 0.94 0.99 0.10 0.67 0.83 0.55 0.53 0.79 0.47 0.97 0.31 0.60 0.67 0.74 0.20 0.09 0.24 ]
[0.09 0.24 0.22 0.57 0.68 0.69 0.82 0.22 0.76 0.01 0.53 0.89 0.54 0.59 0.72 0.20 0.51 0.85 0.09 0.54 0.42 0.92 0.89 0.30 0.74 0.17 0.91 0.60 0.09 0.37 0.12 0.53 0.59 0.98 0.73 0.59 0.32 0.32 0.05 0.72 0.24 0.29 0.18 0.65 0.20 0.66 0.48 0.87 0.98 0.70 0.14 0.23 0.23 0.46 0.21 0.61 0.80 0.43 0.20 0.26 0.82 1.00 0.19 0.32 0.98 0.92 0.82 0.10 0.36 0.80 0.22 0.13 0.64 0.22 0.97 0.91 0.36 0.92 0.49 0.04 ]
[0.18 0.92 0.18 0.37 0.90 0.88 0.19 0.98 0.99 0.05 0.51 0.78 0.20 0.83 0.64 0.09 0.98 0.96 0.54 0.25 0.09 0.34 0.77 0.14 0.77 0.48 0.99 0.32 0.66 0.89 0.75 0.34 0.42 0.12 0.10 0.49 0.46 0.87 0.59 0.93 0.64 0.91 0.66 0.23 0.87 0.66 0.17 0.19 0.94 0.61 0.60 0.30 0.76 0.44 0.34 0.49 0.84 0.84 0.01 0.44 0.67 0.19 1.00 0.53 0.83 0.03 0.91 0.82 0.33 0.64 0.25 0.98 0.43 0.89 0.30 0.07 0.08 0.98 0.37 0.79 ]
[0.93 0.48 0.96 0.66 0.34 0.77 0.57 0.17 0.62 0.45 0.82 0.58 0.85 0.92 0.25 0.19 0.82 0.80 0.02 0.27 0.38 0.86 0.82 0.47 0.13 0.13 0.13 0.60 0.86 0.87 0.02 0.76 0.45 0.76 0.88 0.44 0.13 0.42 0.42 0.97 0.61 0.86 0.01 0.21 0.59 0.32 0.27 0.05 0.79 0.23 0.02 0.42 0.28 0.95 0.75 0.60 0.07 0.09 0.88 0.19 0.94 0.32 0.53 1.00 0.24 0.39 0.45 0.25 0.21 0.59 0.44 0.20 0.48 0.34 0.44 0.57 0.43 0.69 0.82 0.25 ]
[0.19 0.14 0.75 0.44 0.76 0.81 0.72 0.42 0.46 0.14 0.97 0.57 0.96 0.33 0.90 0.84 0.15 0.06 0.63 0.03 0.76 0.96 0.47 0.15 0.87 0.89 0.94 0.75 0.36 0.18 0.19 0.45 0.16 0.55 0.13 0.03 0.35 0.20 0.03 0.85 0.56 0.79 0.47 0.08 0.48 0.87 0.68 0.43 0.99 0.86 0.98 0.39 0.08 0.63 0.66 0.29 0.02 0.85 0.82 0.42 0.99 0.98 0.83 0.24 1.00 0.40 0.26 0.93 0.42 1.00 0.66 0.63 0.97 0.52 0.10 0.82 0.17 0.40 0.99 0.41 ]
[0.69 0.58 0.16 0.41 0.70 0.68 0.49 0.43 0.41 0.47 0.38 0.70 0.32 0.52 0.78 0.00 0.59 0.67 0.26 0.57 0.73 0.07 0.94 0.41 0.22 0.31 0.37 0.37 0.36 0.45 0.65 0.74 0.31 0.44 0.60 0.44 0.46 0.37 0.20 0.39 0.50 0.50 0.95 0.23 0.10 0.46 0.04 0.91 0.63 0.81 0.91 0.45 0.93 0.70 0.03 0.27 0.26 0.19 0.32 0.37 0.10 0.92 0.03 0.39 0.40 1.00 0.42 0.70 0.14 0.88 0.07 0.75 0.90 0.62 0.81 0.93 0.36 0.33 0.84 0.54 ]
[0.21 0.88 0.61 0.58 0.81 0.65 0.23 0.78 0.14 0.70 0.79 0.39 0.54 0.59 0.05 0.58 0.70 0.54 0.71 0.51 0.44 0.24 0.72 0.26 0.88 0.39 0.60 0.52 0.74 0.65 0.40 0.62 0.54 0.81 0.95 0.30 0.85 0.53 0.14 0.88 0.08 0.71 0.69 0.17 0.45 0.64 0.05 0.12 0.61 0.04 0.40 0.63 0.21 0.23 0.14 0.14 0.38 0.54 0.77 0.78 0.67 0.82 0.91 0.45 0.26 0.42 1.00 0.59 0.35 0.22 0.39 0.45 0.66 0.53 0.42 0.11 0.53 0.99 0.32 0.30 ]
[0.67 0.64 0.55 0.27 0.02 0.20 0.99 0.07 0.64 0.12 0.58 0.37 0.75 0.43 0.66 0.13 0.08 0.86 0.41 0.72 0.66 0.07 0.88 0.47 0.80 0.73 0.35 0.30 0.19 0.56 0.86 0.34 0.92 0.05 0.40 0.99 0.74 0.91 0.59 0.35 0.35 0.53 0.60 0.02 0.89 0.28 0.25 0.51 0.08 0.39 0.69 0.06 0.32 0.86 0.03 0.40 0.78 0.17 0.75 0.79 0.83 0.10 0.82 0.25 0.93 0.70 0.59 1.00 0.49 0.19 0.39 0.47 0.62 0.57 0.44 0.28 0.35 0.06 0.46 0.57 ]
[0.98 0.04 0.90 0.27 0.51 0.04 0.73 0.74 0.56 0.21 0.22 0.14 0.51 0.20 0.06 0.16 0.68 0.60 0.27 0.74 0.31 0.50 0.73 0.70 0.21 0.84 0.98 0.57 0.74 0.63 0.12 0.70 0.02 0.13 0.56 0.76 0.51 0.80 0.97 0.68 0.05 0.73 0.94 0.73 0.87 0.56 0.67 0.63 0.81 0.76 0.24 0.17 0.81 0.48 0.59 0.64 0.51 0.67 0.85 0.66 0.55 0.36 0.33 0.21 0.42 0.14 0.35 0.49 1.00 0.20 0.95 0.93 0.39 0.06 0.58 0.14 0.58 0.31 0.97 0.04 ]
[0.62 0.98 0.35 0.28 0.08 0.11 0.95 0.78 0.35 0.04 0.82 0.37 0.70 0.55 0.13 0.88 0.65 0.03 0.40 0.72 0.54 0.20 0.65 0.84 0.96 0.15 0.28 0.91 0.84 0.43 0.17 0.20 0.72 0.76 0.61 0.68 0.33 0.31 0.86 0.78 0.13 0.30 0.92 0.10 0.34 0.21 0.98 0.77 0.93 0.25 0.64 0.04 0.98 0.69 0.94 0.14 0.80 0.03 0.22 0.40 0.53 0.80 0.64 0.59 1.00 0.88 0.22 0.19 0.20 1.00 0.88 0.28 0.88 0.09 0.79 0.96 0.74 0.43 0.12 0.62 ]
[0.45 0.60 0.88 0.08 0.64 0.16 0.18 0.51 0.43 0.43 0.61 0.42 0.85 0.37 0.67 0.49 0.32 0.78 0.92 0.55 0.23 0.11 0.57 0.65 0.29 0.60 0.52 0.43 0.66 0.82 0.68 0.78 0.37 0.49 0.96 0.99 0.61 0.43 0.69 0.78 0.89 0.36 0.42 0.52 0.62 0.61 0.88 0.58 0.37 0.15 0.68 0.35 0.50 0.38 0.56 0.14 0.79 0.56 0.86 0.96 0.79 0.22 0.25 0.44 0.66 0.07 0.39 0.39 0.95 0.88 1.00 0.74 0.94 0.21 0.07 0.38 0.18 0.94 0.85 0.46 ]
[0.99 0.82 0.11 0.95 0.25 0.86 0.54 0.19 0.19 0.46 0.33 0.57 0.88 0.22 0.70 0.40 0.24 0.44 0.10 0.18 0.85 0.32 0.86 0.46 0.95 0.02 0.45 0.09 0.83 0.01 0.09 0.97 0.67 0.33 0.77 0.68 0.88 0.43 0.94 0.61 0.22 0.50 0.94 0.41 0.74 0.89 0.91 0.43 0.99 0.35 0.76 0.87 0.38 0.10 0.11 0.76 0.08 0.94 0.29 0.67 0.47 0.13 0.98 0.20 0.63 0.75 0.45 0.47 0.93 0.28 0.74 1.00 0.81 0.54 0.29 0.43 0.92 0.80 0.47 0.72 ]
[0.40 0.25 0.03 0.14 0.94 0.81 0.51 0.89 0.65 0.77 0.68 0.87 0.02 0.16 0.45 0.68 0.03 0.65 0.64 0.71 0.59 0.44 0.39 0.41 0.33 0.34 0.21 0.39 0.27 0.33 0.09 0.24 0.50 0.95 0.66 0.62 0.27 0.58 0.08 0.54 0.18 0.98 0.42 0.65 0.35 0.65 0.04 0.48 0.21 0.94 0.93 0.66 0.53 0.75 0.91 0.99 0.84 0.91 0.96 0.29 0.97 0.64 0.43 0.48 0.97 0.90 0.66 0.62 0.39 0.88 0.94 0.81 1.00 0.91 0.07 0.59 0.63 0.30 0.82 0.98 ]
[0.46 0.38 0.60 0.58 0.44 0.62 0.30 0.94 0.46 0.70 0.07 0.18 0.49 0.79 0.34 0.08 0.95 0.58 0.36 0.23 0.03 0.04 0.21 0.87 0.65 0.64 0.26 0.27 0.06 0.08 0.12 0.30 0.63 0.76 0.48 0.09 0.04 0.66 0.41 0.50 0.16 0.93 0.04 0.99 0.05 0.20 0.51 0.07 0.83 0.84 0.49 0.32 0.04 0.60 0.14 0.57 0.46 0.11 0.43 0.07 0.31 0.22 0.89 0.34 0.52 0.62 0.53 0.57 0.06 0.09 0.21 0.54 0.91 1.00 0.33 0.94 0.96 0.80 0.01 0.50 ]
[0.59 0.12 0.33 0.17 0.78 0.46 0.70 0.87 0.33 0.41 0.39 0.48 0.50 0.45 0.09 0.95 0.35 0.67 0.22 0.43 0.28 0.67 0.67 0.04 0.14 0.98 0.98 0.35 0.43 0.39 0.66 0.60 0.75 0.83 0.48 0.59 0.63 0.64 0.60 0.97 0.12 0.20 0.16 0.40 0.42 0.96 0.40 0.73 0.28 0.98 0.32 0.16 0.09 0.91 0.77 0.95 0.74 0.14 0.30 0.91 0.60 0.97 0.30 0.44 0.10 0.81 0.42 0.44 0.58 0.79 0.07 0.29 0.07 0.33 1.00 0.71 0.29 0.34 0.96 0.21 ]
[0.93 0.65 1.00 0.94 0.11 0.55 0.83 0.77 0.32 0.52 0.94 0.92 0.23 0.41 0.81 0.95 0.62 0.69 0.43 0.69 0.48 0.91 0.15 0.30 0.02 0.88 0.28 0.56 0.59 0.91 0.89 0.89 0.53 0.34 0.98 0.81 0.27 0.41 0.89 0.08 0.19 0.61 0.96 0.26 0.67 0.54 0.88 0.20 0.99 0.05 0.63 0.63 0.19 0.04 0.41 0.23 0.75 0.29 0.46 0.14 0.67 0.91 0.07 0.57 0.82 0.93 0.11 0.28 0.14 0.96 0.38 0.43 0.59 0.94 0.71 1.00 0.48 0.29 0.98 0.31 ]
[0.57 0.35 0.42 0.23 0.24 0.07 0.56 0.47 0.79 0.15 0.10 0.57 0.78 0.20 0.21 0.39 0.95 0.96 0.11 0.01 0.83 0.66 0.42 0.33 0.88 0.76 0.71 0.78 0.02 0.93 0.89 0.44 0.18 0.76 0.60 0.68 0.17 0.18 0.85 0.82 0.56 0.40 0.70 0.93 0.57 0.28 0.54 0.01 0.68 0.19 0.26 0.60 0.53 0.39 0.20 0.36 0.95 0.60 0.96 0.82 0.74 0.36 0.08 0.43 0.17 0.36 0.53 0.35 0.58 0.74 0.18 0.92 0.63 0.96 0.29 0.48 1.00 0.23 0.72 0.71 ]
[0.32 0.73 0.79 0.88 0.22 0.34 0.94 0.16 0.83 0.15 0.96 0.94 0.07 0.63 0.29 0.09 0.16 0.46 0.90 0.77 0.00 0.20 0.45 0.65 0.39 0.57 0.51 0.99 0.01 0.29 0.56 0.83 0.98 0.45 1.00 0.28 0.77 0.57 0.71 0.84 0.03 0.52 0.86 0.19 0.15 0.12 0.79 0.54 0.63 0.18 0.73 0.96 0.22 0.51 0.68 0.86 0.06 0.58 0.39 0.91 0.20 0.92 0.98 0.69 0.40 0.33 0.99 0.06 0.31 0.43 0.94 0.80 0.30 0.80 0.34 0.29 0.23 1.00 0.75 0.48 ]
[0.41 0.05 0.66 0.17 0.22 0.56 0.54 0.40 0.88 0.69 0.37 0.36 0.68 0.00 0.04 0.09 0.54 0.94 0.20 0.75 0.96 0.54 0.86 0.18 0.59 0.43 0.41 0.31 0.56 0.10 0.45 0.63 0.20 0.31 0.75 0.64 0.76 0.30 0.61 0.43 0.47 0.08 0.19 0.93 0.24 0.48 0.06 0.87 0.79 0.48 0.65 0.37 0.85 0.10 0.40 0.07 0.83 0.09 0.98 0.42 0.09 0.49 0.37 0.82 0.99 0.84 0.32 0.46 0.97 0.12 0.85 0.47 0.82 0.01 0.96 0.98 0.72 0.75 1.00 0.31 ]
[0.14 0.55 0.11 0.36 0.92 0.47 0.55 0.32 0.94 0.05 0.24 0.05 0.89 0.83 0.41 0.43 0.02 0.11 0.34 0.51 0.41 0.59 0.39 0.70 0.32 0.70 0.40 0.57 0.06 0.76 0.86 0.24 0.37 0.04 0.07 0.24 0.74 0.48 0.12 0.60 0.99 0.04 0.10 0.70 0.34 0.11 0.93 0.33 0.03 0.18 0.46 0.79 0.22 0.72 0.02 0.22 0.73 0.13 0.16 0.16 0.24 0.04 0.79 0.25 0.41 0.54 0.30 0.57 0.04 0.62 0.46 0.72 0.98 0.50 0.21 0.31 0.71 0.48 0.31 1.00 ]
];
