D = 8;
n = [ 3 3 3 3 3 3 3 3 ];
N = 62;
d = [1 1 1 1 1 1 1 2 2 2 2 2 2 2 3 3 3 3 3 3 3 4 4 4 4 4 4 4 5 5 5 5 5 5 5 6 6 6 6 6 6 6 7 7 7 7 7 7 7 8 8 8 8 8 8 8 8 8 8 8 8 8 ];
m = [
[1.00 0.95 0.63 0.70 0.57 0.76 0.64 1.00 0.43 0.16 0.87 0.11 0.43 0.07 0.27 0.45 0.88 0.01 0.35 0.13 0.66 0.16 0.10 0.19 0.46 0.32 0.27 0.03 0.56 0.10 0.83 0.47 0.84 0.84 0.43 0.65 0.32 0.33 0.60 0.98 0.15 0.01 0.11 0.18 0.77 0.30 0.78 0.96 0.36 0.17 0.11 0.87 0.54 0.44 0.20 0.77 0.13 0.65 0.95 0.20 0.07 0.90 ]
[0.95 1.00 0.31 0.46 0.77 0.33 0.39 0.14 0.70 0.79 0.20 0.55 0.85 0.91 0.83 0.92 0.79 0.61 0.22 0.87 0.70 0.17 0.53 0.95 0.22 0.12 0.67 0.16 0.35 0.76 0.97 0.94 0.26 0.13 0.27 0.82 0.39 0.36 0.50 0.69 0.99 0.72 0.67 0.96 0.78 0.87 0.79 0.84 0.89 0.01 0.92 0.29 0.91 0.44 0.08 0.82 0.70 0.08 0.96 0.24 0.54 0.99 ]
[0.63 0.31 1.00 0.03 0.60 0.21 0.31 0.71 0.92 0.27 0.43 0.23 0.32 0.18 0.27 0.12 0.36 0.85 0.96 0.36 0.70 0.96 0.51 0.86 0.41 0.21 0.72 0.16 0.61 0.92 0.51 0.58 0.94 0.88 0.65 0.74 0.01 0.79 0.72 0.88 0.21 0.00 0.64 0.18 1.00 0.31 0.03 0.22 0.03 0.62 0.88 0.75 0.00 0.93 0.55 0.84 0.02 0.17 0.86 0.94 0.79 0.57 ]
[0.70 0.46 0.03 1.00 0.49 0.76 0.47 0.88 0.86 0.82 0.10 0.94 0.60 0.59 0.43 0.05 0.84 0.87 0.88 0.90 0.63 0.13 0.03 0.78 0.33 0.97 0.56 0.88 0.83 0.85 0.64 0.54 0.02 0.87 0.74 0.36 0.33 0.30 0.89 0.02 0.66 0.19 0.16 0.39 0.18 0.59 0.98 0.06 0.96 0.74 0.76 0.92 0.41 0.95 0.44 0.14 0.36 0.22 0.89 0.20 0.28 0.51 ]
[0.57 0.77 0.60 0.49 1.00 0.34 0.80 0.39 0.55 0.20 0.64 0.06 0.85 0.41 0.01 0.22 0.36 0.30 0.30 0.71 0.20 0.27 0.08 0.18 0.37 0.24 0.38 0.90 0.30 0.98 0.19 0.57 0.93 0.70 0.51 0.73 0.02 0.21 0.80 0.94 0.68 0.87 0.17 0.08 0.48 0.95 0.14 0.38 0.07 0.86 0.40 0.74 0.60 0.29 0.63 0.78 0.42 0.14 0.98 0.46 0.88 0.25 ]
[0.76 0.33 0.21 0.76 0.34 1.00 0.73 0.52 0.70 0.11 0.07 0.05 0.94 0.92 0.71 1.00 0.38 0.56 0.47 0.83 0.09 0.31 0.58 0.92 0.59 0.49 1.00 0.80 0.38 0.03 0.75 0.45 0.05 0.63 0.70 0.48 0.25 0.68 0.57 0.03 0.20 0.14 0.84 0.06 0.23 0.79 0.50 0.23 0.13 0.63 0.44 0.26 0.95 0.33 0.24 0.40 0.24 0.06 0.22 1.00 0.38 0.47 ]
[0.64 0.39 0.31 0.47 0.80 0.73 1.00 0.24 0.23 0.91 0.86 0.85 0.15 0.60 0.56 0.08 0.59 0.58 0.43 0.14 0.03 0.34 0.23 0.40 0.28 0.41 0.32 0.10 0.56 0.91 0.81 0.06 0.73 0.59 0.61 0.35 0.11 0.66 0.03 0.05 0.45 0.92 0.85 0.25 0.03 0.80 0.11 0.69 0.16 0.04 0.40 0.92 0.66 0.66 0.93 0.27 0.99 0.65 0.66 0.41 0.78 0.80 ]
[1.00 0.14 0.71 0.88 0.39 0.52 0.24 1.00 0.52 0.52 0.08 0.05 0.88 0.89 0.17 0.54 0.97 0.02 0.08 0.01 0.80 0.91 0.32 0.29 0.43 0.57 0.89 0.62 0.01 0.86 0.10 0.84 0.75 0.79 0.18 0.03 0.92 0.32 0.86 0.49 0.65 0.86 0.91 0.43 0.97 0.41 0.87 0.64 0.53 0.20 0.76 0.50 0.78 0.37 0.30 0.97 0.42 0.70 0.40 0.20 0.93 0.21 ]
[0.43 0.70 0.92 0.86 0.55 0.70 0.23 0.52 1.00 0.71 0.51 0.44 0.54 0.86 0.53 0.36 0.31 0.56 0.16 0.74 0.40 0.84 0.25 0.11 0.92 0.87 0.18 0.15 0.48 0.43 0.11 0.09 0.85 0.30 0.88 0.29 0.57 0.31 0.02 0.31 0.80 0.35 0.43 0.88 0.24 0.54 0.42 0.88 0.05 0.26 0.36 0.88 0.06 0.57 0.89 0.50 0.88 0.38 0.24 0.17 0.23 0.87 ]
[0.16 0.79 0.27 0.82 0.20 0.11 0.91 0.52 0.71 1.00 0.98 0.27 0.38 0.04 0.24 0.94 0.18 0.87 0.52 0.68 0.63 0.67 0.19 0.77 0.03 0.87 0.06 0.73 0.83 0.54 0.95 0.76 0.59 0.37 0.55 0.68 0.16 0.56 0.99 0.72 0.06 0.11 0.99 0.59 0.94 0.46 0.23 0.17 0.58 0.64 0.72 0.26 0.18 0.89 0.35 0.74 0.08 0.55 0.06 0.93 0.33 0.04 ]
[0.87 0.20 0.43 0.10 0.64 0.07 0.86 0.08 0.51 0.98 1.00 0.41 0.73 0.72 0.85 0.95 0.87 0.96 0.18 0.61 0.46 0.41 0.18 0.05 0.24 0.72 0.20 0.64 0.89 0.40 0.85 0.28 0.25 0.26 0.16 0.65 0.55 0.98 0.22 0.91 0.55 0.63 0.15 0.81 0.19 0.58 0.23 0.94 0.99 0.99 0.77 0.49 0.63 0.23 0.52 0.49 0.80 0.42 0.71 0.07 0.42 0.20 ]
[0.11 0.55 0.23 0.94 0.06 0.05 0.85 0.05 0.44 0.27 0.41 1.00 0.33 0.13 0.48 0.14 0.49 0.11 0.43 0.76 0.32 0.39 0.08 0.00 0.82 0.06 0.53 0.29 0.13 0.66 0.61 0.08 0.73 0.39 0.57 0.52 0.73 0.52 0.85 0.84 0.36 0.03 0.42 0.61 0.26 0.77 0.77 0.08 0.52 0.92 0.98 0.01 0.79 0.95 0.14 0.72 0.29 0.38 0.80 0.32 0.98 0.25 ]
[0.43 0.85 0.32 0.60 0.85 0.94 0.15 0.88 0.54 0.38 0.73 0.33 1.00 0.37 0.65 0.50 0.96 0.72 0.13 0.19 0.46 0.94 0.77 0.24 0.78 0.84 0.26 0.57 0.30 0.55 0.04 0.55 0.13 0.92 0.20 0.98 0.57 0.55 0.34 0.13 0.09 0.09 0.10 0.45 0.66 0.16 0.75 0.49 0.32 0.59 0.22 0.67 0.31 0.90 0.01 0.45 0.38 0.15 0.03 0.82 0.68 0.76 ]
[0.07 0.91 0.18 0.59 0.41 0.92 0.60 0.89 0.86 0.04 0.72 0.13 0.37 1.00 0.36 0.38 0.64 0.75 0.04 0.05 0.14 0.88 0.61 0.71 0.19 0.64 0.32 0.15 0.11 0.53 0.08 0.07 0.26 0.88 0.62 0.14 0.84 0.34 0.41 0.99 0.84 0.60 0.92 0.90 0.97 0.16 0.99 0.69 0.29 0.93 0.77 0.61 0.30 0.73 0.15 0.32 0.92 0.05 0.69 0.79 0.25 0.41 ]
[0.27 0.83 0.27 0.43 0.01 0.71 0.56 0.17 0.53 0.24 0.85 0.48 0.65 0.36 1.00 0.04 0.75 0.80 0.01 0.31 0.98 0.34 0.84 0.22 0.99 0.38 0.97 0.66 0.03 0.12 0.84 0.06 0.23 0.32 0.89 0.25 0.60 0.46 0.52 0.76 0.67 0.30 0.75 0.64 0.26 0.33 0.68 0.10 0.48 0.36 0.46 0.57 0.78 0.71 0.57 0.47 0.08 0.77 0.95 0.55 0.54 0.60 ]
[0.45 0.92 0.12 0.05 0.22 1.00 0.08 0.54 0.36 0.94 0.95 0.14 0.50 0.38 0.04 1.00 0.80 0.54 0.23 0.12 0.45 0.32 0.35 0.06 0.29 0.69 0.31 0.24 0.51 0.14 0.93 0.44 0.63 0.31 0.31 0.58 0.48 0.11 0.43 0.38 0.95 0.91 0.97 0.59 0.92 0.19 0.61 0.62 0.71 0.52 0.01 0.61 0.55 0.56 0.39 0.07 0.47 0.81 0.05 0.68 0.78 0.25 ]
[0.88 0.79 0.36 0.84 0.36 0.38 0.59 0.97 0.31 0.18 0.87 0.49 0.96 0.64 0.75 0.80 1.00 0.52 0.35 0.68 0.62 0.59 0.37 0.75 0.58 0.81 0.35 0.13 0.19 0.73 0.24 0.36 0.55 0.32 0.51 0.61 0.90 0.13 0.42 0.10 0.30 0.80 0.22 0.42 0.77 0.40 0.95 0.66 0.07 0.90 0.01 0.66 0.06 0.36 0.39 0.68 0.37 0.89 0.29 0.01 0.97 0.66 ]
[0.01 0.61 0.85 0.87 0.30 0.56 0.58 0.02 0.56 0.87 0.96 0.11 0.72 0.75 0.80 0.54 0.52 1.00 0.64 0.38 0.06 0.94 0.91 0.86 0.77 0.63 0.73 0.98 0.60 0.67 0.52 0.07 0.69 0.78 0.22 0.36 0.65 0.71 0.94 0.08 0.52 0.49 0.16 0.04 0.44 0.42 0.03 0.37 0.41 0.65 0.24 0.52 0.79 0.63 0.30 0.84 0.33 0.12 0.74 0.33 0.99 0.56 ]
[0.35 0.22 0.96 0.88 0.30 0.47 0.43 0.08 0.16 0.52 0.18 0.43 0.13 0.04 0.01 0.23 0.35 0.64 1.00 0.20 0.51 0.84 0.32 0.27 0.28 0.16 0.80 0.05 0.10 0.64 0.05 0.18 0.22 0.91 0.31 0.65 0.57 0.72 0.10 0.03 0.71 0.13 0.87 0.56 0.33 0.91 0.32 0.57 0.93 0.01 0.17 0.24 0.73 0.59 0.14 0.93 0.33 0.10 0.34 0.37 0.23 0.60 ]
[0.13 0.87 0.36 0.90 0.71 0.83 0.14 0.01 0.74 0.68 0.61 0.76 0.19 0.05 0.31 0.12 0.68 0.38 0.20 1.00 0.63 0.20 0.54 0.46 0.93 0.33 0.02 0.30 0.86 0.91 0.17 0.70 0.74 0.85 0.62 0.90 0.73 0.93 0.61 0.34 0.42 0.42 0.35 0.98 0.71 0.67 0.58 0.04 0.95 0.10 0.79 0.65 0.27 0.21 0.83 0.31 0.18 0.73 0.55 0.91 0.06 0.51 ]
[0.66 0.70 0.70 0.63 0.20 0.09 0.03 0.80 0.40 0.63 0.46 0.32 0.46 0.14 0.98 0.45 0.62 0.06 0.51 0.63 1.00 0.02 0.27 0.75 0.32 0.35 0.75 0.13 0.17 0.62 0.62 0.71 0.45 0.14 0.54 0.54 0.58 0.21 0.36 0.63 0.16 0.58 0.66 0.88 0.84 0.81 0.64 0.54 0.05 0.21 0.73 0.87 0.21 0.12 0.48 0.48 0.90 0.74 0.80 0.73 0.13 0.41 ]
[0.16 0.17 0.96 0.13 0.27 0.31 0.34 0.91 0.84 0.67 0.41 0.39 0.94 0.88 0.34 0.32 0.59 0.94 0.84 0.20 0.02 1.00 0.76 0.41 0.03 0.78 0.92 0.87 0.21 0.32 0.06 0.99 0.04 0.07 0.25 0.72 0.35 0.71 0.32 0.74 0.22 0.39 0.66 0.83 0.94 0.62 0.63 0.34 0.71 0.44 0.08 0.49 0.54 0.50 0.19 0.27 0.57 0.16 0.33 0.72 0.92 0.80 ]
[0.10 0.53 0.51 0.03 0.08 0.58 0.23 0.32 0.25 0.19 0.18 0.08 0.77 0.61 0.84 0.35 0.37 0.91 0.32 0.54 0.27 0.76 1.00 0.06 0.74 0.18 0.65 0.89 0.15 0.75 0.25 0.15 0.07 0.81 0.33 0.45 0.77 0.40 0.70 0.44 0.37 0.30 0.64 0.52 0.53 0.72 0.46 0.97 0.41 0.67 0.80 0.93 0.88 0.79 0.25 0.24 0.91 0.57 0.63 0.60 0.79 0.57 ]
[0.19 0.95 0.86 0.78 0.18 0.92 0.40 0.29 0.11 0.77 0.05 0.00 0.24 0.71 0.22 0.06 0.75 0.86 0.27 0.46 0.75 0.41 0.06 1.00 0.94 0.68 0.07 0.08 0.29 0.14 0.40 0.57 0.52 0.55 0.21 0.45 0.95 0.41 0.09 0.85 0.05 0.78 0.07 0.09 0.54 0.81 0.96 0.75 0.67 0.84 0.88 0.35 0.21 0.17 0.32 0.54 0.46 0.45 0.06 0.64 0.74 0.43 ]
[0.46 0.22 0.41 0.33 0.37 0.59 0.28 0.43 0.92 0.03 0.24 0.82 0.78 0.19 0.99 0.29 0.58 0.77 0.28 0.93 0.32 0.03 0.74 0.94 1.00 0.99 0.57 0.96 0.89 0.50 0.45 0.71 0.61 0.12 0.63 0.59 0.29 0.65 0.83 0.23 0.18 0.25 0.31 0.10 0.23 0.26 0.74 0.23 0.38 0.80 0.35 0.36 0.56 0.18 0.70 0.54 0.43 0.98 0.76 0.90 0.97 0.53 ]
[0.32 0.12 0.21 0.97 0.24 0.49 0.41 0.57 0.87 0.87 0.72 0.06 0.84 0.64 0.38 0.69 0.81 0.63 0.16 0.33 0.35 0.78 0.18 0.68 0.99 1.00 0.68 0.39 0.30 0.51 0.46 0.00 0.35 0.34 0.41 0.09 0.55 0.18 0.95 0.66 0.16 0.67 0.65 0.18 0.84 0.05 0.33 0.55 0.31 0.02 0.17 0.37 0.99 0.43 0.07 0.26 0.19 0.69 0.87 0.58 0.34 0.22 ]
[0.27 0.67 0.72 0.56 0.38 1.00 0.32 0.89 0.18 0.06 0.20 0.53 0.26 0.32 0.97 0.31 0.35 0.73 0.80 0.02 0.75 0.92 0.65 0.07 0.57 0.68 1.00 0.56 0.50 0.85 0.15 0.34 0.75 0.12 0.38 0.44 0.81 0.09 0.01 0.50 0.79 0.90 0.65 0.16 0.37 0.88 0.18 0.67 0.36 0.29 0.97 0.60 0.10 0.10 0.87 0.82 0.92 0.38 0.25 0.29 0.80 0.60 ]
[0.03 0.16 0.16 0.88 0.90 0.80 0.10 0.62 0.15 0.73 0.64 0.29 0.57 0.15 0.66 0.24 0.13 0.98 0.05 0.30 0.13 0.87 0.89 0.08 0.96 0.39 0.56 1.00 0.47 0.16 0.96 0.80 0.81 0.57 0.86 0.21 0.17 0.65 0.37 0.40 0.33 0.37 0.89 0.16 0.35 0.61 0.94 0.24 0.38 0.13 0.69 0.73 0.80 0.89 0.76 0.23 0.98 0.76 0.23 0.68 0.87 0.19 ]
[0.56 0.35 0.61 0.83 0.30 0.38 0.56 0.01 0.48 0.83 0.89 0.13 0.30 0.11 0.03 0.51 0.19 0.60 0.10 0.86 0.17 0.21 0.15 0.29 0.89 0.30 0.50 0.47 1.00 0.39 0.73 0.16 0.25 0.65 0.12 0.93 0.50 0.68 0.69 0.48 0.79 0.86 0.95 0.86 0.86 0.12 0.79 0.91 0.83 0.91 0.07 0.59 0.47 0.40 0.65 0.83 0.26 0.56 0.06 0.87 0.09 0.88 ]
[0.10 0.76 0.92 0.85 0.98 0.03 0.91 0.86 0.43 0.54 0.40 0.66 0.55 0.53 0.12 0.14 0.73 0.67 0.64 0.91 0.62 0.32 0.75 0.14 0.50 0.51 0.85 0.16 0.39 1.00 0.07 0.35 0.37 0.69 0.80 0.78 0.27 0.86 0.20 0.32 0.44 0.72 0.36 0.63 0.76 0.17 0.96 0.52 0.15 0.74 0.32 0.34 0.79 0.44 0.99 0.45 0.39 0.86 0.67 0.57 0.66 0.64 ]
[0.83 0.97 0.51 0.64 0.19 0.75 0.81 0.10 0.11 0.95 0.85 0.61 0.04 0.08 0.84 0.93 0.24 0.52 0.05 0.17 0.62 0.06 0.25 0.40 0.45 0.46 0.15 0.96 0.73 0.07 1.00 0.75 0.73 0.92 0.57 0.64 0.56 0.41 0.85 0.38 0.23 0.66 0.98 0.90 0.62 0.65 0.95 0.96 0.39 0.49 0.55 0.06 0.15 0.49 0.20 0.19 0.17 0.70 0.65 0.08 0.36 0.07 ]
[0.47 0.94 0.58 0.54 0.57 0.45 0.06 0.84 0.09 0.76 0.28 0.08 0.55 0.07 0.06 0.44 0.36 0.07 0.18 0.70 0.71 0.99 0.15 0.57 0.71 0.00 0.34 0.80 0.16 0.35 0.75 1.00 0.64 0.78 0.74 0.91 0.43 0.75 0.21 0.15 0.28 0.55 0.34 0.48 0.03 0.07 0.59 0.64 0.06 0.05 0.09 0.91 0.44 0.61 0.49 0.09 0.44 0.05 0.08 0.11 0.69 0.15 ]
[0.84 0.26 0.94 0.02 0.93 0.05 0.73 0.75 0.85 0.59 0.25 0.73 0.13 0.26 0.23 0.63 0.55 0.69 0.22 0.74 0.45 0.04 0.07 0.52 0.61 0.35 0.75 0.81 0.25 0.37 0.73 0.64 1.00 0.11 0.75 0.47 0.07 0.35 0.13 0.53 0.53 0.86 0.16 0.68 0.70 0.30 0.80 0.62 0.36 0.84 0.51 0.54 0.13 0.36 0.44 0.06 0.49 0.55 0.41 0.88 0.05 0.21 ]
[0.84 0.13 0.88 0.87 0.70 0.63 0.59 0.79 0.30 0.37 0.26 0.39 0.92 0.88 0.32 0.31 0.32 0.78 0.91 0.85 0.14 0.07 0.81 0.55 0.12 0.34 0.12 0.57 0.65 0.69 0.92 0.78 0.11 1.00 0.40 0.72 0.35 0.91 0.84 0.69 0.44 0.80 0.54 0.18 0.63 0.66 0.55 0.62 0.98 0.28 0.75 1.00 0.16 0.64 0.01 0.22 0.22 0.46 0.18 0.16 0.08 0.49 ]
[0.43 0.27 0.65 0.74 0.51 0.70 0.61 0.18 0.88 0.55 0.16 0.57 0.20 0.62 0.89 0.31 0.51 0.22 0.31 0.62 0.54 0.25 0.33 0.21 0.63 0.41 0.38 0.86 0.12 0.80 0.57 0.74 0.75 0.40 1.00 0.46 0.93 0.02 0.74 0.03 0.66 0.57 0.99 0.28 0.42 0.90 0.92 0.26 0.51 0.57 0.61 0.28 0.36 0.43 0.17 0.17 0.41 0.47 0.30 0.07 0.54 0.31 ]
[0.65 0.82 0.74 0.36 0.73 0.48 0.35 0.03 0.29 0.68 0.65 0.52 0.98 0.14 0.25 0.58 0.61 0.36 0.65 0.90 0.54 0.72 0.45 0.45 0.59 0.09 0.44 0.21 0.93 0.78 0.64 0.91 0.47 0.72 0.46 1.00 0.81 0.85 0.85 0.21 0.60 0.33 0.38 0.47 0.93 0.46 0.38 0.98 0.06 0.95 0.78 0.36 0.14 0.76 0.29 0.19 0.73 0.06 0.83 0.61 0.85 0.29 ]
[0.32 0.39 0.01 0.33 0.02 0.25 0.11 0.92 0.57 0.16 0.55 0.73 0.57 0.84 0.60 0.48 0.90 0.65 0.57 0.73 0.58 0.35 0.77 0.95 0.29 0.55 0.81 0.17 0.50 0.27 0.56 0.43 0.07 0.35 0.93 0.81 1.00 0.75 0.90 0.32 0.10 0.35 0.54 0.21 0.01 0.10 0.25 0.76 0.96 0.89 0.99 0.13 0.87 0.54 0.67 0.10 0.25 0.68 0.29 0.55 0.64 0.46 ]
[0.33 0.36 0.79 0.30 0.21 0.68 0.66 0.32 0.31 0.56 0.98 0.52 0.55 0.34 0.46 0.11 0.13 0.71 0.72 0.93 0.21 0.71 0.40 0.41 0.65 0.18 0.09 0.65 0.68 0.86 0.41 0.75 0.35 0.91 0.02 0.85 0.75 1.00 1.00 0.71 0.47 0.65 0.59 0.37 0.77 0.04 0.67 0.14 0.20 0.60 0.14 0.75 0.94 0.20 0.95 0.40 0.96 0.06 0.18 0.81 0.12 0.35 ]
[0.60 0.50 0.72 0.89 0.80 0.57 0.03 0.86 0.02 0.99 0.22 0.85 0.34 0.41 0.52 0.43 0.42 0.94 0.10 0.61 0.36 0.32 0.70 0.09 0.83 0.95 0.01 0.37 0.69 0.20 0.85 0.21 0.13 0.84 0.74 0.85 0.90 1.00 1.00 0.01 0.92 0.35 0.34 0.54 0.88 0.00 0.42 0.64 0.15 0.75 0.83 0.40 0.84 0.41 0.54 0.00 0.64 0.57 0.08 0.41 0.98 0.54 ]
[0.98 0.69 0.88 0.02 0.94 0.03 0.05 0.49 0.31 0.72 0.91 0.84 0.13 0.99 0.76 0.38 0.10 0.08 0.03 0.34 0.63 0.74 0.44 0.85 0.23 0.66 0.50 0.40 0.48 0.32 0.38 0.15 0.53 0.69 0.03 0.21 0.32 0.71 0.01 1.00 0.39 0.39 0.84 0.38 0.78 0.52 0.14 0.95 0.21 0.06 0.48 0.01 0.14 0.96 0.10 0.38 0.04 0.94 0.10 0.09 0.39 0.22 ]
[0.15 0.99 0.21 0.66 0.68 0.20 0.45 0.65 0.80 0.06 0.55 0.36 0.09 0.84 0.67 0.95 0.30 0.52 0.71 0.42 0.16 0.22 0.37 0.05 0.18 0.16 0.79 0.33 0.79 0.44 0.23 0.28 0.53 0.44 0.66 0.60 0.10 0.47 0.92 0.39 1.00 0.56 0.75 0.33 0.75 0.13 0.77 0.93 0.72 0.07 0.32 0.86 0.46 0.77 0.49 0.68 0.23 0.65 0.65 0.80 0.98 0.40 ]
[0.01 0.72 0.00 0.19 0.87 0.14 0.92 0.86 0.35 0.11 0.63 0.03 0.09 0.60 0.30 0.91 0.80 0.49 0.13 0.42 0.58 0.39 0.30 0.78 0.25 0.67 0.90 0.37 0.86 0.72 0.66 0.55 0.86 0.80 0.57 0.33 0.35 0.65 0.35 0.39 0.56 1.00 0.66 0.76 0.61 0.24 0.38 0.66 0.06 0.78 0.27 0.03 0.05 0.92 0.79 0.82 0.60 0.08 0.73 0.54 0.45 0.85 ]
[0.11 0.67 0.64 0.16 0.17 0.84 0.85 0.91 0.43 0.99 0.15 0.42 0.10 0.92 0.75 0.97 0.22 0.16 0.87 0.35 0.66 0.66 0.64 0.07 0.31 0.65 0.65 0.89 0.95 0.36 0.98 0.34 0.16 0.54 0.99 0.38 0.54 0.59 0.34 0.84 0.75 0.66 1.00 0.28 0.59 0.16 0.40 0.27 0.68 0.89 0.41 0.26 0.34 0.77 0.58 0.37 0.87 0.43 0.12 0.13 0.41 0.89 ]
[0.18 0.96 0.18 0.39 0.08 0.06 0.25 0.43 0.88 0.59 0.81 0.61 0.45 0.90 0.64 0.59 0.42 0.04 0.56 0.98 0.88 0.83 0.52 0.09 0.10 0.18 0.16 0.16 0.86 0.63 0.90 0.48 0.68 0.18 0.28 0.47 0.21 0.37 0.54 0.38 0.33 0.76 0.28 1.00 0.35 0.51 0.53 0.41 0.53 0.29 0.19 0.30 0.34 0.35 0.18 0.17 0.29 0.54 0.83 0.51 0.43 0.30 ]
[0.77 0.78 1.00 0.18 0.48 0.23 0.03 0.97 0.24 0.94 0.19 0.26 0.66 0.97 0.26 0.92 0.77 0.44 0.33 0.71 0.84 0.94 0.53 0.54 0.23 0.84 0.37 0.35 0.86 0.76 0.62 0.03 0.70 0.63 0.42 0.93 0.01 0.77 0.88 0.78 0.75 0.61 0.59 0.35 1.00 0.73 0.01 0.51 0.73 0.80 0.59 0.80 0.51 0.07 0.11 0.49 0.07 0.51 0.36 0.03 0.71 0.67 ]
[0.30 0.87 0.31 0.59 0.95 0.79 0.80 0.41 0.54 0.46 0.58 0.77 0.16 0.16 0.33 0.19 0.40 0.42 0.91 0.67 0.81 0.62 0.72 0.81 0.26 0.05 0.88 0.61 0.12 0.17 0.65 0.07 0.30 0.66 0.90 0.46 0.10 0.04 0.00 0.52 0.13 0.24 0.16 0.51 0.73 1.00 0.22 0.02 0.73 0.74 0.19 0.84 0.70 0.78 0.87 0.32 0.66 0.06 0.88 0.84 0.33 0.47 ]
[0.78 0.79 0.03 0.98 0.14 0.50 0.11 0.87 0.42 0.23 0.23 0.77 0.75 0.99 0.68 0.61 0.95 0.03 0.32 0.58 0.64 0.63 0.46 0.96 0.74 0.33 0.18 0.94 0.79 0.96 0.95 0.59 0.80 0.55 0.92 0.38 0.25 0.67 0.42 0.14 0.77 0.38 0.40 0.53 0.01 0.22 1.00 0.89 0.40 0.07 0.11 0.06 0.49 0.76 0.49 0.55 0.96 0.53 0.41 0.80 0.12 0.66 ]
[0.96 0.84 0.22 0.06 0.38 0.23 0.69 0.64 0.88 0.17 0.94 0.08 0.49 0.69 0.10 0.62 0.66 0.37 0.57 0.04 0.54 0.34 0.97 0.75 0.23 0.55 0.67 0.24 0.91 0.52 0.96 0.64 0.62 0.62 0.26 0.98 0.76 0.14 0.64 0.95 0.93 0.66 0.27 0.41 0.51 0.02 0.89 1.00 0.81 0.45 0.23 0.37 0.57 0.75 0.57 0.10 0.11 0.79 0.28 0.93 0.46 0.20 ]
[0.36 0.89 0.03 0.96 0.07 0.13 0.16 0.53 0.05 0.58 0.99 0.52 0.32 0.29 0.48 0.71 0.07 0.41 0.93 0.95 0.05 0.71 0.41 0.67 0.38 0.31 0.36 0.38 0.83 0.15 0.39 0.06 0.36 0.98 0.51 0.06 0.96 0.20 0.15 0.21 0.72 0.06 0.68 0.53 0.73 0.73 0.40 0.81 1.00 0.84 0.29 0.77 0.49 0.05 0.08 0.33 0.43 0.54 0.22 0.33 0.03 0.10 ]
[0.17 0.01 0.62 0.74 0.86 0.63 0.04 0.20 0.26 0.64 0.99 0.92 0.59 0.93 0.36 0.52 0.90 0.65 0.01 0.10 0.21 0.44 0.67 0.84 0.80 0.02 0.29 0.13 0.91 0.74 0.49 0.05 0.84 0.28 0.57 0.95 0.89 0.60 0.75 0.06 0.07 0.78 0.89 0.29 0.80 0.74 0.07 0.45 0.84 1.00 0.93 0.15 0.22 0.70 0.30 0.39 0.99 0.39 0.04 0.68 0.75 0.68 ]
[0.11 0.92 0.88 0.76 0.40 0.44 0.40 0.76 0.36 0.72 0.77 0.98 0.22 0.77 0.46 0.01 0.01 0.24 0.17 0.79 0.73 0.08 0.80 0.88 0.35 0.17 0.97 0.69 0.07 0.32 0.55 0.09 0.51 0.75 0.61 0.78 0.99 0.14 0.83 0.48 0.32 0.27 0.41 0.19 0.59 0.19 0.11 0.23 0.29 0.93 1.00 0.05 0.70 0.99 0.32 0.48 0.14 0.44 0.90 0.27 0.51 0.73 ]
[0.87 0.29 0.75 0.92 0.74 0.26 0.92 0.50 0.88 0.26 0.49 0.01 0.67 0.61 0.57 0.61 0.66 0.52 0.24 0.65 0.87 0.49 0.93 0.35 0.36 0.37 0.60 0.73 0.59 0.34 0.06 0.91 0.54 1.00 0.28 0.36 0.13 0.75 0.40 0.01 0.86 0.03 0.26 0.30 0.80 0.84 0.06 0.37 0.77 0.15 0.05 1.00 0.36 0.05 0.03 0.08 0.15 0.33 0.60 0.81 0.82 0.20 ]
[0.54 0.91 0.00 0.41 0.60 0.95 0.66 0.78 0.06 0.18 0.63 0.79 0.31 0.30 0.78 0.55 0.06 0.79 0.73 0.27 0.21 0.54 0.88 0.21 0.56 0.99 0.10 0.80 0.47 0.79 0.15 0.44 0.13 0.16 0.36 0.14 0.87 0.94 0.84 0.14 0.46 0.05 0.34 0.34 0.51 0.70 0.49 0.57 0.49 0.22 0.70 0.36 1.00 0.59 0.42 0.36 0.78 0.72 0.01 0.93 0.13 0.29 ]
[0.44 0.44 0.93 0.95 0.29 0.33 0.66 0.37 0.57 0.89 0.23 0.95 0.90 0.73 0.71 0.56 0.36 0.63 0.59 0.21 0.12 0.50 0.79 0.17 0.18 0.43 0.10 0.89 0.40 0.44 0.49 0.61 0.36 0.64 0.43 0.76 0.54 0.20 0.41 0.96 0.77 0.92 0.77 0.35 0.07 0.78 0.76 0.75 0.05 0.70 0.99 0.05 0.59 1.00 0.73 0.30 0.30 0.37 0.02 0.04 0.73 0.44 ]
[0.20 0.08 0.55 0.44 0.63 0.24 0.93 0.30 0.89 0.35 0.52 0.14 0.01 0.15 0.57 0.39 0.39 0.30 0.14 0.83 0.48 0.19 0.25 0.32 0.70 0.07 0.87 0.76 0.65 0.99 0.20 0.49 0.44 0.01 0.17 0.29 0.67 0.95 0.54 0.10 0.49 0.79 0.58 0.18 0.11 0.87 0.49 0.57 0.08 0.30 0.32 0.03 0.42 0.73 1.00 0.82 0.20 0.91 0.86 0.83 0.40 0.25 ]
[0.77 0.82 0.84 0.14 0.78 0.40 0.27 0.97 0.50 0.74 0.49 0.72 0.45 0.32 0.47 0.07 0.68 0.84 0.93 0.31 0.48 0.27 0.24 0.54 0.54 0.26 0.82 0.23 0.83 0.45 0.19 0.09 0.06 0.22 0.17 0.19 0.10 0.40 0.00 0.38 0.68 0.82 0.37 0.17 0.49 0.32 0.55 0.10 0.33 0.39 0.48 0.08 0.36 0.30 0.82 1.00 0.70 0.73 0.72 0.67 0.69 0.59 ]
[0.13 0.70 0.02 0.36 0.42 0.24 0.99 0.42 0.88 0.08 0.80 0.29 0.38 0.92 0.08 0.47 0.37 0.33 0.33 0.18 0.90 0.57 0.91 0.46 0.43 0.19 0.92 0.98 0.26 0.39 0.17 0.44 0.49 0.22 0.41 0.73 0.25 0.96 0.64 0.04 0.23 0.60 0.87 0.29 0.07 0.66 0.96 0.11 0.43 0.99 0.14 0.15 0.78 0.30 0.20 0.70 1.00 0.39 0.65 0.04 0.01 0.65 ]
[0.65 0.08 0.17 0.22 0.14 0.06 0.65 0.70 0.38 0.55 0.42 0.38 0.15 0.05 0.77 0.81 0.89 0.12 0.10 0.73 0.74 0.16 0.57 0.45 0.98 0.69 0.38 0.76 0.56 0.86 0.70 0.05 0.55 0.46 0.47 0.06 0.68 0.06 0.57 0.94 0.65 0.08 0.43 0.54 0.51 0.06 0.53 0.79 0.54 0.39 0.44 0.33 0.72 0.37 0.91 0.73 0.39 1.00 0.67 0.83 0.94 0.40 ]
[0.95 0.96 0.86 0.89 0.98 0.22 0.66 0.40 0.24 0.06 0.71 0.80 0.03 0.69 0.95 0.05 0.29 0.74 0.34 0.55 0.80 0.33 0.63 0.06 0.76 0.87 0.25 0.23 0.06 0.67 0.65 0.08 0.41 0.18 0.30 0.83 0.29 0.18 0.08 0.10 0.65 0.73 0.12 0.83 0.36 0.88 0.41 0.28 0.22 0.04 0.90 0.60 0.01 0.02 0.86 0.72 0.65 0.67 1.00 0.36 0.52 0.76 ]
[0.20 0.24 0.94 0.20 0.46 1.00 0.41 0.20 0.17 0.93 0.07 0.32 0.82 0.79 0.55 0.68 0.01 0.33 0.37 0.91 0.73 0.72 0.60 0.64 0.90 0.58 0.29 0.68 0.87 0.57 0.08 0.11 0.88 0.16 0.07 0.61 0.55 0.81 0.41 0.09 0.80 0.54 0.13 0.51 0.03 0.84 0.80 0.93 0.33 0.68 0.27 0.81 0.93 0.04 0.83 0.67 0.04 0.83 0.36 1.00 0.61 0.19 ]
[0.07 0.54 0.79 0.28 0.88 0.38 0.78 0.93 0.23 0.33 0.42 0.98 0.68 0.25 0.54 0.78 0.97 0.99 0.23 0.06 0.13 0.92 0.79 0.74 0.97 0.34 0.80 0.87 0.09 0.66 0.36 0.69 0.05 0.08 0.54 0.85 0.64 0.12 0.98 0.39 0.98 0.45 0.41 0.43 0.71 0.33 0.12 0.46 0.03 0.75 0.51 0.82 0.13 0.73 0.40 0.69 0.01 0.94 0.52 0.61 1.00 0.61 ]
[0.90 0.99 0.57 0.51 0.25 0.47 0.80 0.21 0.87 0.04 0.20 0.25 0.76 0.41 0.60 0.25 0.66 0.56 0.60 0.51 0.41 0.80 0.57 0.43 0.53 0.22 0.60 0.19 0.88 0.64 0.07 0.15 0.21 0.49 0.31 0.29 0.46 0.35 0.54 0.22 0.40 0.85 0.89 0.30 0.67 0.47 0.66 0.20 0.10 0.68 0.73 0.20 0.29 0.44 0.25 0.59 0.65 0.40 0.76 0.19 0.61 1.00 ]
];
