D = 8;
n = [ 5 5 5 5 5 5 5 5 ];
N = 71;
d = [1 1 1 1 1 1 1 1 2 2 2 2 2 2 2 2 3 3 3 3 3 3 3 3 4 4 4 4 4 4 4 4 5 5 5 5 5 5 5 5 6 6 6 6 6 6 6 6 7 7 7 7 7 7 7 7 8 8 8 8 8 8 8 8 8 8 8 8 8 8 8 ];
m = [
[1.00 0.62 0.58 0.23 0.43 0.27 0.50 0.86 0.22 1.00 0.13 0.12 0.30 0.75 0.99 0.91 0.21 0.20 0.93 0.29 0.82 0.03 0.20 0.68 0.48 0.13 0.70 0.25 0.09 0.43 0.12 0.60 0.86 0.37 0.28 0.29 0.35 0.12 0.36 0.87 0.31 0.81 0.71 0.27 0.32 0.44 0.44 0.09 0.32 0.23 0.66 0.14 0.74 0.38 0.14 0.09 0.11 0.01 0.62 0.71 0.90 0.33 0.12 0.42 0.06 0.96 0.65 0.14 0.69 0.69 0.76 ]
[0.62 1.00 0.37 0.48 0.88 0.48 0.35 0.31 0.63 0.73 0.12 0.79 0.41 0.11 0.84 0.01 0.19 0.23 0.29 0.68 0.47 0.51 0.24 0.05 0.47 0.11 0.38 0.49 0.22 0.74 0.79 0.01 0.38 0.84 0.30 0.62 0.44 0.16 0.98 0.53 0.21 0.23 0.80 0.19 0.43 0.66 0.50 0.46 0.48 0.20 0.38 0.76 0.61 0.92 0.04 0.10 0.63 0.42 0.63 0.70 0.64 0.91 0.78 0.81 0.21 0.88 0.38 0.36 0.05 0.64 0.43 ]
[0.58 0.37 1.00 0.03 0.18 0.39 0.59 0.37 0.61 0.60 0.56 0.89 0.37 0.52 0.22 0.03 0.76 0.21 0.47 0.73 0.96 0.26 0.05 0.05 0.77 0.08 0.53 0.92 0.68 0.21 0.81 0.43 0.01 0.25 0.43 0.34 0.77 0.91 0.12 0.26 0.56 0.51 0.88 0.85 0.31 0.38 0.51 0.58 0.27 0.42 0.92 0.78 0.82 0.66 0.56 0.71 0.04 0.09 0.54 0.78 0.61 0.91 0.88 0.69 0.35 0.17 0.31 0.29 0.63 0.42 0.33 ]
[0.23 0.48 0.03 1.00 0.62 0.38 0.90 0.17 0.21 0.88 0.13 0.26 0.38 0.93 0.78 0.06 0.38 0.55 0.76 0.87 0.04 0.84 0.12 0.26 0.75 0.18 0.35 0.42 0.38 0.75 0.87 0.41 0.93 0.72 0.30 0.89 0.84 0.68 0.61 0.45 0.14 0.09 0.18 0.53 0.24 0.84 0.57 0.59 0.67 0.91 0.82 0.46 0.08 0.49 0.19 0.58 0.60 0.05 0.23 0.02 0.51 0.94 0.45 0.17 0.06 0.58 0.87 0.93 0.50 0.38 0.16 ]
[0.43 0.88 0.18 0.62 1.00 0.78 0.21 0.88 0.65 0.38 0.33 0.18 0.36 0.72 0.53 0.74 0.87 0.56 0.64 0.20 0.90 0.49 0.14 0.37 0.24 0.99 0.50 0.91 0.73 0.14 0.90 0.99 0.20 0.35 0.04 0.16 0.56 0.63 0.02 0.76 0.90 0.66 0.39 0.09 0.76 0.29 0.89 0.02 0.63 0.53 0.05 0.31 0.62 0.31 0.09 0.28 0.53 0.65 0.06 0.79 0.63 0.65 0.74 0.60 0.18 0.20 0.42 0.63 0.91 0.24 0.62 ]
[0.27 0.48 0.39 0.38 0.78 1.00 0.89 0.68 0.82 0.90 0.81 0.23 0.47 0.38 0.31 0.12 0.33 0.04 0.43 0.85 0.55 0.84 0.58 0.92 0.77 0.01 0.11 0.78 0.17 0.07 0.02 0.83 0.01 0.38 0.80 0.66 0.19 0.85 0.21 0.52 0.29 0.08 0.57 0.02 0.83 0.70 0.54 0.55 0.60 0.27 0.08 0.16 0.15 0.21 0.22 0.32 0.48 0.28 0.86 0.61 0.39 0.87 0.19 0.28 0.21 0.85 0.59 0.09 0.52 0.50 0.64 ]
[0.50 0.35 0.59 0.90 0.21 0.89 1.00 0.75 0.40 0.57 0.83 0.84 0.27 0.22 0.68 0.49 0.72 0.75 0.57 0.04 0.60 0.61 0.95 0.97 0.75 0.62 0.09 0.28 0.01 0.09 0.49 0.70 0.41 0.53 0.88 0.15 0.41 0.83 0.75 0.17 0.09 0.88 0.05 0.14 0.82 0.59 0.46 0.94 0.61 0.47 0.24 0.30 0.72 0.90 0.82 0.76 0.47 0.84 0.20 0.70 0.90 0.03 0.28 0.92 0.33 0.99 0.05 0.33 0.54 0.54 0.25 ]
[0.86 0.31 0.37 0.17 0.88 0.68 0.75 1.00 0.84 0.42 0.99 0.14 0.96 0.69 0.99 0.27 0.03 0.91 0.15 0.88 0.69 0.57 0.93 0.81 0.74 0.86 0.78 0.84 0.32 0.13 0.64 0.62 0.14 0.98 0.71 0.26 0.16 0.22 0.72 0.95 0.11 0.69 0.99 0.25 0.54 0.70 0.63 0.50 0.91 0.36 0.63 0.28 0.19 0.97 0.63 0.98 0.74 0.63 0.34 0.61 0.60 0.74 0.68 0.60 0.90 0.73 0.93 0.95 0.44 0.88 0.42 ]
[0.22 0.63 0.61 0.21 0.65 0.82 0.40 0.84 1.00 0.03 0.00 0.89 0.52 0.66 0.05 0.96 0.90 0.19 0.02 0.71 0.86 0.76 0.10 0.90 0.70 0.83 0.52 0.04 0.93 0.16 0.02 0.59 0.35 0.05 0.21 0.51 0.15 0.22 0.48 0.68 0.68 0.65 0.83 0.54 0.79 0.29 0.42 0.03 0.80 0.15 0.08 0.71 0.07 0.28 0.51 0.57 0.85 0.14 0.83 0.56 0.21 0.18 0.23 0.47 0.54 0.58 0.10 0.24 0.75 0.91 0.44 ]
[1.00 0.73 0.60 0.88 0.38 0.90 0.57 0.42 0.03 1.00 0.41 0.13 0.03 0.57 0.24 0.93 0.74 0.56 0.90 0.38 0.75 0.84 0.33 0.34 0.20 0.13 0.34 0.22 0.70 0.97 0.87 0.42 0.28 0.15 0.56 0.83 0.03 0.17 0.42 0.40 0.04 0.82 0.76 0.75 0.41 0.29 0.70 0.01 0.53 0.56 0.85 0.92 0.35 0.33 0.68 0.36 0.72 0.72 0.14 0.44 0.23 0.30 0.07 0.82 0.93 0.52 0.54 0.53 0.17 0.19 0.75 ]
[0.13 0.12 0.56 0.13 0.33 0.81 0.83 0.99 0.00 0.41 1.00 0.25 0.62 0.15 0.67 0.52 0.21 0.06 0.84 0.76 0.18 0.44 0.21 0.49 0.22 0.08 0.93 0.52 0.72 0.89 0.08 0.14 0.80 0.61 0.38 0.80 0.55 0.52 0.64 0.27 0.37 0.40 0.34 0.96 0.61 0.64 0.34 0.78 0.10 0.96 0.99 0.14 0.57 0.59 0.38 0.16 0.17 0.68 0.08 0.84 0.15 0.90 0.25 0.04 0.97 0.01 0.77 0.35 0.22 0.73 0.62 ]
[0.12 0.79 0.89 0.26 0.18 0.23 0.84 0.14 0.89 0.13 0.25 1.00 0.52 0.30 0.48 0.10 0.72 0.70 0.17 0.63 0.64 0.69 0.46 0.81 0.63 0.97 0.23 0.47 0.06 0.54 0.15 0.47 0.99 0.83 0.83 0.28 0.17 0.08 0.67 0.68 0.01 0.61 0.56 0.81 0.47 0.28 0.32 0.53 0.05 0.06 0.86 0.27 0.06 0.88 0.59 0.97 0.65 0.87 0.36 0.52 0.08 0.91 0.92 1.00 0.57 0.78 0.32 0.07 0.08 0.83 0.48 ]
[0.30 0.41 0.37 0.38 0.36 0.47 0.27 0.96 0.52 0.03 0.62 0.52 1.00 0.45 0.98 0.66 0.90 0.61 0.14 0.84 0.39 0.24 0.65 0.33 0.34 0.28 0.26 0.28 0.86 0.83 0.83 0.39 0.94 0.04 0.08 0.42 0.81 0.22 0.07 0.03 0.74 0.21 0.52 0.47 1.00 0.77 0.78 0.76 0.40 0.72 0.65 0.58 0.53 0.52 0.82 0.56 0.03 0.80 0.17 0.02 0.27 0.80 0.27 0.74 0.61 0.76 0.19 0.07 0.00 0.05 0.19 ]
[0.75 0.11 0.52 0.93 0.72 0.38 0.22 0.69 0.66 0.57 0.15 0.30 0.45 1.00 0.56 0.80 0.20 0.41 0.14 0.21 0.55 0.63 0.29 0.84 0.41 0.14 0.08 0.09 0.49 0.99 0.93 0.55 0.03 0.33 0.76 0.59 0.34 0.02 0.73 0.05 0.49 0.45 0.85 0.12 0.53 1.00 0.15 0.64 0.45 0.36 0.06 0.91 0.87 0.72 0.38 0.93 0.78 0.97 0.58 0.05 0.41 0.29 0.35 0.34 0.13 0.57 0.83 0.81 0.14 0.01 0.59 ]
[0.99 0.84 0.22 0.78 0.53 0.31 0.68 0.99 0.05 0.24 0.67 0.48 0.98 0.56 1.00 0.29 0.60 0.77 0.14 0.39 0.78 0.12 0.36 0.88 0.97 0.19 0.63 0.11 0.60 0.74 0.79 0.68 0.66 0.64 0.74 0.19 0.34 0.29 0.56 0.21 0.12 0.87 0.31 0.05 0.62 0.30 0.71 0.23 0.76 0.25 0.19 0.03 0.15 0.31 0.42 0.15 0.46 0.24 0.53 0.28 0.54 0.47 0.28 0.72 0.61 0.83 0.34 0.63 0.95 0.49 0.08 ]
[0.91 0.01 0.03 0.06 0.74 0.12 0.49 0.27 0.96 0.93 0.52 0.10 0.66 0.80 0.29 1.00 0.85 0.88 0.85 0.03 0.79 0.04 0.77 0.98 0.04 0.72 0.62 0.31 0.66 0.91 0.51 0.91 0.75 0.87 0.99 0.97 0.07 0.87 0.18 0.76 0.66 0.02 0.07 0.97 0.38 0.28 0.60 0.55 0.80 0.88 0.50 0.61 0.44 0.60 0.27 0.28 0.23 0.94 0.89 0.00 0.24 0.75 0.48 0.42 0.48 0.85 0.60 0.41 0.96 0.84 0.39 ]
[0.21 0.19 0.76 0.38 0.87 0.33 0.72 0.03 0.90 0.74 0.21 0.72 0.90 0.20 0.60 0.85 1.00 0.54 0.57 0.59 0.43 0.42 0.15 0.31 0.36 0.53 0.70 0.96 0.36 0.03 0.93 0.95 0.84 0.43 0.18 0.29 0.34 0.41 0.62 0.93 0.20 0.18 0.37 0.28 0.15 0.42 0.29 0.84 0.79 0.57 0.01 0.90 0.07 0.10 0.83 0.57 0.59 0.39 0.03 0.32 0.70 1.00 0.77 0.65 0.27 0.65 0.56 0.17 0.30 0.71 0.98 ]
[0.20 0.23 0.21 0.55 0.56 0.04 0.75 0.91 0.19 0.56 0.06 0.70 0.61 0.41 0.77 0.88 0.54 1.00 0.26 0.45 0.88 0.68 0.26 0.38 0.68 0.16 0.51 0.09 0.61 0.16 0.39 0.45 0.15 0.73 0.34 0.92 0.93 0.65 0.27 0.86 0.61 0.29 0.59 0.47 0.69 0.03 0.73 0.32 0.31 0.36 0.01 0.09 0.27 0.43 0.19 0.14 0.08 0.54 0.50 0.60 0.10 0.16 0.68 0.70 0.18 0.73 0.89 0.79 0.12 0.10 0.07 ]
[0.93 0.29 0.47 0.76 0.64 0.43 0.57 0.15 0.02 0.90 0.84 0.17 0.14 0.14 0.14 0.85 0.57 0.26 1.00 0.76 0.95 0.49 0.78 0.35 0.75 0.44 0.86 0.62 0.37 0.89 0.84 0.26 0.82 0.07 1.00 0.81 0.46 0.29 0.97 0.74 0.58 0.18 0.60 0.27 0.41 0.24 0.02 0.48 0.94 0.53 0.64 0.48 0.90 0.25 0.39 0.93 0.99 0.21 0.07 0.00 0.24 0.25 0.25 0.86 0.06 0.30 0.99 0.95 0.44 0.85 0.50 ]
[0.29 0.68 0.73 0.87 0.20 0.85 0.04 0.88 0.71 0.38 0.76 0.63 0.84 0.21 0.39 0.03 0.59 0.45 0.76 1.00 0.39 0.66 0.47 0.59 0.05 0.67 0.54 0.24 0.46 0.90 0.85 0.67 0.04 0.46 0.24 0.18 0.26 0.59 0.24 0.66 0.53 0.12 0.39 0.24 0.60 0.89 0.90 0.97 0.82 0.61 0.61 0.77 0.33 0.24 0.67 0.39 0.00 0.34 0.87 0.81 0.20 0.54 0.53 0.43 0.51 0.59 0.80 0.08 0.37 0.81 0.15 ]
[0.82 0.47 0.96 0.04 0.90 0.55 0.60 0.69 0.86 0.75 0.18 0.64 0.39 0.55 0.78 0.79 0.43 0.88 0.95 0.39 1.00 0.41 0.26 0.87 0.45 0.29 0.17 0.30 0.73 0.00 0.46 0.07 0.87 0.15 0.60 0.29 0.11 0.59 0.69 0.94 0.60 0.38 0.43 0.78 0.47 0.63 0.34 0.99 0.41 0.84 0.44 0.66 0.21 1.00 0.56 0.40 0.71 0.77 0.58 0.40 0.42 0.72 0.04 0.67 0.66 0.74 0.79 0.40 0.39 0.32 0.61 ]
[0.03 0.51 0.26 0.84 0.49 0.84 0.61 0.57 0.76 0.84 0.44 0.69 0.24 0.63 0.12 0.04 0.42 0.68 0.49 0.66 0.41 1.00 0.71 0.59 0.60 0.92 0.47 0.70 0.94 0.87 0.31 0.76 0.61 0.71 0.99 0.93 0.79 0.78 0.09 0.15 0.28 0.02 0.69 0.37 0.37 0.99 0.67 0.82 0.69 0.41 0.84 0.66 0.65 0.04 0.80 0.19 0.62 0.13 0.73 0.18 0.25 0.81 0.22 0.29 0.44 0.03 0.32 0.03 0.40 0.73 0.14 ]
[0.20 0.24 0.05 0.12 0.14 0.58 0.95 0.93 0.10 0.33 0.21 0.46 0.65 0.29 0.36 0.77 0.15 0.26 0.78 0.47 0.26 0.71 1.00 0.49 0.51 0.16 0.35 0.87 0.76 0.24 0.54 0.02 0.79 0.11 0.19 0.80 0.74 0.75 0.62 0.74 0.85 0.10 0.61 0.61 0.02 0.97 0.08 0.21 0.95 0.33 0.17 0.84 0.86 0.72 0.64 0.18 0.90 0.54 0.75 0.51 0.48 0.27 0.97 0.01 0.63 0.14 0.49 0.08 0.75 0.11 0.68 ]
[0.68 0.05 0.05 0.26 0.37 0.92 0.97 0.81 0.90 0.34 0.49 0.81 0.33 0.84 0.88 0.98 0.31 0.38 0.35 0.59 0.87 0.59 0.49 1.00 0.93 0.27 0.79 0.18 0.99 0.85 0.74 0.92 0.51 0.74 0.09 0.54 0.33 0.89 0.34 0.04 0.28 0.31 0.74 0.55 0.22 0.50 0.78 0.87 0.53 0.07 0.78 0.10 0.51 0.96 0.58 0.90 0.16 0.54 0.78 0.13 0.08 0.27 0.08 0.05 1.00 0.22 0.96 0.81 0.82 0.38 0.40 ]
[0.48 0.47 0.77 0.75 0.24 0.77 0.75 0.74 0.70 0.20 0.22 0.63 0.34 0.41 0.97 0.04 0.36 0.68 0.75 0.05 0.45 0.60 0.51 0.93 1.00 0.76 0.88 0.85 0.89 0.71 0.60 0.98 0.53 0.22 0.53 0.60 0.94 0.40 0.39 0.92 0.63 0.43 0.06 0.88 0.07 0.11 0.24 0.58 0.74 0.82 0.67 0.18 0.85 0.25 0.33 0.21 0.84 0.70 0.61 0.51 0.30 0.53 0.43 0.09 0.53 0.36 0.67 0.67 0.85 0.28 0.09 ]
[0.13 0.11 0.08 0.18 0.99 0.01 0.62 0.86 0.83 0.13 0.08 0.97 0.28 0.14 0.19 0.72 0.53 0.16 0.44 0.67 0.29 0.92 0.16 0.27 0.76 1.00 0.11 0.70 0.59 0.80 0.54 0.06 0.61 0.58 0.15 0.78 0.59 0.51 0.78 0.65 0.97 0.68 0.46 0.23 0.82 0.76 0.69 0.95 0.67 0.06 0.16 0.08 0.73 1.00 0.12 0.29 0.15 0.76 0.56 0.37 0.62 0.17 0.95 0.29 0.60 0.48 0.11 0.82 0.85 0.15 0.19 ]
[0.70 0.38 0.53 0.35 0.50 0.11 0.09 0.78 0.52 0.34 0.93 0.23 0.26 0.08 0.63 0.62 0.70 0.51 0.86 0.54 0.17 0.47 0.35 0.79 0.88 0.11 1.00 0.60 0.58 0.42 0.09 0.19 0.43 0.27 0.43 0.36 0.32 0.38 0.20 0.03 0.99 0.69 0.17 0.89 0.33 0.12 0.13 0.51 0.07 0.68 0.23 0.44 0.84 0.41 0.54 0.47 0.92 0.36 0.65 0.79 0.19 0.97 0.71 0.96 0.53 0.32 0.82 0.11 0.18 0.87 0.34 ]
[0.25 0.49 0.92 0.42 0.91 0.78 0.28 0.84 0.04 0.22 0.52 0.47 0.28 0.09 0.11 0.31 0.96 0.09 0.62 0.24 0.30 0.70 0.87 0.18 0.85 0.70 0.60 1.00 0.21 0.55 0.21 0.97 0.20 0.56 0.56 0.29 0.06 0.46 0.80 0.53 0.23 0.66 0.88 0.84 0.21 0.85 0.26 0.21 0.31 0.82 0.69 0.35 0.69 0.22 0.41 0.39 0.86 0.69 0.35 0.94 0.13 0.48 0.58 0.62 0.19 0.81 0.94 0.95 0.82 0.17 0.77 ]
[0.09 0.22 0.68 0.38 0.73 0.17 0.01 0.32 0.93 0.70 0.72 0.06 0.86 0.49 0.60 0.66 0.36 0.61 0.37 0.46 0.73 0.94 0.76 0.99 0.89 0.59 0.58 0.21 1.00 0.31 0.12 0.33 0.85 0.47 0.87 0.67 0.62 0.99 0.91 0.84 0.82 0.55 0.57 0.78 0.20 0.44 1.00 0.77 0.66 0.35 0.57 0.22 0.38 0.86 0.25 0.55 0.16 0.46 0.01 0.01 0.06 0.66 0.41 0.71 0.95 0.86 0.90 0.71 0.81 1.00 0.07 ]
[0.43 0.74 0.21 0.75 0.14 0.07 0.09 0.13 0.16 0.97 0.89 0.54 0.83 0.99 0.74 0.91 0.03 0.16 0.89 0.90 0.00 0.87 0.24 0.85 0.71 0.80 0.42 0.55 0.31 1.00 0.01 0.48 0.09 0.31 0.51 0.33 0.38 0.72 0.10 0.97 0.84 0.52 0.96 0.86 0.01 0.22 0.18 0.02 0.72 0.73 0.10 0.72 0.88 0.38 0.83 0.71 0.50 0.05 0.53 0.54 0.97 0.20 0.02 0.55 0.35 0.62 0.88 0.58 0.66 0.89 0.60 ]
[0.12 0.79 0.81 0.87 0.90 0.02 0.49 0.64 0.02 0.87 0.08 0.15 0.83 0.93 0.79 0.51 0.93 0.39 0.84 0.85 0.46 0.31 0.54 0.74 0.60 0.54 0.09 0.21 0.12 0.01 1.00 0.77 0.33 0.04 0.50 0.73 0.66 0.35 0.92 0.86 0.78 0.04 0.42 0.03 0.68 0.73 0.92 0.14 0.64 0.12 0.03 0.52 0.40 0.37 0.04 0.66 0.71 0.89 0.56 0.01 0.58 0.43 0.10 0.82 0.79 0.93 0.32 0.58 0.94 0.96 0.11 ]
[0.60 0.01 0.43 0.41 0.99 0.83 0.70 0.62 0.59 0.42 0.14 0.47 0.39 0.55 0.68 0.91 0.95 0.45 0.26 0.67 0.07 0.76 0.02 0.92 0.98 0.06 0.19 0.97 0.33 0.48 0.77 1.00 0.67 0.04 0.93 0.12 0.76 0.90 0.38 0.27 0.15 0.18 0.08 0.67 0.14 0.07 0.43 0.06 0.07 0.58 0.94 0.70 0.52 0.51 0.94 0.78 0.15 0.40 0.73 0.19 0.01 0.02 0.90 0.51 0.55 0.39 0.52 0.23 0.46 0.13 0.06 ]
[0.86 0.38 0.01 0.93 0.20 0.01 0.41 0.14 0.35 0.28 0.80 0.99 0.94 0.03 0.66 0.75 0.84 0.15 0.82 0.04 0.87 0.61 0.79 0.51 0.53 0.61 0.43 0.20 0.85 0.09 0.33 0.67 1.00 0.38 0.16 0.68 0.62 0.81 0.56 0.88 0.45 0.89 0.73 0.19 0.37 0.28 0.25 0.17 0.21 0.30 0.30 0.88 0.33 0.93 0.21 0.34 0.20 0.20 0.17 0.51 0.39 1.00 0.25 0.15 0.91 0.51 0.29 0.54 0.43 0.37 0.84 ]
[0.37 0.84 0.25 0.72 0.35 0.38 0.53 0.98 0.05 0.15 0.61 0.83 0.04 0.33 0.64 0.87 0.43 0.73 0.07 0.46 0.15 0.71 0.11 0.74 0.22 0.58 0.27 0.56 0.47 0.31 0.04 0.04 0.38 1.00 0.48 0.13 0.21 0.58 0.62 0.45 0.80 0.22 0.84 0.14 0.57 0.16 0.53 0.26 0.90 0.66 0.96 0.57 0.00 0.33 0.29 0.26 0.15 0.93 0.98 0.23 0.17 0.46 0.92 0.94 0.39 0.95 0.14 0.64 0.52 0.85 0.27 ]
[0.28 0.30 0.43 0.30 0.04 0.80 0.88 0.71 0.21 0.56 0.38 0.83 0.08 0.76 0.74 0.99 0.18 0.34 1.00 0.24 0.60 0.99 0.19 0.09 0.53 0.15 0.43 0.56 0.87 0.51 0.50 0.93 0.16 0.48 1.00 0.90 0.68 0.49 0.11 0.59 0.39 0.81 0.24 0.04 0.94 0.85 0.50 0.83 0.33 0.79 0.43 0.46 0.55 0.75 0.74 0.55 0.70 0.21 0.02 0.41 0.01 0.15 0.31 0.86 0.85 0.28 0.82 0.49 0.87 0.65 0.47 ]
[0.29 0.62 0.34 0.89 0.16 0.66 0.15 0.26 0.51 0.83 0.80 0.28 0.42 0.59 0.19 0.97 0.29 0.92 0.81 0.18 0.29 0.93 0.80 0.54 0.60 0.78 0.36 0.29 0.67 0.33 0.73 0.12 0.68 0.13 0.90 1.00 0.06 0.02 0.72 0.98 0.38 0.97 0.65 1.00 0.96 0.66 0.48 0.83 0.09 1.00 0.61 0.25 0.09 0.28 0.75 0.38 0.16 0.87 0.42 0.03 0.99 0.99 0.37 0.23 0.77 0.47 0.82 0.65 0.06 0.94 0.88 ]
[0.35 0.44 0.77 0.84 0.56 0.19 0.41 0.16 0.15 0.03 0.55 0.17 0.81 0.34 0.34 0.07 0.34 0.93 0.46 0.26 0.11 0.79 0.74 0.33 0.94 0.59 0.32 0.06 0.62 0.38 0.66 0.76 0.62 0.21 0.68 0.06 1.00 0.61 0.69 0.70 0.31 0.54 0.99 0.07 0.32 0.05 0.37 0.44 0.06 0.05 0.10 0.16 0.27 0.70 0.36 0.55 0.16 0.82 0.78 0.09 0.65 0.32 0.12 0.18 0.32 0.89 0.99 0.61 0.35 0.73 0.22 ]
[0.12 0.16 0.91 0.68 0.63 0.85 0.83 0.22 0.22 0.17 0.52 0.08 0.22 0.02 0.29 0.87 0.41 0.65 0.29 0.59 0.59 0.78 0.75 0.89 0.40 0.51 0.38 0.46 0.99 0.72 0.35 0.90 0.81 0.58 0.49 0.02 0.61 1.00 0.48 0.82 0.01 0.04 0.51 0.95 0.74 0.65 0.59 0.85 0.08 0.27 0.38 0.94 0.19 0.89 0.45 0.19 0.95 0.64 0.44 0.41 0.07 0.87 0.13 0.28 0.33 0.19 0.22 0.23 0.79 0.35 0.57 ]
[0.36 0.98 0.12 0.61 0.02 0.21 0.75 0.72 0.48 0.42 0.64 0.67 0.07 0.73 0.56 0.18 0.62 0.27 0.97 0.24 0.69 0.09 0.62 0.34 0.39 0.78 0.20 0.80 0.91 0.10 0.92 0.38 0.56 0.62 0.11 0.72 0.69 0.48 1.00 0.13 0.69 0.71 0.84 0.14 0.82 0.63 0.55 0.92 0.62 0.61 0.67 0.01 0.22 0.62 0.14 0.50 0.93 0.45 0.88 0.31 0.83 0.35 0.47 0.80 0.80 0.73 0.27 0.46 0.99 0.70 0.82 ]
[0.87 0.53 0.26 0.45 0.76 0.52 0.17 0.95 0.68 0.40 0.27 0.68 0.03 0.05 0.21 0.76 0.93 0.86 0.74 0.66 0.94 0.15 0.74 0.04 0.92 0.65 0.03 0.53 0.84 0.97 0.86 0.27 0.88 0.45 0.59 0.98 0.70 0.82 0.13 1.00 0.72 0.37 0.30 0.92 0.61 0.49 0.14 0.38 0.63 0.42 0.24 0.62 0.66 0.98 0.04 0.33 0.47 0.61 0.48 0.16 0.48 0.02 0.77 0.46 0.42 0.02 0.73 0.41 0.35 0.59 0.60 ]
[0.31 0.21 0.56 0.14 0.90 0.29 0.09 0.11 0.68 0.04 0.37 0.01 0.74 0.49 0.12 0.66 0.20 0.61 0.58 0.53 0.60 0.28 0.85 0.28 0.63 0.97 0.99 0.23 0.82 0.84 0.78 0.15 0.45 0.80 0.39 0.38 0.31 0.01 0.69 0.72 1.00 0.83 0.87 0.33 0.71 0.66 1.00 0.51 0.23 0.63 0.19 0.28 0.66 0.66 0.60 0.95 0.49 0.33 0.05 0.87 0.72 0.69 0.19 0.76 0.35 0.92 0.13 0.21 0.63 0.98 0.44 ]
[0.81 0.23 0.51 0.09 0.66 0.08 0.88 0.69 0.65 0.82 0.40 0.61 0.21 0.45 0.87 0.02 0.18 0.29 0.18 0.12 0.38 0.02 0.10 0.31 0.43 0.68 0.69 0.66 0.55 0.52 0.04 0.18 0.89 0.22 0.81 0.97 0.54 0.04 0.71 0.37 0.83 1.00 0.07 0.46 0.08 0.16 0.69 0.58 0.69 0.26 0.07 0.19 0.91 0.89 0.17 0.60 0.83 0.74 0.47 0.70 0.34 0.24 0.65 0.65 0.17 0.36 0.47 0.51 0.82 1.00 0.37 ]
[0.71 0.80 0.88 0.18 0.39 0.57 0.05 0.99 0.83 0.76 0.34 0.56 0.52 0.85 0.31 0.07 0.37 0.59 0.60 0.39 0.43 0.69 0.61 0.74 0.06 0.46 0.17 0.88 0.57 0.96 0.42 0.08 0.73 0.84 0.24 0.65 0.99 0.51 0.84 0.30 0.87 0.07 1.00 0.30 0.97 0.39 0.81 0.51 0.46 0.91 0.76 0.65 0.07 0.57 0.67 0.77 0.52 0.91 0.59 0.33 0.91 0.79 0.78 0.91 0.35 0.86 0.36 0.94 0.51 0.05 0.36 ]
[0.27 0.19 0.85 0.53 0.09 0.02 0.14 0.25 0.54 0.75 0.96 0.81 0.47 0.12 0.05 0.97 0.28 0.47 0.27 0.24 0.78 0.37 0.61 0.55 0.88 0.23 0.89 0.84 0.78 0.86 0.03 0.67 0.19 0.14 0.04 1.00 0.07 0.95 0.14 0.92 0.33 0.46 0.30 1.00 0.80 0.14 0.23 0.62 0.10 0.21 0.26 0.11 0.30 0.44 0.75 0.39 0.52 0.40 0.82 0.80 0.90 0.38 0.51 0.15 0.16 0.21 0.77 0.94 0.17 0.58 0.46 ]
[0.32 0.43 0.31 0.24 0.76 0.83 0.82 0.54 0.79 0.41 0.61 0.47 1.00 0.53 0.62 0.38 0.15 0.69 0.41 0.60 0.47 0.37 0.02 0.22 0.07 0.82 0.33 0.21 0.20 0.01 0.68 0.14 0.37 0.57 0.94 0.96 0.32 0.74 0.82 0.61 0.71 0.08 0.97 0.80 1.00 0.90 0.30 0.95 0.09 0.53 0.25 0.82 0.88 0.37 0.69 0.10 0.37 0.47 0.20 0.62 0.18 0.25 0.74 0.27 0.10 0.40 0.03 0.47 0.31 0.93 0.44 ]
[0.44 0.66 0.38 0.84 0.29 0.70 0.59 0.70 0.29 0.29 0.64 0.28 0.77 1.00 0.30 0.28 0.42 0.03 0.24 0.89 0.63 0.99 0.97 0.50 0.11 0.76 0.12 0.85 0.44 0.22 0.73 0.07 0.28 0.16 0.85 0.66 0.05 0.65 0.63 0.49 0.66 0.16 0.39 0.14 0.90 1.00 0.39 0.15 0.34 0.36 0.41 0.60 0.32 0.20 0.23 0.07 0.99 0.18 0.68 0.92 0.92 0.84 0.35 0.86 0.41 0.34 0.49 0.64 0.01 0.27 0.06 ]
[0.44 0.50 0.51 0.57 0.89 0.54 0.46 0.63 0.42 0.70 0.34 0.32 0.78 0.15 0.71 0.60 0.29 0.73 0.02 0.90 0.34 0.67 0.08 0.78 0.24 0.69 0.13 0.26 1.00 0.18 0.92 0.43 0.25 0.53 0.50 0.48 0.37 0.59 0.55 0.14 1.00 0.69 0.81 0.23 0.30 0.39 1.00 0.77 0.54 0.53 0.12 0.03 0.60 0.69 0.54 0.41 0.10 0.68 0.37 0.49 0.40 0.27 0.45 0.10 0.90 0.22 0.53 0.84 0.10 0.67 0.62 ]
[0.09 0.46 0.58 0.59 0.02 0.55 0.94 0.50 0.03 0.01 0.78 0.53 0.76 0.64 0.23 0.55 0.84 0.32 0.48 0.97 0.99 0.82 0.21 0.87 0.58 0.95 0.51 0.21 0.77 0.02 0.14 0.06 0.17 0.26 0.83 0.83 0.44 0.85 0.92 0.38 0.51 0.58 0.51 0.62 0.95 0.15 0.77 1.00 0.51 0.52 0.47 0.26 0.74 0.78 0.91 0.78 0.65 0.32 0.55 0.66 0.47 0.47 0.20 0.01 0.43 0.53 0.86 0.92 0.94 0.97 0.78 ]
[0.32 0.48 0.27 0.67 0.63 0.60 0.61 0.91 0.80 0.53 0.10 0.05 0.40 0.45 0.76 0.80 0.79 0.31 0.94 0.82 0.41 0.69 0.95 0.53 0.74 0.67 0.07 0.31 0.66 0.72 0.64 0.07 0.21 0.90 0.33 0.09 0.06 0.08 0.62 0.63 0.23 0.69 0.46 0.10 0.09 0.34 0.54 0.51 1.00 0.87 0.64 0.68 0.79 0.52 0.70 0.27 0.84 0.45 0.94 0.71 0.79 0.51 0.71 0.15 0.40 0.53 0.57 0.01 0.72 0.27 0.73 ]
[0.23 0.20 0.42 0.91 0.53 0.27 0.47 0.36 0.15 0.56 0.96 0.06 0.72 0.36 0.25 0.88 0.57 0.36 0.53 0.61 0.84 0.41 0.33 0.07 0.82 0.06 0.68 0.82 0.35 0.73 0.12 0.58 0.30 0.66 0.79 1.00 0.05 0.27 0.61 0.42 0.63 0.26 0.91 0.21 0.53 0.36 0.53 0.52 0.87 1.00 0.55 0.32 0.49 0.12 0.46 0.84 0.48 0.76 0.52 0.01 0.68 0.43 0.95 0.39 0.50 0.10 0.95 0.08 0.42 0.11 0.57 ]
[0.66 0.38 0.92 0.82 0.05 0.08 0.24 0.63 0.08 0.85 0.99 0.86 0.65 0.06 0.19 0.50 0.01 0.01 0.64 0.61 0.44 0.84 0.17 0.78 0.67 0.16 0.23 0.69 0.57 0.10 0.03 0.94 0.30 0.96 0.43 0.61 0.10 0.38 0.67 0.24 0.19 0.07 0.76 0.26 0.25 0.41 0.12 0.47 0.64 0.55 1.00 0.64 0.84 0.67 0.15 0.23 0.08 0.08 0.45 0.03 0.15 0.46 0.05 1.00 0.31 0.97 0.49 0.40 0.19 0.77 0.64 ]
[0.14 0.76 0.78 0.46 0.31 0.16 0.30 0.28 0.71 0.92 0.14 0.27 0.58 0.91 0.03 0.61 0.90 0.09 0.48 0.77 0.66 0.66 0.84 0.10 0.18 0.08 0.44 0.35 0.22 0.72 0.52 0.70 0.88 0.57 0.46 0.25 0.16 0.94 0.01 0.62 0.28 0.19 0.65 0.11 0.82 0.60 0.03 0.26 0.68 0.32 0.64 1.00 0.68 0.74 0.89 0.86 0.52 0.77 0.37 0.79 0.21 0.05 0.37 0.70 0.24 0.28 0.62 0.83 0.91 0.28 0.59 ]
[0.74 0.61 0.82 0.08 0.62 0.15 0.72 0.19 0.07 0.35 0.57 0.06 0.53 0.87 0.15 0.44 0.07 0.27 0.90 0.33 0.21 0.65 0.86 0.51 0.85 0.73 0.84 0.69 0.38 0.88 0.40 0.52 0.33 0.00 0.55 0.09 0.27 0.19 0.22 0.66 0.66 0.91 0.07 0.30 0.88 0.32 0.60 0.74 0.79 0.49 0.84 0.68 1.00 0.29 0.56 0.84 0.07 0.18 0.79 0.38 0.49 0.25 0.07 0.04 0.29 0.02 0.27 0.22 0.66 0.16 0.11 ]
[0.38 0.92 0.66 0.49 0.31 0.21 0.90 0.97 0.28 0.33 0.59 0.88 0.52 0.72 0.31 0.60 0.10 0.43 0.25 0.24 1.00 0.04 0.72 0.96 0.25 1.00 0.41 0.22 0.86 0.38 0.37 0.51 0.93 0.33 0.75 0.28 0.70 0.89 0.62 0.98 0.66 0.89 0.57 0.44 0.37 0.20 0.69 0.78 0.52 0.12 0.67 0.74 0.29 1.00 0.65 0.16 0.46 0.92 0.32 1.00 0.44 0.83 0.97 0.29 0.76 0.66 0.99 0.98 0.76 0.07 0.13 ]
[0.14 0.04 0.56 0.19 0.09 0.22 0.82 0.63 0.51 0.68 0.38 0.59 0.82 0.38 0.42 0.27 0.83 0.19 0.39 0.67 0.56 0.80 0.64 0.58 0.33 0.12 0.54 0.41 0.25 0.83 0.04 0.94 0.21 0.29 0.74 0.75 0.36 0.45 0.14 0.04 0.60 0.17 0.67 0.75 0.69 0.23 0.54 0.91 0.70 0.46 0.15 0.89 0.56 0.65 1.00 0.35 0.38 0.62 0.26 0.40 0.77 0.16 0.27 0.97 0.57 0.42 0.55 0.96 0.98 0.14 0.74 ]
[0.09 0.10 0.71 0.58 0.28 0.32 0.76 0.98 0.57 0.36 0.16 0.97 0.56 0.93 0.15 0.28 0.57 0.14 0.93 0.39 0.40 0.19 0.18 0.90 0.21 0.29 0.47 0.39 0.55 0.71 0.66 0.78 0.34 0.26 0.55 0.38 0.55 0.19 0.50 0.33 0.95 0.60 0.77 0.39 0.10 0.07 0.41 0.78 0.27 0.84 0.23 0.86 0.84 0.16 0.35 1.00 0.20 0.58 0.86 0.67 0.23 0.47 0.54 0.14 0.44 0.43 0.61 0.83 0.98 0.47 0.65 ]
[0.11 0.63 0.04 0.60 0.53 0.48 0.47 0.74 0.85 0.72 0.17 0.65 0.03 0.78 0.46 0.23 0.59 0.08 0.99 0.00 0.71 0.62 0.90 0.16 0.84 0.15 0.92 0.86 0.16 0.50 0.71 0.15 0.20 0.15 0.70 0.16 0.16 0.95 0.93 0.47 0.49 0.83 0.52 0.52 0.37 0.99 0.10 0.65 0.84 0.48 0.08 0.52 0.07 0.46 0.38 0.20 1.00 0.92 0.02 0.05 0.24 0.36 0.56 0.90 0.26 0.10 0.65 0.28 0.77 0.49 0.21 ]
[0.01 0.42 0.09 0.05 0.65 0.28 0.84 0.63 0.14 0.72 0.68 0.87 0.80 0.97 0.24 0.94 0.39 0.54 0.21 0.34 0.77 0.13 0.54 0.54 0.70 0.76 0.36 0.69 0.46 0.05 0.89 0.40 0.20 0.93 0.21 0.87 0.82 0.64 0.45 0.61 0.33 0.74 0.91 0.40 0.47 0.18 0.68 0.32 0.45 0.76 0.08 0.77 0.18 0.92 0.62 0.58 0.92 1.00 0.71 0.38 0.93 0.33 0.06 0.92 0.38 0.47 0.89 0.07 0.12 0.10 0.14 ]
[0.62 0.63 0.54 0.23 0.06 0.86 0.20 0.34 0.83 0.14 0.08 0.36 0.17 0.58 0.53 0.89 0.03 0.50 0.07 0.87 0.58 0.73 0.75 0.78 0.61 0.56 0.65 0.35 0.01 0.53 0.56 0.73 0.17 0.98 0.02 0.42 0.78 0.44 0.88 0.48 0.05 0.47 0.59 0.82 0.20 0.68 0.37 0.55 0.94 0.52 0.45 0.37 0.79 0.32 0.26 0.86 0.02 0.71 1.00 0.69 0.99 0.59 0.86 0.75 0.22 0.31 0.89 0.08 0.98 0.54 0.20 ]
[0.71 0.70 0.78 0.02 0.79 0.61 0.70 0.61 0.56 0.44 0.84 0.52 0.02 0.05 0.28 0.00 0.32 0.60 0.00 0.81 0.40 0.18 0.51 0.13 0.51 0.37 0.79 0.94 0.01 0.54 0.01 0.19 0.51 0.23 0.41 0.03 0.09 0.41 0.31 0.16 0.87 0.70 0.33 0.80 0.62 0.92 0.49 0.66 0.71 0.01 0.03 0.79 0.38 1.00 0.40 0.67 0.05 0.38 0.69 1.00 0.96 0.34 0.40 0.66 0.03 0.26 0.14 0.46 0.74 0.96 0.13 ]
[0.90 0.64 0.61 0.51 0.63 0.39 0.90 0.60 0.21 0.23 0.15 0.08 0.27 0.41 0.54 0.24 0.70 0.10 0.24 0.20 0.42 0.25 0.48 0.08 0.30 0.62 0.19 0.13 0.06 0.97 0.58 0.01 0.39 0.17 0.01 0.99 0.65 0.07 0.83 0.48 0.72 0.34 0.91 0.90 0.18 0.92 0.40 0.47 0.79 0.68 0.15 0.21 0.49 0.44 0.77 0.23 0.24 0.93 0.99 0.96 1.00 0.47 0.70 0.05 0.07 0.24 0.85 0.30 0.42 0.99 0.59 ]
[0.33 0.91 0.91 0.94 0.65 0.87 0.03 0.74 0.18 0.30 0.90 0.91 0.80 0.29 0.47 0.75 1.00 0.16 0.25 0.54 0.72 0.81 0.27 0.27 0.53 0.17 0.97 0.48 0.66 0.20 0.43 0.02 1.00 0.46 0.15 0.99 0.32 0.87 0.35 0.02 0.69 0.24 0.79 0.38 0.25 0.84 0.27 0.47 0.51 0.43 0.46 0.05 0.25 0.83 0.16 0.47 0.36 0.33 0.59 0.34 0.47 1.00 0.31 0.83 0.01 0.89 0.87 0.04 0.32 0.33 0.30 ]
[0.12 0.78 0.88 0.45 0.74 0.19 0.28 0.68 0.23 0.07 0.25 0.92 0.27 0.35 0.28 0.48 0.77 0.68 0.25 0.53 0.04 0.22 0.97 0.08 0.43 0.95 0.71 0.58 0.41 0.02 0.10 0.90 0.25 0.92 0.31 0.37 0.12 0.13 0.47 0.77 0.19 0.65 0.78 0.51 0.74 0.35 0.45 0.20 0.71 0.95 0.05 0.37 0.07 0.97 0.27 0.54 0.56 0.06 0.86 0.40 0.70 0.31 1.00 0.29 0.37 0.61 0.31 0.76 0.32 0.12 0.72 ]
[0.42 0.81 0.69 0.17 0.60 0.28 0.92 0.60 0.47 0.82 0.04 1.00 0.74 0.34 0.72 0.42 0.65 0.70 0.86 0.43 0.67 0.29 0.01 0.05 0.09 0.29 0.96 0.62 0.71 0.55 0.82 0.51 0.15 0.94 0.86 0.23 0.18 0.28 0.80 0.46 0.76 0.65 0.91 0.15 0.27 0.86 0.10 0.01 0.15 0.39 1.00 0.70 0.04 0.29 0.97 0.14 0.90 0.92 0.75 0.66 0.05 0.83 0.29 1.00 0.11 0.79 0.18 0.31 0.86 0.54 0.68 ]
[0.06 0.21 0.35 0.06 0.18 0.21 0.33 0.90 0.54 0.93 0.97 0.57 0.61 0.13 0.61 0.48 0.27 0.18 0.06 0.51 0.66 0.44 0.63 1.00 0.53 0.60 0.53 0.19 0.95 0.35 0.79 0.55 0.91 0.39 0.85 0.77 0.32 0.33 0.80 0.42 0.35 0.17 0.35 0.16 0.10 0.41 0.90 0.43 0.40 0.50 0.31 0.24 0.29 0.76 0.57 0.44 0.26 0.38 0.22 0.03 0.07 0.01 0.37 0.11 1.00 0.25 0.04 0.80 0.60 0.07 0.64 ]
[0.96 0.88 0.17 0.58 0.20 0.85 0.99 0.73 0.58 0.52 0.01 0.78 0.76 0.57 0.83 0.85 0.65 0.73 0.30 0.59 0.74 0.03 0.14 0.22 0.36 0.48 0.32 0.81 0.86 0.62 0.93 0.39 0.51 0.95 0.28 0.47 0.89 0.19 0.73 0.02 0.92 0.36 0.86 0.21 0.40 0.34 0.22 0.53 0.53 0.10 0.97 0.28 0.02 0.66 0.42 0.43 0.10 0.47 0.31 0.26 0.24 0.89 0.61 0.79 0.25 1.00 0.87 0.53 0.18 0.29 0.48 ]
[0.65 0.38 0.31 0.87 0.42 0.59 0.05 0.93 0.10 0.54 0.77 0.32 0.19 0.83 0.34 0.60 0.56 0.89 0.99 0.80 0.79 0.32 0.49 0.96 0.67 0.11 0.82 0.94 0.90 0.88 0.32 0.52 0.29 0.14 0.82 0.82 0.99 0.22 0.27 0.73 0.13 0.47 0.36 0.77 0.03 0.49 0.53 0.86 0.57 0.95 0.49 0.62 0.27 0.99 0.55 0.61 0.65 0.89 0.89 0.14 0.85 0.87 0.31 0.18 0.04 0.87 1.00 0.35 0.32 0.39 0.08 ]
[0.14 0.36 0.29 0.93 0.63 0.09 0.33 0.95 0.24 0.53 0.35 0.07 0.07 0.81 0.63 0.41 0.17 0.79 0.95 0.08 0.40 0.03 0.08 0.81 0.67 0.82 0.11 0.95 0.71 0.58 0.58 0.23 0.54 0.64 0.49 0.65 0.61 0.23 0.46 0.41 0.21 0.51 0.94 0.94 0.47 0.64 0.84 0.92 0.01 0.08 0.40 0.83 0.22 0.98 0.96 0.83 0.28 0.07 0.08 0.46 0.30 0.04 0.76 0.31 0.80 0.53 0.35 1.00 0.40 0.99 0.33 ]
[0.69 0.05 0.63 0.50 0.91 0.52 0.54 0.44 0.75 0.17 0.22 0.08 0.00 0.14 0.95 0.96 0.30 0.12 0.44 0.37 0.39 0.40 0.75 0.82 0.85 0.85 0.18 0.82 0.81 0.66 0.94 0.46 0.43 0.52 0.87 0.06 0.35 0.79 0.99 0.35 0.63 0.82 0.51 0.17 0.31 0.01 0.10 0.94 0.72 0.42 0.19 0.91 0.66 0.76 0.98 0.98 0.77 0.12 0.98 0.74 0.42 0.32 0.32 0.86 0.60 0.18 0.32 0.40 1.00 0.08 0.11 ]
[0.69 0.64 0.42 0.38 0.24 0.50 0.54 0.88 0.91 0.19 0.73 0.83 0.05 0.01 0.49 0.84 0.71 0.10 0.85 0.81 0.32 0.73 0.11 0.38 0.28 0.15 0.87 0.17 1.00 0.89 0.96 0.13 0.37 0.85 0.65 0.94 0.73 0.35 0.70 0.59 0.98 1.00 0.05 0.58 0.93 0.27 0.67 0.97 0.27 0.11 0.77 0.28 0.16 0.07 0.14 0.47 0.49 0.10 0.54 0.96 0.99 0.33 0.12 0.54 0.07 0.29 0.39 0.99 0.08 1.00 0.18 ]
[0.76 0.43 0.33 0.16 0.62 0.64 0.25 0.42 0.44 0.75 0.62 0.48 0.19 0.59 0.08 0.39 0.98 0.07 0.50 0.15 0.61 0.14 0.68 0.40 0.09 0.19 0.34 0.77 0.07 0.60 0.11 0.06 0.84 0.27 0.47 0.88 0.22 0.57 0.82 0.60 0.44 0.37 0.36 0.46 0.44 0.06 0.62 0.78 0.73 0.57 0.64 0.59 0.11 0.13 0.74 0.65 0.21 0.14 0.20 0.13 0.59 0.30 0.72 0.68 0.64 0.48 0.08 0.33 0.11 0.18 1.00 ]
];
