D = 8;
n = [ 2 2 2 2 2 2 2 2 ];
N = 65;
d = [1 1 1 1 1 1 1 1 2 2 2 2 2 2 2 2 3 3 3 3 3 3 3 3 4 4 4 4 4 4 4 4 5 5 5 5 5 5 5 5 6 6 6 6 6 6 6 6 7 7 7 7 7 7 7 7 8 8 8 8 8 8 8 8 8 ];
m = [
[1.00 0.31 0.33 0.21 0.04 0.15 0.86 0.22 0.10 0.83 0.16 0.32 0.41 0.52 0.10 0.45 0.49 0.87 0.31 0.17 0.29 0.03 0.81 0.96 0.30 0.69 0.95 0.73 0.18 0.72 0.47 0.78 0.86 0.98 0.65 0.75 1.00 0.57 0.96 0.77 0.05 0.17 0.87 0.69 0.40 0.40 0.59 0.42 0.66 0.00 0.46 0.83 0.52 0.44 0.21 0.54 0.26 0.66 0.51 0.06 0.40 0.16 0.66 0.17 0.98 ]
[0.31 1.00 0.98 0.23 0.72 0.84 0.78 0.20 0.96 0.17 0.04 0.09 0.50 0.42 0.04 0.96 0.22 0.94 0.03 0.63 0.44 0.91 0.25 0.81 0.01 0.88 0.66 0.02 0.74 0.57 0.74 0.79 0.54 0.08 0.83 0.94 0.40 0.89 0.08 0.43 0.48 0.78 0.75 0.86 0.49 0.93 0.07 0.35 0.79 0.34 0.82 0.26 0.73 0.37 0.92 0.48 0.65 0.89 0.13 0.60 0.14 0.04 0.36 0.50 0.91 ]
[0.33 0.98 1.00 0.25 0.57 0.94 0.59 0.71 0.97 0.21 0.93 0.20 0.96 0.07 0.34 0.06 0.58 0.17 0.57 0.11 0.84 0.07 0.43 0.68 0.54 0.91 0.31 0.25 0.97 0.10 0.19 0.52 0.66 0.98 0.34 0.32 0.08 0.94 0.61 0.61 0.96 0.95 0.22 0.49 0.58 0.20 0.54 0.25 0.59 0.45 0.81 0.55 0.37 0.37 0.05 0.95 0.70 0.64 0.72 0.61 0.66 0.26 0.91 0.75 0.24 ]
[0.21 0.23 0.25 1.00 0.97 0.44 0.49 0.85 0.97 0.26 0.80 0.27 0.76 0.11 0.62 0.62 0.91 0.49 0.44 0.24 0.41 0.65 0.24 0.18 0.05 0.69 0.24 0.70 0.18 0.35 0.87 0.07 0.37 0.03 0.90 0.31 0.83 0.28 0.66 0.43 0.50 0.61 0.26 0.32 0.64 0.15 0.73 0.20 0.25 0.93 0.98 0.20 0.38 0.34 0.98 0.48 0.81 0.47 0.25 0.89 0.68 0.77 0.06 0.32 0.54 ]
[0.04 0.72 0.57 0.97 1.00 0.05 0.27 0.64 0.25 0.25 0.53 0.30 0.81 0.55 0.41 0.57 0.82 0.82 0.94 0.87 0.64 0.49 0.30 0.59 0.30 0.33 0.47 0.67 0.40 0.30 0.21 0.43 0.48 0.77 0.17 0.40 0.98 0.50 0.51 0.98 0.47 0.24 0.95 0.64 0.17 0.62 0.80 1.00 0.70 0.43 0.43 0.18 0.27 0.19 0.47 0.79 0.40 0.21 0.00 0.50 0.34 0.99 0.40 0.38 0.70 ]
[0.15 0.84 0.94 0.44 0.05 1.00 0.00 0.53 0.33 0.35 0.10 0.15 0.10 0.19 0.21 0.37 0.96 0.54 0.27 0.81 0.79 0.00 0.16 0.20 0.18 0.07 0.22 0.62 0.06 0.14 0.17 0.38 0.25 0.46 0.38 0.13 0.02 0.81 0.03 0.82 0.82 0.46 0.07 0.14 0.95 0.22 0.29 0.09 0.28 0.42 0.51 0.14 0.33 0.07 0.35 0.89 0.86 0.33 0.80 0.30 0.14 0.74 0.31 0.69 0.78 ]
[0.86 0.78 0.59 0.49 0.27 0.00 1.00 0.86 0.22 0.61 0.36 0.47 0.85 0.24 0.96 0.45 0.58 0.61 0.84 0.98 0.71 0.33 0.82 0.49 0.93 0.06 0.74 0.29 0.60 0.86 0.72 0.63 0.54 0.09 0.78 0.90 0.34 0.60 0.87 0.71 0.40 0.04 0.74 0.18 0.34 0.92 0.87 0.62 0.85 0.87 0.11 0.32 0.85 0.81 0.25 0.18 0.38 0.19 0.51 0.21 0.72 0.49 0.07 0.69 0.77 ]
[0.22 0.20 0.71 0.85 0.64 0.53 0.86 1.00 0.32 0.37 0.01 0.51 0.10 0.05 0.82 0.99 0.67 0.50 0.26 0.20 0.49 0.80 0.99 0.13 0.50 0.46 0.23 0.70 0.99 0.94 0.73 0.05 0.52 0.79 0.23 0.91 0.69 0.49 0.66 0.73 0.22 0.87 0.23 0.02 0.27 0.13 0.74 0.27 1.00 0.89 0.10 0.51 0.59 0.71 0.52 0.68 0.94 0.64 0.25 0.16 0.28 0.24 0.01 0.41 0.03 ]
[0.10 0.96 0.97 0.97 0.25 0.33 0.22 0.32 1.00 0.07 0.23 0.30 0.43 0.49 0.55 0.04 0.31 0.17 0.58 0.88 0.83 0.38 0.76 0.01 0.93 0.17 0.37 0.93 0.45 0.52 0.76 0.09 0.97 0.72 0.85 0.32 0.03 0.47 0.73 0.64 0.05 0.77 0.88 0.64 0.93 0.43 0.46 0.37 0.62 0.00 0.86 0.10 0.65 0.64 0.06 0.56 0.23 0.67 0.56 0.04 0.01 0.58 0.60 0.87 0.04 ]
[0.83 0.17 0.21 0.26 0.25 0.35 0.61 0.37 0.07 1.00 0.27 0.64 0.03 0.43 0.31 0.07 0.70 0.25 0.67 0.32 0.21 0.94 0.15 0.90 0.86 0.48 0.08 0.97 0.19 0.76 0.85 0.20 0.31 0.47 0.72 0.94 0.86 0.11 0.91 0.16 1.00 0.47 0.35 0.65 0.21 0.02 0.75 0.17 0.89 0.43 0.91 0.38 0.89 0.45 0.22 0.16 0.68 0.18 0.95 0.33 0.72 0.33 0.41 0.62 0.87 ]
[0.16 0.04 0.93 0.80 0.53 0.10 0.36 0.01 0.23 0.27 1.00 0.87 0.30 0.28 0.12 0.07 0.03 0.92 0.31 0.79 0.46 0.22 0.39 0.39 0.83 0.13 0.79 0.03 0.84 0.36 0.17 0.23 0.70 0.60 0.02 0.85 0.57 0.96 0.77 0.00 0.97 0.01 0.11 0.52 0.77 0.48 0.90 0.95 0.34 0.17 0.66 0.38 0.16 0.20 0.73 0.53 0.21 0.99 0.27 0.93 0.86 0.37 0.14 0.87 0.93 ]
[0.32 0.09 0.20 0.27 0.30 0.15 0.47 0.51 0.30 0.64 0.87 1.00 0.01 0.18 0.34 0.34 0.42 0.41 0.51 0.08 0.40 0.97 0.49 0.69 0.12 0.34 0.29 0.86 0.02 0.52 0.34 0.81 0.81 0.15 0.73 0.51 0.64 0.76 0.34 0.45 0.85 0.12 0.67 0.68 0.76 0.52 0.39 0.08 0.19 1.00 0.38 0.45 0.04 0.35 0.93 0.09 1.00 0.46 0.88 0.85 0.10 0.09 0.84 0.34 0.94 ]
[0.41 0.50 0.96 0.76 0.81 0.10 0.85 0.10 0.43 0.03 0.30 0.01 1.00 0.54 0.01 0.63 0.97 0.85 0.40 0.84 0.16 0.40 0.52 0.05 0.67 0.23 0.55 0.70 0.89 0.23 0.75 0.26 0.79 0.27 0.30 0.71 0.19 0.98 0.75 0.15 0.11 0.80 0.58 0.95 0.20 0.17 0.16 0.60 0.93 0.70 0.45 0.38 0.05 0.40 0.65 0.36 0.65 0.34 0.83 0.21 0.32 0.58 0.71 0.59 0.90 ]
[0.52 0.42 0.07 0.11 0.55 0.19 0.24 0.05 0.49 0.43 0.28 0.18 0.54 1.00 0.79 0.08 0.79 1.00 0.73 0.86 0.60 0.40 0.40 0.68 0.24 0.96 0.85 0.28 0.51 0.23 0.62 0.54 0.13 0.48 0.70 0.22 0.82 0.66 0.72 0.32 0.34 0.52 0.69 0.50 0.66 0.54 0.77 0.73 1.00 0.54 0.61 0.12 0.94 0.30 0.16 0.69 0.28 0.88 0.17 0.20 0.67 0.73 0.63 0.56 0.92 ]
[0.10 0.04 0.34 0.62 0.41 0.21 0.96 0.82 0.55 0.31 0.12 0.34 0.01 0.79 1.00 0.50 0.70 0.32 0.61 0.68 0.58 0.85 0.50 0.18 0.35 0.19 0.10 0.02 0.79 0.50 0.61 0.37 0.71 0.05 0.23 0.66 0.82 0.44 0.42 0.34 0.39 0.94 0.38 0.79 0.89 0.01 0.86 0.12 0.57 0.53 0.79 0.32 0.36 0.57 0.56 0.74 0.13 0.58 0.77 0.70 0.20 0.16 0.89 0.26 0.47 ]
[0.45 0.96 0.06 0.62 0.57 0.37 0.45 0.99 0.04 0.07 0.07 0.34 0.63 0.08 0.50 1.00 0.96 0.87 0.23 0.16 0.05 0.18 0.12 0.72 0.50 0.97 0.69 0.37 0.81 0.66 0.75 0.66 0.08 0.69 0.06 0.21 0.59 0.50 0.01 0.79 0.16 0.58 0.70 0.69 0.47 0.52 0.63 0.81 0.70 0.24 0.20 0.75 0.97 0.11 0.17 0.81 0.27 0.87 0.53 0.51 0.27 0.61 0.47 0.11 0.81 ]
[0.49 0.22 0.58 0.91 0.82 0.96 0.58 0.67 0.31 0.70 0.03 0.42 0.97 0.79 0.70 0.96 1.00 0.38 0.43 0.41 0.20 0.81 0.65 0.54 0.80 0.14 0.85 0.62 0.58 0.33 0.45 0.06 0.33 0.52 0.61 0.42 0.02 0.21 0.73 0.69 0.66 0.53 0.07 0.05 0.29 0.80 0.01 0.12 0.57 0.81 0.31 0.74 0.05 0.04 0.68 0.28 0.71 0.47 0.32 0.91 0.22 0.94 0.94 0.88 0.73 ]
[0.87 0.94 0.17 0.49 0.82 0.54 0.61 0.50 0.17 0.25 0.92 0.41 0.85 1.00 0.32 0.87 0.38 1.00 0.60 0.77 0.81 0.41 0.57 0.28 0.88 0.15 0.10 0.34 0.74 0.45 0.77 0.40 0.55 0.89 0.34 0.34 0.21 0.84 0.01 0.76 0.85 0.18 0.67 0.84 0.87 0.93 0.23 0.57 0.18 0.77 0.70 0.05 0.13 0.68 0.24 0.05 0.11 0.51 0.38 0.03 0.70 0.56 0.66 0.22 0.57 ]
[0.31 0.03 0.57 0.44 0.94 0.27 0.84 0.26 0.58 0.67 0.31 0.51 0.40 0.73 0.61 0.23 0.43 0.60 1.00 0.08 0.99 0.46 0.75 0.12 0.91 0.74 0.59 0.15 0.48 0.42 0.74 0.96 0.37 0.16 0.16 0.91 0.26 0.37 0.67 0.84 0.98 0.58 0.73 0.65 0.79 0.93 0.03 0.27 0.67 0.96 0.55 0.29 0.39 0.81 0.54 0.54 0.92 0.19 0.08 0.76 0.71 0.82 0.90 0.94 0.24 ]
[0.17 0.63 0.11 0.24 0.87 0.81 0.98 0.20 0.88 0.32 0.79 0.08 0.84 0.86 0.68 0.16 0.41 0.77 0.08 1.00 0.07 0.26 0.93 0.85 0.14 0.54 0.66 0.44 0.15 0.09 0.98 0.37 0.58 0.46 0.28 0.90 0.77 0.80 0.18 0.60 0.20 0.38 0.32 1.00 0.41 0.82 0.50 0.56 0.17 0.46 0.32 0.73 0.09 0.10 0.32 0.68 0.31 0.74 0.43 0.23 0.59 0.76 0.62 0.70 0.93 ]
[0.29 0.44 0.84 0.41 0.64 0.79 0.71 0.49 0.83 0.21 0.46 0.40 0.16 0.60 0.58 0.05 0.20 0.81 0.99 0.07 1.00 0.27 0.88 0.55 0.60 0.68 0.07 0.85 0.66 0.04 0.07 0.16 0.79 0.22 0.48 0.01 0.09 0.37 0.33 0.57 0.48 0.82 0.31 0.01 0.68 0.58 0.45 0.03 0.02 0.27 0.42 0.34 0.31 0.51 0.60 0.29 0.38 0.78 0.65 0.53 0.15 0.74 0.70 0.83 0.75 ]
[0.03 0.91 0.07 0.65 0.49 0.00 0.33 0.80 0.38 0.94 0.22 0.97 0.40 0.40 0.85 0.18 0.81 0.41 0.46 0.26 0.27 1.00 0.69 0.58 0.34 0.66 0.50 0.51 0.45 0.10 0.97 0.45 0.00 0.22 0.97 0.00 0.58 0.03 0.34 0.21 0.79 0.99 0.12 0.97 0.02 0.79 0.59 0.53 0.87 0.45 0.22 0.81 0.91 0.13 0.24 0.44 0.91 0.07 0.91 0.76 0.23 0.34 0.31 0.97 0.78 ]
[0.81 0.25 0.43 0.24 0.30 0.16 0.82 0.99 0.76 0.15 0.39 0.49 0.52 0.40 0.50 0.12 0.65 0.57 0.75 0.93 0.88 0.69 1.00 0.39 0.86 0.85 0.90 0.50 0.06 0.79 0.66 0.14 0.12 0.61 0.88 0.22 0.58 0.28 0.41 0.80 0.83 0.24 0.24 0.65 0.12 0.74 0.83 0.60 0.04 0.81 0.09 0.44 0.44 0.87 0.89 0.16 0.90 0.58 0.28 0.13 0.69 0.20 0.75 0.54 0.58 ]
[0.96 0.81 0.68 0.18 0.59 0.20 0.49 0.13 0.01 0.90 0.39 0.69 0.05 0.68 0.18 0.72 0.54 0.28 0.12 0.85 0.55 0.58 0.39 1.00 0.88 0.37 0.71 0.09 0.71 0.29 0.17 0.41 0.26 0.80 0.69 0.58 0.78 0.22 0.99 0.79 0.05 0.08 0.43 0.57 0.45 0.63 0.13 0.34 0.41 0.82 0.61 0.25 0.41 0.22 0.33 0.80 0.32 0.40 0.08 0.26 0.57 0.20 0.90 0.81 0.66 ]
[0.30 0.01 0.54 0.05 0.30 0.18 0.93 0.50 0.93 0.86 0.83 0.12 0.67 0.24 0.35 0.50 0.80 0.88 0.91 0.14 0.60 0.34 0.86 0.88 1.00 0.51 0.50 0.80 0.76 0.50 0.21 0.53 0.37 0.68 0.03 0.97 0.24 0.45 0.76 0.62 0.82 0.23 0.99 0.43 0.05 0.87 0.69 0.29 0.59 0.75 0.32 0.39 0.56 0.02 0.49 0.35 0.01 0.06 0.58 0.30 0.58 0.09 0.92 0.91 0.94 ]
[0.69 0.88 0.91 0.69 0.33 0.07 0.06 0.46 0.17 0.48 0.13 0.34 0.23 0.96 0.19 0.97 0.14 0.15 0.74 0.54 0.68 0.66 0.85 0.37 0.51 1.00 0.03 0.44 0.81 0.34 0.40 0.30 0.87 0.93 0.87 0.48 0.10 0.32 0.73 0.32 0.94 0.38 0.12 0.30 0.96 0.52 0.69 0.94 0.91 0.70 0.73 0.26 0.72 0.09 0.07 0.55 0.36 0.39 0.91 0.91 0.43 0.65 0.26 0.13 0.80 ]
[0.95 0.66 0.31 0.24 0.47 0.22 0.74 0.23 0.37 0.08 0.79 0.29 0.55 0.85 0.10 0.69 0.85 0.10 0.59 0.66 0.07 0.50 0.90 0.71 0.50 0.03 1.00 0.38 0.56 0.86 0.00 0.71 0.92 0.56 0.50 0.11 0.26 0.80 0.11 0.89 0.90 0.90 0.57 0.09 0.75 0.28 0.97 0.52 0.43 0.74 0.98 0.84 0.66 0.90 0.04 0.21 0.94 0.05 0.56 0.11 0.74 0.56 0.91 0.35 0.04 ]
[0.73 0.02 0.25 0.70 0.67 0.62 0.29 0.70 0.93 0.97 0.03 0.86 0.70 0.28 0.02 0.37 0.62 0.34 0.15 0.44 0.85 0.51 0.50 0.09 0.80 0.44 0.38 1.00 0.52 0.98 0.92 0.47 0.51 0.92 0.89 0.50 0.11 0.46 0.29 0.51 0.03 0.09 0.04 0.05 0.69 0.94 0.80 0.88 0.78 0.06 0.84 0.00 0.38 0.89 0.55 0.06 0.03 0.10 0.89 0.41 0.29 0.25 0.57 0.98 0.81 ]
[0.18 0.74 0.97 0.18 0.40 0.06 0.60 0.99 0.45 0.19 0.84 0.02 0.89 0.51 0.79 0.81 0.58 0.74 0.48 0.15 0.66 0.45 0.06 0.71 0.76 0.81 0.56 0.52 1.00 0.39 0.02 0.82 0.76 0.58 0.97 0.69 0.88 0.63 0.91 0.81 0.12 0.61 0.24 0.34 0.04 0.10 0.90 0.77 0.55 0.73 0.78 0.94 0.18 0.19 0.73 0.81 0.98 0.14 0.74 0.67 0.50 0.75 0.53 0.07 0.52 ]
[0.72 0.57 0.10 0.35 0.30 0.14 0.86 0.94 0.52 0.76 0.36 0.52 0.23 0.23 0.50 0.66 0.33 0.45 0.42 0.09 0.04 0.10 0.79 0.29 0.50 0.34 0.86 0.98 0.39 1.00 0.15 0.35 0.71 0.95 0.68 0.90 0.71 0.54 0.82 0.52 0.08 0.99 0.66 0.53 0.86 0.58 0.14 0.65 0.70 0.58 0.58 0.51 0.33 0.95 0.88 0.92 0.92 0.34 0.59 0.80 0.18 0.52 0.99 0.35 0.75 ]
[0.47 0.74 0.19 0.87 0.21 0.17 0.72 0.73 0.76 0.85 0.17 0.34 0.75 0.62 0.61 0.75 0.45 0.77 0.74 0.98 0.07 0.97 0.66 0.17 0.21 0.40 0.00 0.92 0.02 0.15 1.00 0.17 0.87 0.32 0.56 0.94 0.72 0.94 0.44 0.28 0.19 0.85 0.17 0.20 0.78 0.39 0.60 0.64 0.70 0.01 0.05 0.95 0.04 0.22 0.74 0.85 0.91 0.48 0.55 0.01 0.14 0.34 0.62 0.22 0.78 ]
[0.78 0.79 0.52 0.07 0.43 0.38 0.63 0.05 0.09 0.20 0.23 0.81 0.26 0.54 0.37 0.66 0.06 0.40 0.96 0.37 0.16 0.45 0.14 0.41 0.53 0.30 0.71 0.47 0.82 0.35 0.17 1.00 0.67 0.46 0.09 0.66 0.36 0.60 0.97 0.40 0.55 0.44 0.13 0.84 0.22 0.62 0.19 0.09 0.33 0.02 0.76 0.90 0.99 0.38 0.29 0.52 0.51 0.17 0.26 0.73 0.57 0.23 0.00 0.26 0.70 ]
[0.86 0.54 0.66 0.37 0.48 0.25 0.54 0.52 0.97 0.31 0.70 0.81 0.79 0.13 0.71 0.08 0.33 0.55 0.37 0.58 0.79 0.00 0.12 0.26 0.37 0.87 0.92 0.51 0.76 0.71 0.87 0.67 1.00 0.15 0.79 0.08 0.32 0.92 0.01 1.00 0.16 0.65 0.60 0.31 0.57 0.55 0.84 0.79 0.37 0.78 0.27 0.49 0.67 0.67 0.09 0.72 0.22 0.69 0.95 0.09 0.89 0.57 0.34 0.45 0.16 ]
[0.98 0.08 0.98 0.03 0.77 0.46 0.09 0.79 0.72 0.47 0.60 0.15 0.27 0.48 0.05 0.69 0.52 0.89 0.16 0.46 0.22 0.22 0.61 0.80 0.68 0.93 0.56 0.92 0.58 0.95 0.32 0.46 0.15 1.00 0.98 0.00 0.44 0.90 0.00 0.77 0.06 0.34 0.94 0.82 0.19 0.25 0.57 0.80 0.84 0.32 0.26 0.55 0.03 0.92 0.46 0.03 0.77 0.08 0.96 0.08 0.08 0.99 0.78 0.59 0.70 ]
[0.65 0.83 0.34 0.90 0.17 0.38 0.78 0.23 0.85 0.72 0.02 0.73 0.30 0.70 0.23 0.06 0.61 0.34 0.16 0.28 0.48 0.97 0.88 0.69 0.03 0.87 0.50 0.89 0.97 0.68 0.56 0.09 0.79 0.98 1.00 0.54 0.24 0.24 0.47 0.82 0.84 0.28 0.57 0.12 0.78 0.94 0.26 0.94 0.28 0.70 0.23 0.04 0.47 0.69 0.47 0.12 0.72 0.45 0.23 0.94 0.91 0.80 0.84 0.04 0.62 ]
[0.75 0.94 0.32 0.31 0.40 0.13 0.90 0.91 0.32 0.94 0.85 0.51 0.71 0.22 0.66 0.21 0.42 0.34 0.91 0.90 0.01 0.00 0.22 0.58 0.97 0.48 0.11 0.50 0.69 0.90 0.94 0.66 0.08 0.00 0.54 1.00 0.77 0.05 0.14 0.03 0.90 0.40 0.82 0.54 0.69 0.02 0.48 0.96 0.57 0.82 0.54 0.02 0.63 0.02 0.87 0.02 0.83 0.00 0.48 0.06 0.13 0.30 0.91 0.39 0.11 ]
[1.00 0.40 0.08 0.83 0.98 0.02 0.34 0.69 0.03 0.86 0.57 0.64 0.19 0.82 0.82 0.59 0.02 0.21 0.26 0.77 0.09 0.58 0.58 0.78 0.24 0.10 0.26 0.11 0.88 0.71 0.72 0.36 0.32 0.44 0.24 0.77 1.00 0.13 0.06 0.36 0.82 0.22 0.92 0.21 0.11 0.92 0.37 0.34 0.24 0.90 0.73 0.72 0.85 0.68 0.32 0.90 0.58 0.03 0.54 0.54 0.86 0.20 0.08 0.34 0.17 ]
[0.57 0.89 0.94 0.28 0.50 0.81 0.60 0.49 0.47 0.11 0.96 0.76 0.98 0.66 0.44 0.50 0.21 0.84 0.37 0.80 0.37 0.03 0.28 0.22 0.45 0.32 0.80 0.46 0.63 0.54 0.94 0.60 0.92 0.90 0.24 0.05 0.13 1.00 0.99 0.22 0.75 0.53 0.09 0.24 0.13 0.38 0.88 0.44 0.74 0.50 0.84 0.18 0.54 0.28 0.78 0.42 0.94 0.72 0.76 0.77 0.31 0.34 0.40 0.93 0.55 ]
[0.96 0.08 0.61 0.66 0.51 0.03 0.87 0.66 0.73 0.91 0.77 0.34 0.75 0.72 0.42 0.01 0.73 0.01 0.67 0.18 0.33 0.34 0.41 0.99 0.76 0.73 0.11 0.29 0.91 0.82 0.44 0.97 0.01 0.00 0.47 0.14 0.06 0.99 1.00 0.77 0.90 0.77 0.53 0.21 0.81 0.45 0.32 0.77 0.31 0.33 0.90 0.24 0.85 0.49 0.26 0.03 0.38 0.81 0.80 0.39 0.30 0.05 0.82 0.18 0.20 ]
[0.77 0.43 0.61 0.43 0.98 0.82 0.71 0.73 0.64 0.16 0.00 0.45 0.15 0.32 0.34 0.79 0.69 0.76 0.84 0.60 0.57 0.21 0.80 0.79 0.62 0.32 0.89 0.51 0.81 0.52 0.28 0.40 1.00 0.77 0.82 0.03 0.36 0.22 0.77 1.00 0.60 0.89 0.77 0.85 0.44 0.11 0.02 0.17 0.24 0.85 0.38 0.07 0.81 0.91 0.47 0.17 0.92 0.10 0.69 0.88 0.86 0.42 0.37 0.04 0.49 ]
[0.05 0.48 0.96 0.50 0.47 0.82 0.40 0.22 0.05 1.00 0.97 0.85 0.11 0.34 0.39 0.16 0.66 0.85 0.98 0.20 0.48 0.79 0.83 0.05 0.82 0.94 0.90 0.03 0.12 0.08 0.19 0.55 0.16 0.06 0.84 0.90 0.82 0.75 0.90 0.60 1.00 0.14 0.95 0.41 0.54 0.43 0.23 0.32 0.86 0.54 0.60 0.13 0.89 0.22 0.60 0.69 0.13 0.68 0.03 0.86 0.26 0.52 0.09 0.26 0.64 ]
[0.17 0.78 0.95 0.61 0.24 0.46 0.04 0.87 0.77 0.47 0.01 0.12 0.80 0.52 0.94 0.58 0.53 0.18 0.58 0.38 0.82 0.99 0.24 0.08 0.23 0.38 0.90 0.09 0.61 0.99 0.85 0.44 0.65 0.34 0.28 0.40 0.22 0.53 0.77 0.89 0.14 1.00 0.58 0.05 0.53 0.94 0.49 0.33 0.79 0.48 0.80 0.43 0.17 0.92 0.11 0.13 0.39 0.59 0.59 0.12 0.23 0.83 0.39 0.20 0.37 ]
[0.87 0.75 0.22 0.26 0.95 0.07 0.74 0.23 0.88 0.35 0.11 0.67 0.58 0.69 0.38 0.70 0.07 0.67 0.73 0.32 0.31 0.12 0.24 0.43 0.99 0.12 0.57 0.04 0.24 0.66 0.17 0.13 0.60 0.94 0.57 0.82 0.92 0.09 0.53 0.77 0.95 0.58 1.00 0.82 0.66 0.70 0.09 0.44 0.40 0.60 0.15 0.55 0.07 0.77 0.08 0.68 0.07 0.58 0.88 0.69 0.98 0.88 0.32 0.05 0.63 ]
[0.69 0.86 0.49 0.32 0.64 0.14 0.18 0.02 0.64 0.65 0.52 0.68 0.95 0.50 0.79 0.69 0.05 0.84 0.65 1.00 0.01 0.97 0.65 0.57 0.43 0.30 0.09 0.05 0.34 0.53 0.20 0.84 0.31 0.82 0.12 0.54 0.21 0.24 0.21 0.85 0.41 0.05 0.82 1.00 0.73 0.37 0.50 0.18 0.90 0.11 0.19 0.13 0.88 0.57 0.50 0.35 0.54 0.08 0.93 0.17 0.23 0.79 0.71 0.94 0.92 ]
[0.40 0.49 0.58 0.64 0.17 0.95 0.34 0.27 0.93 0.21 0.77 0.76 0.20 0.66 0.89 0.47 0.29 0.87 0.79 0.41 0.68 0.02 0.12 0.45 0.05 0.96 0.75 0.69 0.04 0.86 0.78 0.22 0.57 0.19 0.78 0.69 0.11 0.13 0.81 0.44 0.54 0.53 0.66 0.73 1.00 0.26 0.59 0.73 0.23 0.46 1.00 0.39 0.67 0.87 0.05 0.92 1.00 0.22 0.95 0.05 0.13 0.91 0.49 0.11 0.19 ]
[0.40 0.93 0.20 0.15 0.62 0.22 0.92 0.13 0.43 0.02 0.48 0.52 0.17 0.54 0.01 0.52 0.80 0.93 0.93 0.82 0.58 0.79 0.74 0.63 0.87 0.52 0.28 0.94 0.10 0.58 0.39 0.62 0.55 0.25 0.94 0.02 0.92 0.38 0.45 0.11 0.43 0.94 0.70 0.37 0.26 1.00 0.54 0.08 0.21 0.76 0.19 0.96 0.32 0.74 0.41 0.49 0.80 0.05 0.82 0.31 0.57 0.93 0.64 0.36 0.98 ]
[0.59 0.07 0.54 0.73 0.80 0.29 0.87 0.74 0.46 0.75 0.90 0.39 0.16 0.77 0.86 0.63 0.01 0.23 0.03 0.50 0.45 0.59 0.83 0.13 0.69 0.69 0.97 0.80 0.90 0.14 0.60 0.19 0.84 0.57 0.26 0.48 0.37 0.88 0.32 0.02 0.23 0.49 0.09 0.50 0.59 0.54 1.00 0.49 0.69 0.52 0.86 0.89 0.20 0.81 1.00 0.88 0.09 0.68 0.97 0.23 0.08 0.23 0.52 0.76 0.85 ]
[0.42 0.35 0.25 0.20 1.00 0.09 0.62 0.27 0.37 0.17 0.95 0.08 0.60 0.73 0.12 0.81 0.12 0.57 0.27 0.56 0.03 0.53 0.60 0.34 0.29 0.94 0.52 0.88 0.77 0.65 0.64 0.09 0.79 0.80 0.94 0.96 0.34 0.44 0.77 0.17 0.32 0.33 0.44 0.18 0.73 0.08 0.49 1.00 0.26 0.14 0.79 0.06 0.67 0.42 0.33 0.54 0.60 0.10 0.08 0.55 0.59 0.98 0.71 0.65 0.78 ]
[0.66 0.79 0.59 0.25 0.70 0.28 0.85 1.00 0.62 0.89 0.34 0.19 0.93 1.00 0.57 0.70 0.57 0.18 0.67 0.17 0.02 0.87 0.04 0.41 0.59 0.91 0.43 0.78 0.55 0.70 0.70 0.33 0.37 0.84 0.28 0.57 0.24 0.74 0.31 0.24 0.86 0.79 0.40 0.90 0.23 0.21 0.69 0.26 1.00 0.25 0.31 0.14 0.56 0.83 0.52 0.29 0.63 0.72 0.65 0.28 0.14 0.34 0.21 0.79 0.21 ]
[0.00 0.34 0.45 0.93 0.43 0.42 0.87 0.89 0.00 0.43 0.17 1.00 0.70 0.54 0.53 0.24 0.81 0.77 0.96 0.46 0.27 0.45 0.81 0.82 0.75 0.70 0.74 0.06 0.73 0.58 0.01 0.02 0.78 0.32 0.70 0.82 0.90 0.50 0.33 0.85 0.54 0.48 0.60 0.11 0.46 0.76 0.52 0.14 0.25 1.00 0.07 0.51 0.11 0.63 0.50 0.52 0.17 0.67 0.22 0.14 0.70 0.44 0.26 0.41 0.17 ]
[0.46 0.82 0.81 0.98 0.43 0.51 0.11 0.10 0.86 0.91 0.66 0.38 0.45 0.61 0.79 0.20 0.31 0.70 0.55 0.32 0.42 0.22 0.09 0.61 0.32 0.73 0.98 0.84 0.78 0.58 0.05 0.76 0.27 0.26 0.23 0.54 0.73 0.84 0.90 0.38 0.60 0.80 0.15 0.19 1.00 0.19 0.86 0.79 0.31 0.07 1.00 0.87 0.53 0.94 0.03 0.20 0.12 0.40 0.50 0.41 0.78 0.60 0.72 0.99 0.23 ]
[0.83 0.26 0.55 0.20 0.18 0.14 0.32 0.51 0.10 0.38 0.38 0.45 0.38 0.12 0.32 0.75 0.74 0.05 0.29 0.73 0.34 0.81 0.44 0.25 0.39 0.26 0.84 0.00 0.94 0.51 0.95 0.90 0.49 0.55 0.04 0.02 0.72 0.18 0.24 0.07 0.13 0.43 0.55 0.13 0.39 0.96 0.89 0.06 0.14 0.51 0.87 1.00 0.00 0.83 0.09 0.11 0.20 0.87 0.56 0.58 0.18 0.09 0.51 0.34 0.72 ]
[0.52 0.73 0.37 0.38 0.27 0.33 0.85 0.59 0.65 0.89 0.16 0.04 0.05 0.94 0.36 0.97 0.05 0.13 0.39 0.09 0.31 0.91 0.44 0.41 0.56 0.72 0.66 0.38 0.18 0.33 0.04 0.99 0.67 0.03 0.47 0.63 0.85 0.54 0.85 0.81 0.89 0.17 0.07 0.88 0.67 0.32 0.20 0.67 0.56 0.11 0.53 0.00 1.00 0.08 0.17 0.24 0.14 0.82 0.42 0.85 0.95 0.64 0.21 0.51 0.98 ]
[0.44 0.37 0.37 0.34 0.19 0.07 0.81 0.71 0.64 0.45 0.20 0.35 0.40 0.30 0.57 0.11 0.04 0.68 0.81 0.10 0.51 0.13 0.87 0.22 0.02 0.09 0.90 0.89 0.19 0.95 0.22 0.38 0.67 0.92 0.69 0.02 0.68 0.28 0.49 0.91 0.22 0.92 0.77 0.57 0.87 0.74 0.81 0.42 0.83 0.63 0.94 0.83 0.08 1.00 0.85 0.80 0.04 0.66 0.96 0.49 0.82 0.85 0.82 0.75 0.61 ]
[0.21 0.92 0.05 0.98 0.47 0.35 0.25 0.52 0.06 0.22 0.73 0.93 0.65 0.16 0.56 0.17 0.68 0.24 0.54 0.32 0.60 0.24 0.89 0.33 0.49 0.07 0.04 0.55 0.73 0.88 0.74 0.29 0.09 0.46 0.47 0.87 0.32 0.78 0.26 0.47 0.60 0.11 0.08 0.50 0.05 0.41 1.00 0.33 0.52 0.50 0.03 0.09 0.17 0.85 1.00 0.06 0.55 0.63 0.78 0.94 0.36 0.42 0.41 0.57 0.85 ]
[0.54 0.48 0.95 0.48 0.79 0.89 0.18 0.68 0.56 0.16 0.53 0.09 0.36 0.69 0.74 0.81 0.28 0.05 0.54 0.68 0.29 0.44 0.16 0.80 0.35 0.55 0.21 0.06 0.81 0.92 0.85 0.52 0.72 0.03 0.12 0.02 0.90 0.42 0.03 0.17 0.69 0.13 0.68 0.35 0.92 0.49 0.88 0.54 0.29 0.52 0.20 0.11 0.24 0.80 0.06 1.00 0.63 0.48 0.92 0.08 0.97 0.38 0.79 0.13 0.08 ]
[0.26 0.65 0.70 0.81 0.40 0.86 0.38 0.94 0.23 0.68 0.21 1.00 0.65 0.28 0.13 0.27 0.71 0.11 0.92 0.31 0.38 0.91 0.90 0.32 0.01 0.36 0.94 0.03 0.98 0.92 0.91 0.51 0.22 0.77 0.72 0.83 0.58 0.94 0.38 0.92 0.13 0.39 0.07 0.54 1.00 0.80 0.09 0.60 0.63 0.17 0.12 0.20 0.14 0.04 0.55 0.63 1.00 0.33 0.30 0.95 0.45 0.75 0.01 0.46 0.91 ]
[0.66 0.89 0.64 0.47 0.21 0.33 0.19 0.64 0.67 0.18 0.99 0.46 0.34 0.88 0.58 0.87 0.47 0.51 0.19 0.74 0.78 0.07 0.58 0.40 0.06 0.39 0.05 0.10 0.14 0.34 0.48 0.17 0.69 0.08 0.45 0.00 0.03 0.72 0.81 0.10 0.68 0.59 0.58 0.08 0.22 0.05 0.68 0.10 0.72 0.67 0.40 0.87 0.82 0.66 0.63 0.48 0.33 1.00 0.92 0.00 0.82 0.79 0.92 0.67 0.38 ]
[0.51 0.13 0.72 0.25 0.00 0.80 0.51 0.25 0.56 0.95 0.27 0.88 0.83 0.17 0.77 0.53 0.32 0.38 0.08 0.43 0.65 0.91 0.28 0.08 0.58 0.91 0.56 0.89 0.74 0.59 0.55 0.26 0.95 0.96 0.23 0.48 0.54 0.76 0.80 0.69 0.03 0.59 0.88 0.93 0.95 0.82 0.97 0.08 0.65 0.22 0.50 0.56 0.42 0.96 0.78 0.92 0.30 0.92 1.00 0.72 0.10 0.65 0.85 0.20 0.54 ]
[0.06 0.60 0.61 0.89 0.50 0.30 0.21 0.16 0.04 0.33 0.93 0.85 0.21 0.20 0.70 0.51 0.91 0.03 0.76 0.23 0.53 0.76 0.13 0.26 0.30 0.91 0.11 0.41 0.67 0.80 0.01 0.73 0.09 0.08 0.94 0.06 0.54 0.77 0.39 0.88 0.86 0.12 0.69 0.17 0.05 0.31 0.23 0.55 0.28 0.14 0.41 0.58 0.85 0.49 0.94 0.08 0.95 0.00 0.72 1.00 0.47 0.68 0.57 0.68 0.97 ]
[0.40 0.14 0.66 0.68 0.34 0.14 0.72 0.28 0.01 0.72 0.86 0.10 0.32 0.67 0.20 0.27 0.22 0.70 0.71 0.59 0.15 0.23 0.69 0.57 0.58 0.43 0.74 0.29 0.50 0.18 0.14 0.57 0.89 0.08 0.91 0.13 0.86 0.31 0.30 0.86 0.26 0.23 0.98 0.23 0.13 0.57 0.08 0.59 0.14 0.70 0.78 0.18 0.95 0.82 0.36 0.97 0.45 0.82 0.10 0.47 1.00 0.30 0.97 0.73 0.88 ]
[0.16 0.04 0.26 0.77 0.99 0.74 0.49 0.24 0.58 0.33 0.37 0.09 0.58 0.73 0.16 0.61 0.94 0.56 0.82 0.76 0.74 0.34 0.20 0.20 0.09 0.65 0.56 0.25 0.75 0.52 0.34 0.23 0.57 0.99 0.80 0.30 0.20 0.34 0.05 0.42 0.52 0.83 0.88 0.79 0.91 0.93 0.23 0.98 0.34 0.44 0.60 0.09 0.64 0.85 0.42 0.38 0.75 0.79 0.65 0.68 0.30 1.00 0.35 0.15 0.40 ]
[0.66 0.36 0.91 0.06 0.40 0.31 0.07 0.01 0.60 0.41 0.14 0.84 0.71 0.63 0.89 0.47 0.94 0.66 0.90 0.62 0.70 0.31 0.75 0.90 0.92 0.26 0.91 0.57 0.53 0.99 0.62 0.00 0.34 0.78 0.84 0.91 0.08 0.40 0.82 0.37 0.09 0.39 0.32 0.71 0.49 0.64 0.52 0.71 0.21 0.26 0.72 0.51 0.21 0.82 0.41 0.79 0.01 0.92 0.85 0.57 0.97 0.35 1.00 0.10 0.44 ]
[0.17 0.50 0.75 0.32 0.38 0.69 0.69 0.41 0.87 0.62 0.87 0.34 0.59 0.56 0.26 0.11 0.88 0.22 0.94 0.70 0.83 0.97 0.54 0.81 0.91 0.13 0.35 0.98 0.07 0.35 0.22 0.26 0.45 0.59 0.04 0.39 0.34 0.93 0.18 0.04 0.26 0.20 0.05 0.94 0.11 0.36 0.76 0.65 0.79 0.41 0.99 0.34 0.51 0.75 0.57 0.13 0.46 0.67 0.20 0.68 0.73 0.15 0.10 1.00 0.12 ]
[0.98 0.91 0.24 0.54 0.70 0.78 0.77 0.03 0.04 0.87 0.93 0.94 0.90 0.92 0.47 0.81 0.73 0.57 0.24 0.93 0.75 0.78 0.58 0.66 0.94 0.80 0.04 0.81 0.52 0.75 0.78 0.70 0.16 0.70 0.62 0.11 0.17 0.55 0.20 0.49 0.64 0.37 0.63 0.92 0.19 0.98 0.85 0.78 0.21 0.17 0.23 0.72 0.98 0.61 0.85 0.08 0.91 0.38 0.54 0.97 0.88 0.40 0.44 0.12 1.00 ]
];
