D = 8;
n = [ 4 4 4 4 4 4 4 4 ];
N = 59;
d = [1 1 1 1 1 1 1 2 2 2 2 2 2 2 3 3 3 3 3 3 3 4 4 4 4 4 4 4 5 5 5 5 5 5 5 6 6 6 6 6 6 6 7 7 7 7 7 7 7 8 8 8 8 8 8 8 8 8 8 ];
m = [
[1.00 0.69 0.56 0.66 0.05 0.72 0.53 0.57 0.19 0.88 0.50 0.27 0.61 0.53 0.35 0.66 0.09 0.67 0.37 0.43 0.82 0.98 0.62 0.72 0.83 0.49 0.67 0.80 0.00 0.31 0.03 0.02 0.13 0.63 0.52 0.43 0.82 0.88 0.31 0.96 0.62 0.93 0.96 0.56 0.87 0.29 0.36 0.75 0.04 0.22 0.72 0.69 0.86 0.53 0.07 0.65 0.88 0.50 0.14 ]
[0.69 1.00 0.07 0.31 0.46 0.74 0.98 0.64 0.92 0.14 0.89 0.58 0.11 0.86 0.85 0.15 0.74 0.27 0.23 0.83 0.75 0.87 0.82 0.12 0.95 0.91 0.76 0.16 0.73 0.63 0.26 0.37 0.46 0.33 0.02 0.39 0.66 0.07 0.45 0.45 0.12 0.55 0.79 0.31 0.16 0.37 0.99 0.06 0.70 0.93 0.87 0.10 0.07 0.89 0.95 0.76 0.77 0.29 0.38 ]
[0.56 0.07 1.00 0.59 0.08 0.18 0.06 0.14 0.77 0.19 0.10 0.66 0.28 0.66 0.71 0.57 0.33 0.58 0.06 0.08 0.50 0.10 0.17 0.37 0.07 0.18 0.92 0.67 0.15 0.78 0.08 0.98 0.29 0.25 0.72 0.87 0.51 0.84 0.84 0.68 0.68 0.44 0.26 0.87 0.04 0.32 0.20 0.38 0.22 0.47 0.81 0.01 0.93 0.98 0.21 0.42 0.60 0.11 0.20 ]
[0.66 0.31 0.59 1.00 0.32 0.47 0.17 0.58 0.82 0.37 0.44 0.79 0.84 0.69 0.36 0.67 0.81 0.75 0.42 0.70 0.58 0.03 0.26 0.66 0.85 0.32 0.62 0.61 0.72 0.75 0.74 0.53 0.08 0.16 0.37 0.67 0.87 0.80 0.19 0.46 0.50 0.69 0.47 0.33 0.89 0.19 0.49 0.28 0.58 0.54 0.01 0.78 0.69 0.65 0.31 0.10 0.10 0.22 0.60 ]
[0.05 0.46 0.08 0.32 1.00 0.81 0.02 0.55 0.79 0.70 0.59 0.97 0.03 0.27 0.85 0.07 0.98 0.42 0.74 0.99 0.94 0.22 0.22 0.08 0.67 0.99 0.45 0.08 0.19 0.45 0.08 0.54 0.04 0.75 0.22 0.80 0.03 0.75 0.95 0.01 0.22 0.01 0.44 0.39 0.27 0.72 0.90 0.61 0.56 0.21 0.49 0.68 0.21 0.48 0.83 0.31 0.08 0.89 0.64 ]
[0.72 0.74 0.18 0.47 0.81 1.00 0.01 0.71 0.29 0.67 0.56 0.30 0.56 0.66 0.67 0.24 0.06 0.10 0.54 0.14 0.21 0.48 0.32 0.23 0.25 0.62 0.43 0.51 0.44 0.86 0.75 0.59 0.92 0.64 0.87 0.19 0.11 0.03 0.22 0.66 0.66 0.76 0.53 0.32 0.40 0.17 0.56 0.85 0.58 0.53 0.40 0.81 1.00 0.42 0.49 0.24 0.78 0.54 0.06 ]
[0.53 0.98 0.06 0.17 0.02 0.01 1.00 0.20 0.69 0.55 0.50 0.47 0.88 0.24 0.18 0.39 0.45 0.43 0.75 0.22 0.71 0.55 0.59 0.77 0.94 0.40 0.73 0.34 0.25 0.08 0.77 0.21 0.59 0.92 0.03 0.72 0.04 0.98 0.53 0.42 0.28 0.56 0.63 0.36 0.27 0.45 0.37 0.73 0.61 0.73 0.68 0.06 0.56 0.32 0.45 0.66 0.82 0.49 0.96 ]
[0.57 0.64 0.14 0.58 0.55 0.71 0.20 1.00 0.40 0.25 0.14 0.14 0.86 0.70 0.50 0.67 0.39 0.24 0.86 0.58 0.26 0.38 0.91 0.19 0.20 0.17 0.51 0.32 0.66 0.11 0.50 0.84 0.94 0.96 0.67 0.14 0.76 0.83 0.46 0.10 0.39 0.01 0.87 0.12 0.55 0.82 0.52 0.83 0.29 0.27 0.66 0.06 0.80 0.08 0.92 0.90 0.87 0.62 0.23 ]
[0.19 0.92 0.77 0.82 0.79 0.29 0.69 0.40 1.00 0.47 0.93 0.54 0.84 0.64 0.62 0.91 0.81 0.28 0.89 0.63 0.14 0.19 0.96 0.24 0.33 0.73 0.14 0.09 0.39 0.02 0.44 0.69 0.87 0.26 0.35 0.09 0.16 0.17 0.29 0.08 0.61 0.91 0.71 0.44 0.89 0.57 0.33 0.30 0.99 0.43 0.97 0.13 0.94 0.86 0.97 0.35 0.40 0.77 0.85 ]
[0.88 0.14 0.19 0.37 0.70 0.67 0.55 0.25 0.47 1.00 0.25 0.08 0.43 0.37 0.78 0.79 0.36 0.42 0.19 0.70 0.81 0.00 0.37 0.61 0.90 0.38 0.30 0.12 0.81 0.20 0.02 0.21 0.78 0.28 0.49 0.20 0.36 0.38 0.40 0.27 0.92 0.18 0.42 0.03 0.01 0.92 0.46 0.37 0.84 0.65 0.54 0.77 0.38 0.72 0.08 0.13 0.96 0.08 0.01 ]
[0.50 0.89 0.10 0.44 0.59 0.56 0.50 0.14 0.93 0.25 1.00 0.96 0.68 0.06 0.80 0.67 0.36 0.12 0.01 0.03 0.81 0.83 0.59 0.35 0.68 0.73 0.42 0.23 0.50 0.12 0.96 0.37 0.64 0.92 0.11 0.63 0.85 0.88 0.15 0.27 0.58 0.64 0.64 0.82 0.98 0.62 0.72 0.51 0.41 0.79 0.93 0.17 0.97 0.47 0.26 0.57 0.88 0.44 0.53 ]
[0.27 0.58 0.66 0.79 0.97 0.30 0.47 0.14 0.54 0.08 0.96 1.00 0.08 0.87 0.80 0.66 0.11 0.40 0.89 0.69 0.63 0.72 0.24 0.38 0.64 0.75 0.71 0.05 0.55 0.64 0.57 0.09 0.90 0.74 0.13 0.54 0.48 0.00 0.96 0.92 0.59 0.55 0.02 0.98 0.43 0.07 0.63 0.94 0.25 0.02 0.63 0.60 0.68 0.28 0.33 0.68 0.07 0.83 0.24 ]
[0.61 0.11 0.28 0.84 0.03 0.56 0.88 0.86 0.84 0.43 0.68 0.08 1.00 0.39 0.21 0.02 0.53 0.48 0.67 0.66 0.37 0.16 0.99 0.86 0.66 0.60 0.89 0.40 0.32 0.11 0.57 0.58 0.92 0.89 0.19 0.15 0.16 0.50 0.64 0.10 0.42 0.04 0.32 0.34 0.02 0.89 0.00 0.27 0.54 0.04 0.83 0.27 0.40 0.70 0.09 0.49 0.99 0.82 0.47 ]
[0.53 0.86 0.66 0.69 0.27 0.66 0.24 0.70 0.64 0.37 0.06 0.87 0.39 1.00 0.30 0.69 0.95 0.97 0.68 0.32 0.44 0.26 0.17 0.06 0.44 0.54 0.34 0.82 0.75 0.01 0.51 0.02 0.01 0.71 0.00 0.41 0.82 0.05 0.09 0.29 0.89 0.18 0.45 0.91 0.90 0.98 0.59 0.81 0.59 0.44 0.62 0.45 0.01 0.12 0.47 0.05 0.90 0.90 0.45 ]
[0.35 0.85 0.71 0.36 0.85 0.67 0.18 0.50 0.62 0.78 0.80 0.80 0.21 0.30 1.00 0.68 0.84 0.30 0.38 0.44 0.32 0.05 0.24 0.18 0.14 0.28 0.83 0.34 0.31 0.06 0.17 0.57 0.70 0.86 0.89 0.68 0.99 0.31 0.40 0.47 0.49 0.33 0.51 0.30 0.70 0.21 0.41 0.49 0.95 0.07 0.19 0.30 0.72 0.70 0.97 0.85 0.99 0.45 0.41 ]
[0.66 0.15 0.57 0.67 0.07 0.24 0.39 0.67 0.91 0.79 0.67 0.66 0.02 0.69 0.68 1.00 0.82 0.23 0.30 0.73 0.28 0.22 0.09 0.59 0.89 0.19 0.84 0.63 0.42 0.47 0.94 0.27 0.07 0.39 0.96 0.60 0.87 0.51 0.92 0.75 0.86 0.86 0.22 0.68 0.13 0.44 0.86 0.02 0.99 0.91 0.18 0.29 0.71 0.57 0.39 0.85 0.56 0.46 0.70 ]
[0.09 0.74 0.33 0.81 0.98 0.06 0.45 0.39 0.81 0.36 0.36 0.11 0.53 0.95 0.84 0.82 1.00 0.71 0.90 0.98 0.03 0.70 0.98 0.26 0.06 0.46 0.24 0.06 0.48 1.00 0.85 0.55 0.02 0.06 0.14 0.55 0.24 0.10 0.04 0.98 0.51 0.27 0.94 0.23 0.95 0.46 0.62 0.23 0.13 0.35 0.49 0.03 0.14 0.73 0.73 0.04 0.34 0.24 0.96 ]
[0.67 0.27 0.58 0.75 0.42 0.10 0.43 0.24 0.28 0.42 0.12 0.40 0.48 0.97 0.30 0.23 0.71 1.00 0.86 0.31 0.47 0.18 0.55 0.76 0.71 0.01 0.11 0.58 0.96 0.57 0.89 0.05 0.72 0.87 0.90 0.53 0.83 0.65 0.62 0.77 0.32 0.63 0.41 0.29 0.44 0.93 0.52 0.87 0.48 0.73 0.58 0.82 0.03 0.63 0.38 0.70 0.70 0.67 0.27 ]
[0.37 0.23 0.06 0.42 0.74 0.54 0.75 0.86 0.89 0.19 0.01 0.89 0.67 0.68 0.38 0.30 0.90 0.86 1.00 0.97 0.38 0.05 0.82 0.53 0.44 0.96 0.54 0.29 0.64 0.10 0.48 0.11 0.10 0.42 0.79 0.24 0.53 0.36 0.31 0.28 0.24 0.15 0.81 0.82 0.86 0.47 0.03 0.00 0.42 0.67 0.88 0.39 0.58 0.12 0.55 0.16 0.86 0.64 0.22 ]
[0.43 0.83 0.08 0.70 0.99 0.14 0.22 0.58 0.63 0.70 0.03 0.69 0.66 0.32 0.44 0.73 0.98 0.31 0.97 1.00 0.18 0.50 0.08 0.70 0.70 0.32 0.18 0.47 0.21 0.99 0.51 0.43 0.07 0.79 0.49 0.36 0.27 0.66 0.84 0.41 0.77 0.24 0.22 0.99 0.46 0.05 0.50 0.48 0.74 0.59 0.38 0.08 0.26 0.15 0.06 0.87 0.87 0.42 0.50 ]
[0.82 0.75 0.50 0.58 0.94 0.21 0.71 0.26 0.14 0.81 0.81 0.63 0.37 0.44 0.32 0.28 0.03 0.47 0.38 0.18 1.00 0.27 0.60 0.02 0.98 0.27 0.64 0.37 0.84 0.01 0.86 0.18 0.66 0.94 0.64 0.51 0.46 0.24 0.65 0.20 0.84 0.54 0.32 0.32 0.39 0.71 0.30 0.73 0.74 0.13 0.27 0.65 0.86 0.43 0.81 0.66 0.56 0.74 0.43 ]
[0.98 0.87 0.10 0.03 0.22 0.48 0.55 0.38 0.19 0.00 0.83 0.72 0.16 0.26 0.05 0.22 0.70 0.18 0.05 0.50 0.27 1.00 0.25 0.41 0.07 0.47 0.43 0.79 0.57 0.47 0.94 0.50 0.60 0.30 0.90 0.70 0.16 0.58 0.76 0.26 0.67 0.00 0.68 0.79 0.69 0.29 0.94 0.98 0.99 0.67 0.28 0.27 0.27 0.07 0.38 0.59 0.22 0.32 0.64 ]
[0.62 0.82 0.17 0.26 0.22 0.32 0.59 0.91 0.96 0.37 0.59 0.24 0.99 0.17 0.24 0.09 0.98 0.55 0.82 0.08 0.60 0.25 1.00 0.90 0.64 0.42 0.59 0.59 0.86 0.47 0.66 0.30 0.84 0.84 0.89 0.35 0.90 0.66 0.23 0.87 0.02 0.08 0.11 0.63 0.91 0.21 0.63 0.48 0.15 0.85 0.86 0.88 0.83 0.57 0.91 0.80 0.83 0.07 0.55 ]
[0.72 0.12 0.37 0.66 0.08 0.23 0.77 0.19 0.24 0.61 0.35 0.38 0.86 0.06 0.18 0.59 0.26 0.76 0.53 0.70 0.02 0.41 0.90 1.00 1.00 0.17 0.51 0.93 0.32 0.32 0.39 0.17 0.45 0.78 0.28 0.18 0.25 0.05 0.46 0.49 0.25 0.83 0.30 0.09 0.06 0.27 0.05 0.56 0.17 0.60 0.44 0.67 0.84 0.62 0.42 0.86 0.99 0.31 0.89 ]
[0.83 0.95 0.07 0.85 0.67 0.25 0.94 0.20 0.33 0.90 0.68 0.64 0.66 0.44 0.14 0.89 0.06 0.71 0.44 0.70 0.98 0.07 0.64 1.00 1.00 0.59 0.50 0.67 0.24 0.23 0.95 0.81 0.50 0.87 0.31 0.71 0.29 0.47 0.02 0.57 0.38 0.65 0.58 0.32 0.72 0.80 0.36 0.96 0.58 0.02 0.50 0.68 0.10 0.05 0.06 0.61 0.77 0.17 0.61 ]
[0.49 0.91 0.18 0.32 0.99 0.62 0.40 0.17 0.73 0.38 0.73 0.75 0.60 0.54 0.28 0.19 0.46 0.01 0.96 0.32 0.27 0.47 0.42 0.17 0.59 1.00 0.62 0.42 0.90 0.61 0.49 0.33 0.07 0.57 0.92 0.52 0.72 0.25 0.55 0.15 0.82 0.40 0.67 0.28 0.98 0.25 0.93 0.78 0.35 0.08 0.82 0.84 0.10 0.27 0.26 0.19 0.06 0.51 0.68 ]
[0.67 0.76 0.92 0.62 0.45 0.43 0.73 0.51 0.14 0.30 0.42 0.71 0.89 0.34 0.83 0.84 0.24 0.11 0.54 0.18 0.64 0.43 0.59 0.51 0.50 0.62 1.00 0.34 0.03 0.58 0.83 0.51 0.46 0.31 0.79 0.16 0.54 0.92 0.84 0.18 0.44 0.43 0.83 0.14 0.43 0.20 0.54 0.73 0.82 0.89 0.83 0.86 0.48 0.40 0.80 0.94 0.46 0.11 0.91 ]
[0.80 0.16 0.67 0.61 0.08 0.51 0.34 0.32 0.09 0.12 0.23 0.05 0.40 0.82 0.34 0.63 0.06 0.58 0.29 0.47 0.37 0.79 0.59 0.93 0.67 0.42 0.34 1.00 0.60 0.67 0.87 0.26 0.73 0.56 0.05 0.40 0.28 0.32 0.86 0.69 0.30 0.28 0.06 0.52 0.58 0.51 0.21 0.35 0.95 0.56 0.44 0.37 0.50 0.89 0.42 0.96 0.06 0.11 0.52 ]
[0.00 0.73 0.15 0.72 0.19 0.44 0.25 0.66 0.39 0.81 0.50 0.55 0.32 0.75 0.31 0.42 0.48 0.96 0.64 0.21 0.84 0.57 0.86 0.32 0.24 0.90 0.03 0.60 1.00 0.70 0.75 0.60 0.15 0.55 0.49 0.27 0.22 0.43 0.52 0.27 0.46 0.40 0.39 0.83 0.64 0.59 0.39 0.73 0.08 0.11 0.70 0.34 0.80 0.64 0.84 0.13 0.51 0.71 0.49 ]
[0.31 0.63 0.78 0.75 0.45 0.86 0.08 0.11 0.02 0.20 0.12 0.64 0.11 0.01 0.06 0.47 1.00 0.57 0.10 0.99 0.01 0.47 0.47 0.32 0.23 0.61 0.58 0.67 0.70 1.00 0.95 0.34 0.80 0.34 0.39 0.95 1.00 0.64 0.34 0.04 0.39 0.33 0.14 0.50 0.17 0.95 0.33 0.14 0.08 0.74 0.02 0.58 0.73 0.23 0.16 0.15 0.70 0.93 0.45 ]
[0.03 0.26 0.08 0.74 0.08 0.75 0.77 0.50 0.44 0.02 0.96 0.57 0.57 0.51 0.17 0.94 0.85 0.89 0.48 0.51 0.86 0.94 0.66 0.39 0.95 0.49 0.83 0.87 0.75 0.95 1.00 0.59 0.21 1.00 0.60 0.90 0.58 0.18 0.41 0.84 0.66 0.13 0.76 0.63 0.76 0.10 0.46 0.30 0.84 0.40 0.32 0.07 0.05 0.41 0.18 0.43 0.83 0.38 0.06 ]
[0.02 0.37 0.98 0.53 0.54 0.59 0.21 0.84 0.69 0.21 0.37 0.09 0.58 0.02 0.57 0.27 0.55 0.05 0.11 0.43 0.18 0.50 0.30 0.17 0.81 0.33 0.51 0.26 0.60 0.34 0.59 1.00 0.14 0.81 0.84 0.19 0.08 0.19 0.87 0.32 0.75 0.23 0.13 0.95 0.48 0.96 0.81 0.23 0.26 0.24 0.24 0.20 0.34 0.55 0.05 0.21 0.89 0.25 0.97 ]
[0.13 0.46 0.29 0.08 0.04 0.92 0.59 0.94 0.87 0.78 0.64 0.90 0.92 0.01 0.70 0.07 0.02 0.72 0.10 0.07 0.66 0.60 0.84 0.45 0.50 0.07 0.46 0.73 0.15 0.80 0.21 0.14 1.00 0.83 0.07 0.88 0.36 0.27 1.00 0.25 0.05 0.82 0.55 0.68 0.49 0.33 0.38 0.76 0.92 0.73 0.74 0.81 0.81 0.42 0.31 0.49 0.14 0.77 0.24 ]
[0.63 0.33 0.25 0.16 0.75 0.64 0.92 0.96 0.26 0.28 0.92 0.74 0.89 0.71 0.86 0.39 0.06 0.87 0.42 0.79 0.94 0.30 0.84 0.78 0.87 0.57 0.31 0.56 0.55 0.34 1.00 0.81 0.83 1.00 0.75 0.62 0.54 0.89 0.86 0.05 0.14 0.33 0.32 0.28 0.09 0.03 0.40 0.66 0.77 0.15 0.92 0.90 0.42 0.37 0.46 0.89 0.01 0.26 0.12 ]
[0.52 0.02 0.72 0.37 0.22 0.87 0.03 0.67 0.35 0.49 0.11 0.13 0.19 0.00 0.89 0.96 0.14 0.90 0.79 0.49 0.64 0.90 0.89 0.28 0.31 0.92 0.79 0.05 0.49 0.39 0.60 0.84 0.07 0.75 1.00 0.92 0.25 0.41 0.98 0.36 0.51 0.14 0.65 0.41 0.33 0.32 0.67 0.73 0.13 0.05 0.34 0.83 0.84 0.52 0.87 0.62 0.82 0.61 0.13 ]
[0.43 0.39 0.87 0.67 0.80 0.19 0.72 0.14 0.09 0.20 0.63 0.54 0.15 0.41 0.68 0.60 0.55 0.53 0.24 0.36 0.51 0.70 0.35 0.18 0.71 0.52 0.16 0.40 0.27 0.95 0.90 0.19 0.88 0.62 0.92 1.00 0.59 0.29 0.34 0.42 0.44 0.61 0.74 0.47 0.47 0.90 0.74 0.03 0.58 0.02 0.43 0.50 0.50 0.41 0.24 0.23 0.07 0.15 0.35 ]
[0.82 0.66 0.51 0.87 0.03 0.11 0.04 0.76 0.16 0.36 0.85 0.48 0.16 0.82 0.99 0.87 0.24 0.83 0.53 0.27 0.46 0.16 0.90 0.25 0.29 0.72 0.54 0.28 0.22 1.00 0.58 0.08 0.36 0.54 0.25 0.59 1.00 0.54 0.40 0.29 0.57 0.94 0.54 0.43 0.71 0.32 0.78 0.05 0.58 0.00 0.41 0.57 0.10 0.35 0.56 0.92 0.41 0.68 0.66 ]
[0.88 0.07 0.84 0.80 0.75 0.03 0.98 0.83 0.17 0.38 0.88 0.00 0.50 0.05 0.31 0.51 0.10 0.65 0.36 0.66 0.24 0.58 0.66 0.05 0.47 0.25 0.92 0.32 0.43 0.64 0.18 0.19 0.27 0.89 0.41 0.29 0.54 1.00 0.67 0.31 0.14 0.70 0.07 0.04 0.89 0.44 0.67 0.41 0.38 0.36 0.65 0.57 0.65 0.70 0.67 0.70 0.46 0.95 0.30 ]
[0.31 0.45 0.84 0.19 0.95 0.22 0.53 0.46 0.29 0.40 0.15 0.96 0.64 0.09 0.40 0.92 0.04 0.62 0.31 0.84 0.65 0.76 0.23 0.46 0.02 0.55 0.84 0.86 0.52 0.34 0.41 0.87 1.00 0.86 0.98 0.34 0.40 0.67 1.00 0.89 0.56 0.21 0.79 0.38 0.80 0.15 0.00 0.15 0.41 0.15 0.89 0.73 0.71 0.61 0.78 0.96 0.99 0.82 0.95 ]
[0.96 0.45 0.68 0.46 0.01 0.66 0.42 0.10 0.08 0.27 0.27 0.92 0.10 0.29 0.47 0.75 0.98 0.77 0.28 0.41 0.20 0.26 0.87 0.49 0.57 0.15 0.18 0.69 0.27 0.04 0.84 0.32 0.25 0.05 0.36 0.42 0.29 0.31 0.89 1.00 0.56 0.32 0.89 0.57 0.98 0.31 0.60 0.32 0.85 0.87 0.97 0.83 0.34 1.00 0.11 0.17 0.19 0.14 0.64 ]
[0.62 0.12 0.68 0.50 0.22 0.66 0.28 0.39 0.61 0.92 0.58 0.59 0.42 0.89 0.49 0.86 0.51 0.32 0.24 0.77 0.84 0.67 0.02 0.25 0.38 0.82 0.44 0.30 0.46 0.39 0.66 0.75 0.05 0.14 0.51 0.44 0.57 0.14 0.56 0.56 1.00 0.58 0.85 0.15 0.42 0.79 0.89 0.45 0.04 0.50 0.40 0.77 0.86 0.59 0.61 0.53 0.70 0.27 0.35 ]
[0.93 0.55 0.44 0.69 0.01 0.76 0.56 0.01 0.91 0.18 0.64 0.55 0.04 0.18 0.33 0.86 0.27 0.63 0.15 0.24 0.54 0.00 0.08 0.83 0.65 0.40 0.43 0.28 0.40 0.33 0.13 0.23 0.82 0.33 0.14 0.61 0.94 0.70 0.21 0.32 0.58 1.00 0.03 0.68 0.54 0.88 0.99 0.59 0.65 0.84 0.36 0.65 0.17 0.23 0.57 0.17 0.72 0.84 0.03 ]
[0.96 0.79 0.26 0.47 0.44 0.53 0.63 0.87 0.71 0.42 0.64 0.02 0.32 0.45 0.51 0.22 0.94 0.41 0.81 0.22 0.32 0.68 0.11 0.30 0.58 0.67 0.83 0.06 0.39 0.14 0.76 0.13 0.55 0.32 0.65 0.74 0.54 0.07 0.79 0.89 0.85 0.03 1.00 0.87 0.90 0.45 0.13 0.76 0.78 0.93 0.43 0.90 0.21 0.08 0.10 0.26 0.31 0.23 0.82 ]
[0.56 0.31 0.87 0.33 0.39 0.32 0.36 0.12 0.44 0.03 0.82 0.98 0.34 0.91 0.30 0.68 0.23 0.29 0.82 0.99 0.32 0.79 0.63 0.09 0.32 0.28 0.14 0.52 0.83 0.50 0.63 0.95 0.68 0.28 0.41 0.47 0.43 0.04 0.38 0.57 0.15 0.68 0.87 1.00 0.55 0.22 0.65 0.31 0.63 0.82 0.01 0.24 0.51 0.37 0.59 0.27 0.61 0.82 0.71 ]
[0.87 0.16 0.04 0.89 0.27 0.40 0.27 0.55 0.89 0.01 0.98 0.43 0.02 0.90 0.70 0.13 0.95 0.44 0.86 0.46 0.39 0.69 0.91 0.06 0.72 0.98 0.43 0.58 0.64 0.17 0.76 0.48 0.49 0.09 0.33 0.47 0.71 0.89 0.80 0.98 0.42 0.54 0.90 0.55 1.00 0.98 0.76 0.12 0.60 0.53 0.96 0.30 0.27 0.34 0.18 0.41 0.01 0.02 0.29 ]
[0.29 0.37 0.32 0.19 0.72 0.17 0.45 0.82 0.57 0.92 0.62 0.07 0.89 0.98 0.21 0.44 0.46 0.93 0.47 0.05 0.71 0.29 0.21 0.27 0.80 0.25 0.20 0.51 0.59 0.95 0.10 0.96 0.33 0.03 0.32 0.90 0.32 0.44 0.15 0.31 0.79 0.88 0.45 0.22 0.98 1.00 0.20 0.74 0.82 0.46 0.92 0.34 0.60 0.16 0.01 0.13 0.80 0.05 0.73 ]
[0.36 0.99 0.20 0.49 0.90 0.56 0.37 0.52 0.33 0.46 0.72 0.63 0.00 0.59 0.41 0.86 0.62 0.52 0.03 0.50 0.30 0.94 0.63 0.05 0.36 0.93 0.54 0.21 0.39 0.33 0.46 0.81 0.38 0.40 0.67 0.74 0.78 0.67 0.00 0.60 0.89 0.99 0.13 0.65 0.76 0.20 1.00 0.65 0.42 0.83 0.60 0.03 0.03 0.33 0.22 0.22 0.35 0.68 0.49 ]
[0.75 0.06 0.38 0.28 0.61 0.85 0.73 0.83 0.30 0.37 0.51 0.94 0.27 0.81 0.49 0.02 0.23 0.87 0.00 0.48 0.73 0.98 0.48 0.56 0.96 0.78 0.73 0.35 0.73 0.14 0.30 0.23 0.76 0.66 0.73 0.03 0.05 0.41 0.15 0.32 0.45 0.59 0.76 0.31 0.12 0.74 0.65 1.00 0.13 0.79 0.94 0.96 0.84 0.17 0.55 0.27 0.91 0.53 0.13 ]
[0.04 0.70 0.22 0.58 0.56 0.58 0.61 0.29 0.99 0.84 0.41 0.25 0.54 0.59 0.95 0.99 0.13 0.48 0.42 0.74 0.74 0.99 0.15 0.17 0.58 0.35 0.82 0.95 0.08 0.08 0.84 0.26 0.92 0.77 0.13 0.58 0.58 0.38 0.41 0.85 0.04 0.65 0.78 0.63 0.60 0.82 0.42 0.13 1.00 0.10 0.50 0.76 0.43 0.43 0.34 0.54 0.68 0.90 0.74 ]
[0.22 0.93 0.47 0.54 0.21 0.53 0.73 0.27 0.43 0.65 0.79 0.02 0.04 0.44 0.07 0.91 0.35 0.73 0.67 0.59 0.13 0.67 0.85 0.60 0.02 0.08 0.89 0.56 0.11 0.74 0.40 0.24 0.73 0.15 0.05 0.02 0.00 0.36 0.15 0.87 0.50 0.84 0.93 0.82 0.53 0.46 0.83 0.79 0.10 1.00 0.89 0.33 0.51 0.57 0.71 0.17 0.91 0.86 0.80 ]
[0.72 0.87 0.81 0.01 0.49 0.40 0.68 0.66 0.97 0.54 0.93 0.63 0.83 0.62 0.19 0.18 0.49 0.58 0.88 0.38 0.27 0.28 0.86 0.44 0.50 0.82 0.83 0.44 0.70 0.02 0.32 0.24 0.74 0.92 0.34 0.43 0.41 0.65 0.89 0.97 0.40 0.36 0.43 0.01 0.96 0.92 0.60 0.94 0.50 0.89 1.00 0.98 0.15 0.96 0.76 0.54 0.20 0.79 0.46 ]
[0.69 0.10 0.01 0.78 0.68 0.81 0.06 0.06 0.13 0.77 0.17 0.60 0.27 0.45 0.30 0.29 0.03 0.82 0.39 0.08 0.65 0.27 0.88 0.67 0.68 0.84 0.86 0.37 0.34 0.58 0.07 0.20 0.81 0.90 0.83 0.50 0.57 0.57 0.73 0.83 0.77 0.65 0.90 0.24 0.30 0.34 0.03 0.96 0.76 0.33 0.98 1.00 0.66 0.73 0.28 0.57 0.51 0.71 0.44 ]
[0.86 0.07 0.93 0.69 0.21 1.00 0.56 0.80 0.94 0.38 0.97 0.68 0.40 0.01 0.72 0.71 0.14 0.03 0.58 0.26 0.86 0.27 0.83 0.84 0.10 0.10 0.48 0.50 0.80 0.73 0.05 0.34 0.81 0.42 0.84 0.50 0.10 0.65 0.71 0.34 0.86 0.17 0.21 0.51 0.27 0.60 0.03 0.84 0.43 0.51 0.15 0.66 1.00 0.57 0.40 0.33 0.35 0.31 0.92 ]
[0.53 0.89 0.98 0.65 0.48 0.42 0.32 0.08 0.86 0.72 0.47 0.28 0.70 0.12 0.70 0.57 0.73 0.63 0.12 0.15 0.43 0.07 0.57 0.62 0.05 0.27 0.40 0.89 0.64 0.23 0.41 0.55 0.42 0.37 0.52 0.41 0.35 0.70 0.61 1.00 0.59 0.23 0.08 0.37 0.34 0.16 0.33 0.17 0.43 0.57 0.96 0.73 0.57 1.00 0.62 0.52 0.43 0.36 0.80 ]
[0.07 0.95 0.21 0.31 0.83 0.49 0.45 0.92 0.97 0.08 0.26 0.33 0.09 0.47 0.97 0.39 0.73 0.38 0.55 0.06 0.81 0.38 0.91 0.42 0.06 0.26 0.80 0.42 0.84 0.16 0.18 0.05 0.31 0.46 0.87 0.24 0.56 0.67 0.78 0.11 0.61 0.57 0.10 0.59 0.18 0.01 0.22 0.55 0.34 0.71 0.76 0.28 0.40 0.62 1.00 0.95 0.84 0.71 0.68 ]
[0.65 0.76 0.42 0.10 0.31 0.24 0.66 0.90 0.35 0.13 0.57 0.68 0.49 0.05 0.85 0.85 0.04 0.70 0.16 0.87 0.66 0.59 0.80 0.86 0.61 0.19 0.94 0.96 0.13 0.15 0.43 0.21 0.49 0.89 0.62 0.23 0.92 0.70 0.96 0.17 0.53 0.17 0.26 0.27 0.41 0.13 0.22 0.27 0.54 0.17 0.54 0.57 0.33 0.52 0.95 1.00 0.25 0.55 0.46 ]
[0.88 0.77 0.60 0.10 0.08 0.78 0.82 0.87 0.40 0.96 0.88 0.07 0.99 0.90 0.99 0.56 0.34 0.70 0.86 0.87 0.56 0.22 0.83 0.99 0.77 0.06 0.46 0.06 0.51 0.70 0.83 0.89 0.14 0.01 0.82 0.07 0.41 0.46 0.99 0.19 0.70 0.72 0.31 0.61 0.01 0.80 0.35 0.91 0.68 0.91 0.20 0.51 0.35 0.43 0.84 0.25 1.00 0.80 0.45 ]
[0.50 0.29 0.11 0.22 0.89 0.54 0.49 0.62 0.77 0.08 0.44 0.83 0.82 0.90 0.45 0.46 0.24 0.67 0.64 0.42 0.74 0.32 0.07 0.31 0.17 0.51 0.11 0.11 0.71 0.93 0.38 0.25 0.77 0.26 0.61 0.15 0.68 0.95 0.82 0.14 0.27 0.84 0.23 0.82 0.02 0.05 0.68 0.53 0.90 0.86 0.79 0.71 0.31 0.36 0.71 0.55 0.80 1.00 0.51 ]
[0.14 0.38 0.20 0.60 0.64 0.06 0.96 0.23 0.85 0.01 0.53 0.24 0.47 0.45 0.41 0.70 0.96 0.27 0.22 0.50 0.43 0.64 0.55 0.89 0.61 0.68 0.91 0.52 0.49 0.45 0.06 0.97 0.24 0.12 0.13 0.35 0.66 0.30 0.95 0.64 0.35 0.03 0.82 0.71 0.29 0.73 0.49 0.13 0.74 0.80 0.46 0.44 0.92 0.80 0.68 0.46 0.45 0.51 1.00 ]
];
