D = 8;
n = [ 3 3 3 3 3 3 3 3 ];
N = 72;
d = [1 1 1 1 1 1 1 1 1 2 2 2 2 2 2 2 2 2 3 3 3 3 3 3 3 3 3 4 4 4 4 4 4 4 4 4 5 5 5 5 5 5 5 5 5 6 6 6 6 6 6 6 6 6 7 7 7 7 7 7 7 7 7 8 8 8 8 8 8 8 8 8 ];
m = [
[1.00 0.09 0.53 0.86 0.23 0.70 0.83 0.13 0.14 0.29 0.86 0.50 0.71 0.79 0.15 0.99 0.09 0.06 0.18 0.97 0.51 0.39 0.68 0.57 0.85 0.19 0.81 0.01 0.57 0.95 0.04 0.86 0.26 0.62 0.39 0.31 0.87 0.53 0.13 0.53 0.98 0.75 0.83 0.31 0.11 0.69 0.49 0.76 0.59 0.00 0.88 0.17 0.64 0.14 0.09 0.19 0.61 0.47 0.46 0.27 0.12 0.10 0.95 0.12 0.96 0.26 0.06 0.18 0.54 0.96 0.76 0.92 ]
[0.09 1.00 0.17 0.80 0.72 0.17 0.86 0.19 0.87 0.33 0.28 0.89 0.33 0.94 0.49 0.66 0.16 0.99 0.49 0.18 0.82 0.82 0.87 0.32 0.20 0.50 0.76 0.76 0.39 0.13 0.34 0.67 0.87 0.14 0.85 0.80 0.81 0.32 0.49 0.88 0.63 0.02 0.20 0.25 0.47 0.94 0.30 0.50 0.04 0.57 0.82 0.23 0.28 0.70 0.19 0.51 0.88 0.62 0.19 0.78 0.36 0.32 0.95 0.81 0.40 0.49 0.02 0.29 0.69 0.67 0.81 0.10 ]
[0.53 0.17 1.00 0.95 0.44 0.65 0.55 0.69 0.96 0.18 0.76 0.26 0.28 0.41 0.21 0.15 0.66 0.71 0.10 0.07 0.46 0.12 0.23 0.89 0.08 0.22 0.52 0.19 0.42 0.33 0.45 0.25 0.92 0.22 0.61 0.30 0.38 0.44 0.33 0.41 0.60 0.70 0.31 0.12 0.49 0.42 0.88 0.01 0.77 0.81 0.30 0.49 0.75 0.90 0.59 0.31 0.54 1.00 0.20 0.38 0.96 0.81 0.09 0.43 0.13 0.65 0.34 0.80 0.91 0.14 0.14 0.41 ]
[0.86 0.80 0.95 1.00 0.89 0.04 0.87 0.99 0.53 0.29 0.19 0.94 0.93 0.51 0.96 0.64 0.74 0.46 0.20 0.54 0.99 0.40 0.29 0.19 0.29 0.72 0.60 0.79 0.72 0.76 0.85 0.28 0.29 0.90 0.37 0.28 0.07 0.88 0.86 0.12 0.01 0.56 0.12 0.83 0.72 0.63 0.71 0.13 0.89 0.00 0.09 0.20 0.85 0.29 0.53 0.42 0.81 0.95 0.48 0.65 0.42 0.85 0.34 0.69 0.01 0.26 0.82 0.27 0.37 0.99 0.75 0.70 ]
[0.23 0.72 0.44 0.89 1.00 0.70 0.02 0.51 0.27 0.33 0.34 0.68 0.19 0.83 0.60 0.99 0.35 0.26 0.47 0.55 0.54 0.83 0.82 0.65 0.98 0.11 0.05 0.21 0.73 0.66 0.50 0.25 0.40 0.11 0.60 0.33 0.65 0.78 0.62 0.44 0.14 0.48 0.49 0.52 0.53 0.10 0.70 0.66 0.52 0.49 0.46 0.90 0.93 0.06 0.09 0.96 0.63 0.83 0.17 0.51 0.31 0.83 0.51 0.66 0.11 0.40 0.94 0.88 0.65 0.14 0.73 0.60 ]
[0.70 0.17 0.65 0.04 0.70 1.00 0.28 0.40 0.72 0.48 0.35 0.68 0.36 0.22 0.10 0.55 0.69 0.81 0.25 0.12 0.69 0.40 0.28 0.10 0.08 0.36 1.00 0.79 0.42 0.38 0.18 0.17 0.18 0.15 0.48 0.81 0.58 0.07 0.47 0.55 0.87 0.19 0.26 0.47 0.96 0.24 0.12 0.17 0.85 0.95 0.81 0.89 0.98 0.91 1.00 0.87 0.76 0.86 0.54 0.02 0.43 0.83 0.84 0.54 0.34 0.09 0.44 0.37 0.47 0.41 0.16 0.46 ]
[0.83 0.86 0.55 0.87 0.02 0.28 1.00 0.27 0.14 0.92 0.27 0.52 0.81 0.65 0.91 0.10 0.13 0.06 0.97 0.46 0.75 0.81 0.40 0.78 0.03 0.60 0.67 0.28 0.05 0.49 0.58 0.88 0.37 0.80 0.19 0.64 0.72 0.48 0.15 0.77 0.94 0.63 0.15 0.97 0.47 0.76 0.40 0.58 0.34 0.01 0.24 0.75 0.34 0.96 0.68 0.46 0.33 0.10 0.39 0.02 0.11 0.64 0.70 0.57 0.10 0.74 0.90 0.81 0.33 0.17 0.57 0.82 ]
[0.13 0.19 0.69 0.99 0.51 0.40 0.27 1.00 0.02 0.01 0.85 0.45 0.14 0.94 0.04 0.55 0.77 0.42 0.30 0.21 0.21 0.92 0.60 0.34 0.98 0.00 0.19 0.53 0.07 0.01 0.09 0.42 0.32 0.81 0.86 0.27 0.07 0.74 0.86 0.62 0.76 0.38 0.47 0.03 0.56 0.74 0.61 0.87 0.19 0.49 0.18 0.29 0.00 0.44 0.86 0.04 0.45 0.89 0.66 0.04 0.98 0.53 0.44 0.34 0.89 0.94 0.10 0.83 0.36 0.84 0.25 0.66 ]
[0.14 0.87 0.96 0.53 0.27 0.72 0.14 0.02 1.00 0.92 0.51 0.08 0.02 0.41 0.36 0.13 0.50 0.16 0.74 0.68 0.80 0.27 0.29 0.00 0.57 0.15 0.89 0.54 0.55 0.61 0.10 0.16 0.03 0.00 0.16 0.55 0.49 0.02 0.20 0.72 0.33 0.61 0.51 0.10 0.27 0.92 0.07 0.85 0.71 0.33 0.13 0.48 0.35 0.85 0.78 0.19 0.87 0.36 0.69 0.78 0.81 0.09 0.77 0.52 0.70 0.24 0.04 0.80 0.29 0.05 0.44 0.30 ]
[0.29 0.33 0.18 0.29 0.33 0.48 0.92 0.01 0.92 1.00 0.60 0.47 0.57 0.89 0.17 0.56 0.60 0.90 0.88 0.73 0.95 0.15 0.46 0.07 0.28 0.08 0.99 0.81 0.15 0.02 0.10 0.84 0.07 0.21 0.32 0.69 0.91 0.04 0.48 0.12 0.81 0.74 0.64 0.50 0.38 0.05 0.17 0.97 0.98 0.74 0.65 0.11 0.85 0.19 0.56 0.95 0.92 0.21 0.15 0.53 0.48 0.84 0.57 0.65 0.99 0.94 0.67 0.71 0.97 0.30 0.13 0.81 ]
[0.86 0.28 0.76 0.19 0.34 0.35 0.27 0.85 0.51 0.60 1.00 0.66 0.66 0.98 0.09 0.74 0.97 0.11 0.53 0.33 0.91 0.21 0.48 0.90 0.07 0.98 0.66 0.49 0.80 0.02 0.09 0.72 0.35 0.13 0.67 0.94 0.29 0.35 0.40 0.54 0.09 0.26 0.32 0.79 0.38 0.11 0.23 0.44 0.33 0.26 0.55 0.44 0.96 0.00 0.87 0.34 0.06 0.97 0.69 0.12 0.88 0.13 0.49 0.87 0.33 0.36 0.73 0.26 0.67 0.41 0.68 0.91 ]
[0.50 0.89 0.26 0.94 0.68 0.68 0.52 0.45 0.08 0.47 0.66 1.00 0.47 0.08 0.62 0.71 0.48 0.88 0.26 0.18 0.28 0.96 0.29 0.69 0.17 0.69 0.36 0.34 0.84 0.76 0.79 0.70 0.19 0.66 0.06 0.51 0.80 0.36 0.40 0.11 0.74 0.85 0.54 0.69 0.97 0.52 0.24 0.85 0.23 0.40 0.65 0.53 0.14 0.74 0.45 0.42 0.80 0.70 0.92 0.26 0.75 0.71 0.35 0.75 0.96 0.96 0.70 0.80 0.52 0.27 0.95 0.65 ]
[0.71 0.33 0.28 0.93 0.19 0.36 0.81 0.14 0.02 0.57 0.66 0.47 1.00 0.35 0.76 0.80 0.25 0.44 0.88 0.62 0.67 0.05 0.66 0.97 0.45 0.82 0.51 0.96 0.95 0.98 0.34 0.14 0.07 0.47 0.53 0.01 0.45 0.83 0.99 0.27 0.01 0.57 0.54 0.85 0.67 0.56 0.65 0.05 0.54 0.15 0.89 0.78 0.47 0.09 0.57 0.41 0.94 0.73 0.65 0.88 0.30 0.16 0.30 0.81 0.70 0.56 0.61 0.78 0.61 0.44 0.97 0.87 ]
[0.79 0.94 0.41 0.51 0.83 0.22 0.65 0.94 0.41 0.89 0.98 0.08 0.35 1.00 0.11 0.19 0.27 0.01 0.68 0.24 0.57 0.56 0.61 0.53 0.22 0.49 0.15 0.64 0.31 0.66 0.69 0.72 0.96 0.09 0.78 0.44 0.78 0.51 0.94 0.51 0.71 0.91 0.30 0.09 0.46 0.73 0.57 0.89 0.08 0.92 0.92 0.95 0.41 0.24 0.82 0.19 0.89 0.69 0.19 0.46 0.90 0.61 0.27 0.66 0.29 0.81 0.59 0.97 0.65 0.69 0.34 0.34 ]
[0.15 0.49 0.21 0.96 0.60 0.10 0.91 0.04 0.36 0.17 0.09 0.62 0.76 0.11 1.00 0.83 0.14 0.30 0.55 0.45 0.99 0.33 0.18 0.81 0.70 0.51 0.81 0.23 0.80 0.90 0.43 0.36 0.30 0.84 0.80 0.87 0.46 0.79 0.96 0.61 0.61 1.00 0.20 0.06 0.37 0.61 0.18 0.90 0.98 0.86 0.31 0.55 0.38 0.84 0.50 0.93 0.55 0.45 0.77 0.14 0.15 0.18 0.18 0.13 0.20 0.06 0.15 0.07 0.78 0.96 0.33 0.94 ]
[0.99 0.66 0.15 0.64 0.99 0.55 0.10 0.55 0.13 0.56 0.74 0.71 0.80 0.19 0.83 1.00 0.52 0.70 0.11 0.02 0.78 0.43 0.44 0.36 0.36 0.93 0.45 0.58 0.97 0.19 0.32 0.16 0.77 0.21 0.29 0.98 0.83 0.07 0.68 0.03 0.71 0.80 0.64 0.98 0.72 0.54 0.20 0.67 0.68 0.74 0.02 0.22 0.99 0.86 0.98 0.05 0.91 0.71 0.70 0.90 0.58 0.38 0.54 0.06 0.86 0.14 0.39 1.00 0.03 0.80 0.94 0.10 ]
[0.09 0.16 0.66 0.74 0.35 0.69 0.13 0.77 0.50 0.60 0.97 0.48 0.25 0.27 0.14 0.52 1.00 0.33 0.52 0.75 0.86 0.90 0.86 0.76 0.09 0.90 0.79 0.37 0.54 0.14 0.18 0.68 0.62 0.48 0.91 0.08 0.56 0.29 0.37 0.89 0.17 0.76 0.84 0.61 0.55 0.97 0.46 0.49 0.13 0.63 0.37 0.18 0.47 0.49 0.19 0.23 0.36 0.95 0.05 0.42 0.77 0.62 0.63 0.60 0.09 0.18 0.30 0.83 0.79 0.59 0.44 0.59 ]
[0.06 0.99 0.71 0.46 0.26 0.81 0.06 0.42 0.16 0.90 0.11 0.88 0.44 0.01 0.30 0.70 0.33 1.00 0.35 0.70 0.72 0.05 0.78 0.82 0.12 0.28 0.25 0.13 0.04 0.63 0.71 0.70 0.75 0.89 0.90 0.98 0.42 0.39 0.79 0.19 0.27 0.64 0.20 0.97 0.06 0.06 0.23 0.92 0.73 0.41 0.65 0.69 0.71 0.90 0.95 0.73 0.69 0.63 0.21 0.25 0.89 0.70 0.13 0.72 0.79 0.29 0.05 0.17 0.09 0.44 0.05 0.84 ]
[0.18 0.49 0.10 0.20 0.47 0.25 0.97 0.30 0.74 0.88 0.53 0.26 0.88 0.68 0.55 0.11 0.52 0.35 1.00 0.91 0.32 0.59 0.42 0.67 0.98 0.66 0.64 0.74 0.07 0.53 0.38 0.82 0.33 0.89 0.86 0.70 0.92 0.82 0.89 0.95 0.99 0.81 0.34 0.83 0.13 0.75 0.75 0.62 0.74 0.78 0.81 0.00 0.95 0.82 0.30 0.17 0.90 0.93 0.32 0.22 0.35 0.22 0.80 0.34 0.25 0.37 0.94 0.81 0.59 0.31 0.45 0.48 ]
[0.97 0.18 0.07 0.54 0.55 0.12 0.46 0.21 0.68 0.73 0.33 0.18 0.62 0.24 0.45 0.02 0.75 0.70 0.91 1.00 0.54 0.44 0.64 0.60 0.71 0.41 0.19 0.31 0.18 0.02 0.49 0.61 0.51 0.15 0.94 0.12 0.32 0.48 0.05 0.25 0.31 0.06 0.18 0.32 0.69 0.77 0.97 0.12 0.48 0.11 0.63 0.68 0.50 0.50 0.15 0.72 0.08 0.18 0.31 0.79 0.64 0.12 0.42 0.75 0.27 0.06 0.84 0.05 0.63 0.32 0.33 0.96 ]
[0.51 0.82 0.46 0.99 0.54 0.69 0.75 0.21 0.80 0.95 0.91 0.28 0.67 0.57 0.99 0.78 0.86 0.72 0.32 0.54 1.00 0.29 0.18 0.65 0.37 0.27 0.05 0.34 0.25 0.68 0.96 0.40 0.88 0.18 0.70 0.70 0.41 0.20 0.01 0.42 0.55 0.57 0.93 1.00 0.69 0.06 0.18 0.99 0.26 0.74 0.02 0.47 0.64 0.61 0.00 0.07 0.36 0.86 0.31 0.90 0.86 0.96 0.47 0.28 0.59 0.75 0.25 0.42 0.96 0.42 0.13 1.00 ]
[0.39 0.82 0.12 0.40 0.83 0.40 0.81 0.92 0.27 0.15 0.21 0.96 0.05 0.56 0.33 0.43 0.90 0.05 0.59 0.44 0.29 1.00 0.50 0.88 0.66 0.98 0.03 0.42 0.97 0.96 0.74 0.59 0.53 0.15 0.80 0.96 0.90 0.66 0.73 0.89 0.78 0.55 0.77 0.89 0.97 0.10 0.97 0.27 0.42 0.23 0.94 0.27 0.99 0.32 0.09 0.58 0.85 0.68 0.60 0.05 0.32 1.00 0.72 0.95 0.28 0.16 0.51 1.00 0.25 0.14 0.69 0.76 ]
[0.68 0.87 0.23 0.29 0.82 0.28 0.40 0.60 0.29 0.46 0.48 0.29 0.66 0.61 0.18 0.44 0.86 0.78 0.42 0.64 0.18 0.50 1.00 0.05 0.15 0.12 0.41 0.26 0.71 0.12 0.95 0.59 1.00 0.06 0.54 0.53 0.18 0.69 0.91 0.64 0.77 0.93 0.22 0.19 0.40 0.35 0.49 0.73 0.77 0.48 0.84 0.17 0.36 0.99 0.83 0.91 0.57 0.70 0.92 0.22 0.99 0.45 0.62 0.19 0.32 0.22 0.33 0.11 0.83 0.02 0.52 0.71 ]
[0.57 0.32 0.89 0.19 0.65 0.10 0.78 0.34 0.00 0.07 0.90 0.69 0.97 0.53 0.81 0.36 0.76 0.82 0.67 0.60 0.65 0.88 0.05 1.00 0.54 0.64 0.83 0.32 0.87 0.59 0.11 0.35 0.22 0.49 0.87 0.96 0.18 0.70 0.90 0.62 0.43 0.58 0.83 0.06 0.67 0.49 0.43 0.73 0.82 0.97 0.79 0.67 0.97 0.85 0.55 0.60 0.45 0.42 0.35 0.13 0.44 0.06 0.92 0.93 0.83 0.04 0.13 0.78 0.19 0.97 0.57 0.29 ]
[0.85 0.20 0.08 0.29 0.98 0.08 0.03 0.98 0.57 0.28 0.07 0.17 0.45 0.22 0.70 0.36 0.09 0.12 0.98 0.71 0.37 0.66 0.15 0.54 1.00 0.92 0.26 0.15 0.65 0.31 0.34 0.44 0.72 0.73 0.64 0.34 0.09 0.76 0.08 0.74 0.26 0.74 0.05 0.83 0.47 0.45 0.96 0.03 0.64 0.60 0.53 0.84 0.47 0.13 0.94 0.98 0.73 0.46 0.04 0.58 0.11 0.28 0.37 0.95 0.50 0.76 0.65 1.00 0.06 0.31 0.24 1.00 ]
[0.19 0.50 0.22 0.72 0.11 0.36 0.60 0.00 0.15 0.08 0.98 0.69 0.82 0.49 0.51 0.93 0.90 0.28 0.66 0.41 0.27 0.98 0.12 0.64 0.92 1.00 0.65 0.91 0.24 0.68 0.31 0.90 0.01 0.49 0.55 0.80 0.93 0.51 1.00 0.96 0.44 0.91 0.59 0.48 0.30 0.04 0.14 0.19 0.39 0.77 0.30 0.81 0.66 0.53 0.69 0.82 0.42 0.69 0.90 0.07 0.05 0.85 0.41 0.93 0.72 0.51 0.65 0.03 0.65 0.65 0.64 0.29 ]
[0.81 0.76 0.52 0.60 0.05 1.00 0.67 0.19 0.89 0.99 0.66 0.36 0.51 0.15 0.81 0.45 0.79 0.25 0.64 0.19 0.05 0.03 0.41 0.83 0.26 0.65 1.00 0.02 0.55 0.29 0.91 0.35 0.17 0.29 0.47 0.86 0.57 0.30 0.79 0.75 0.71 0.26 0.12 0.93 0.48 0.94 0.03 0.68 0.91 0.92 0.34 0.33 0.05 0.95 0.97 0.58 0.42 0.32 0.05 0.19 0.76 0.33 0.58 0.51 0.78 0.12 0.96 0.57 0.70 0.96 0.03 0.06 ]
[0.01 0.76 0.19 0.79 0.21 0.79 0.28 0.53 0.54 0.81 0.49 0.34 0.96 0.64 0.23 0.58 0.37 0.13 0.74 0.31 0.34 0.42 0.26 0.32 0.15 0.91 0.02 1.00 0.73 0.18 0.94 0.36 0.90 0.58 0.23 0.95 0.68 0.88 0.94 0.10 0.64 0.16 0.07 0.13 0.86 1.00 0.54 0.28 0.01 0.27 0.08 0.40 0.81 0.25 0.66 0.09 0.85 0.11 0.81 0.85 0.54 0.78 0.47 0.77 0.88 0.69 0.62 0.17 0.75 0.17 0.66 0.27 ]
[0.57 0.39 0.42 0.72 0.73 0.42 0.05 0.07 0.55 0.15 0.80 0.84 0.95 0.31 0.80 0.97 0.54 0.04 0.07 0.18 0.25 0.97 0.71 0.87 0.65 0.24 0.55 0.73 1.00 0.77 0.27 0.30 0.95 0.03 0.94 0.31 0.26 0.22 0.17 0.43 0.96 0.35 0.92 0.13 0.56 0.67 0.55 0.52 0.31 0.50 0.98 0.79 0.44 0.73 0.11 0.66 0.31 0.66 0.86 0.19 0.69 0.69 0.17 0.71 0.02 0.48 0.96 0.14 0.58 0.46 0.59 0.80 ]
[0.95 0.13 0.33 0.76 0.66 0.38 0.49 0.01 0.61 0.02 0.02 0.76 0.98 0.66 0.90 0.19 0.14 0.63 0.53 0.02 0.68 0.96 0.12 0.59 0.31 0.68 0.29 0.18 0.77 1.00 0.64 0.49 0.24 0.56 0.42 0.76 0.73 0.18 0.67 0.99 0.70 0.78 0.32 0.12 0.08 0.65 0.27 0.22 0.86 0.10 0.84 0.90 0.80 0.68 0.19 0.88 0.47 0.54 0.67 0.26 0.06 0.67 0.86 0.76 0.15 0.91 0.08 0.24 0.61 0.82 0.43 0.88 ]
[0.04 0.34 0.45 0.85 0.50 0.18 0.58 0.09 0.10 0.10 0.09 0.79 0.34 0.69 0.43 0.32 0.18 0.71 0.38 0.49 0.96 0.74 0.95 0.11 0.34 0.31 0.91 0.94 0.27 0.64 1.00 0.40 0.52 0.45 0.38 0.83 0.37 0.48 0.41 0.70 0.37 0.73 0.71 0.41 0.94 0.81 0.91 0.64 0.70 0.22 0.78 0.46 0.19 0.61 0.34 0.57 0.74 0.16 0.21 0.73 0.46 0.65 1.00 0.85 0.40 0.88 0.21 0.71 0.37 0.17 0.68 0.93 ]
[0.86 0.67 0.25 0.28 0.25 0.17 0.88 0.42 0.16 0.84 0.72 0.70 0.14 0.72 0.36 0.16 0.68 0.70 0.82 0.61 0.40 0.59 0.59 0.35 0.44 0.90 0.35 0.36 0.30 0.49 0.40 1.00 0.17 0.92 0.37 0.84 0.13 0.08 0.55 0.56 0.68 0.74 0.59 0.03 0.27 0.88 0.07 0.52 0.51 0.03 0.98 0.57 0.63 0.17 0.94 0.81 0.03 0.65 0.47 0.57 0.34 0.80 0.26 0.09 0.10 0.02 0.15 0.49 0.11 0.45 0.84 0.16 ]
[0.26 0.87 0.92 0.29 0.40 0.18 0.37 0.32 0.03 0.07 0.35 0.19 0.07 0.96 0.30 0.77 0.62 0.75 0.33 0.51 0.88 0.53 1.00 0.22 0.72 0.01 0.17 0.90 0.95 0.24 0.52 0.17 1.00 0.10 0.37 0.97 0.54 0.49 0.98 0.86 0.67 0.39 0.63 0.68 0.54 0.59 0.04 0.70 0.84 0.40 0.20 1.00 0.16 0.91 0.92 0.18 0.64 0.33 0.81 0.27 0.60 0.51 0.36 0.21 0.33 0.60 0.14 0.43 0.45 0.80 0.91 0.07 ]
[0.62 0.14 0.22 0.90 0.11 0.15 0.80 0.81 0.00 0.21 0.13 0.66 0.47 0.09 0.84 0.21 0.48 0.89 0.89 0.15 0.18 0.15 0.06 0.49 0.73 0.49 0.29 0.58 0.03 0.56 0.45 0.92 0.10 1.00 0.87 0.03 0.89 0.95 0.59 0.86 0.32 0.81 0.25 0.31 0.68 0.51 0.42 0.60 0.88 0.57 0.29 0.29 0.12 0.98 0.33 0.57 0.50 0.56 0.94 0.21 0.40 0.07 0.30 0.81 0.34 0.05 0.71 0.37 0.85 0.20 0.97 0.68 ]
[0.39 0.85 0.61 0.37 0.60 0.48 0.19 0.86 0.16 0.32 0.67 0.06 0.53 0.78 0.80 0.29 0.91 0.90 0.86 0.94 0.70 0.80 0.54 0.87 0.64 0.55 0.47 0.23 0.94 0.42 0.38 0.37 0.37 0.87 1.00 0.48 0.68 0.28 0.51 0.62 0.81 0.15 0.14 0.31 0.40 0.74 0.74 0.09 0.85 0.76 0.49 0.43 0.78 0.79 0.78 0.90 0.03 0.40 0.43 0.30 0.06 0.68 0.74 0.47 0.23 0.19 0.76 0.05 0.91 0.40 0.29 0.31 ]
[0.31 0.80 0.30 0.28 0.33 0.81 0.64 0.27 0.55 0.69 0.94 0.51 0.01 0.44 0.87 0.98 0.08 0.98 0.70 0.12 0.70 0.96 0.53 0.96 0.34 0.80 0.86 0.95 0.31 0.76 0.83 0.84 0.97 0.03 0.48 1.00 0.04 0.92 0.75 0.95 0.13 0.75 0.14 0.42 0.32 0.48 0.66 0.09 0.73 0.34 0.21 0.59 0.07 0.15 0.20 0.07 0.37 0.58 0.08 0.40 0.76 0.61 0.12 0.03 0.60 0.16 0.29 0.96 0.48 0.67 0.90 0.14 ]
[0.87 0.81 0.38 0.07 0.65 0.58 0.72 0.07 0.49 0.91 0.29 0.80 0.45 0.78 0.46 0.83 0.56 0.42 0.92 0.32 0.41 0.90 0.18 0.18 0.09 0.93 0.57 0.68 0.26 0.73 0.37 0.13 0.54 0.89 0.68 0.04 1.00 0.19 0.24 1.00 0.91 0.95 0.33 0.02 0.93 0.15 0.75 0.07 0.95 0.73 0.57 0.10 0.71 0.37 0.50 0.05 0.97 0.03 0.85 0.70 0.78 0.83 0.59 0.72 0.46 0.01 0.61 0.13 0.87 0.69 1.00 0.01 ]
[0.53 0.32 0.44 0.88 0.78 0.07 0.48 0.74 0.02 0.04 0.35 0.36 0.83 0.51 0.79 0.07 0.29 0.39 0.82 0.48 0.20 0.66 0.69 0.70 0.76 0.51 0.30 0.88 0.22 0.18 0.48 0.08 0.49 0.95 0.28 0.92 0.19 1.00 0.47 0.28 0.72 0.67 0.28 0.80 0.38 0.61 0.03 0.08 0.77 0.13 0.42 0.46 0.14 0.21 0.21 0.53 0.70 0.28 0.77 0.83 0.36 0.54 0.92 0.78 0.33 0.30 0.20 0.48 0.59 0.99 0.23 0.85 ]
[0.13 0.49 0.33 0.86 0.62 0.47 0.15 0.86 0.20 0.48 0.40 0.40 0.99 0.94 0.96 0.68 0.37 0.79 0.89 0.05 0.01 0.73 0.91 0.90 0.08 1.00 0.79 0.94 0.17 0.67 0.41 0.55 0.98 0.59 0.51 0.75 0.24 0.47 1.00 0.27 0.93 0.89 0.72 0.27 0.83 0.25 0.24 0.45 0.46 0.39 0.18 0.25 0.90 0.88 0.68 0.04 0.11 0.43 0.57 0.81 0.41 0.80 0.67 0.53 0.06 0.92 0.68 0.46 0.84 0.33 0.09 0.66 ]
[0.53 0.88 0.41 0.12 0.44 0.55 0.77 0.62 0.72 0.12 0.54 0.11 0.27 0.51 0.61 0.03 0.89 0.19 0.95 0.25 0.42 0.89 0.64 0.62 0.74 0.96 0.75 0.10 0.43 0.99 0.70 0.56 0.86 0.86 0.62 0.95 1.00 0.28 0.27 1.00 0.92 0.02 0.28 0.39 0.84 0.13 0.61 0.35 0.28 0.73 0.37 0.45 0.29 0.41 0.47 0.52 0.20 0.75 0.35 0.78 0.22 0.31 0.54 0.65 0.74 0.61 0.58 0.57 0.88 0.84 0.70 0.25 ]
[0.98 0.63 0.60 0.01 0.14 0.87 0.94 0.76 0.33 0.81 0.09 0.74 0.01 0.71 0.61 0.71 0.17 0.27 0.99 0.31 0.55 0.78 0.77 0.43 0.26 0.44 0.71 0.64 0.96 0.70 0.37 0.68 0.67 0.32 0.81 0.13 0.91 0.72 0.93 0.92 1.00 0.49 0.23 0.97 0.39 0.33 0.49 0.55 0.97 0.75 0.27 0.42 0.54 0.71 0.12 0.59 0.71 0.48 0.56 0.70 0.95 0.22 0.83 0.70 0.47 0.76 1.00 0.94 0.00 0.46 0.50 0.66 ]
[0.75 0.02 0.70 0.56 0.48 0.19 0.63 0.38 0.61 0.74 0.26 0.85 0.57 0.91 1.00 0.80 0.76 0.64 0.81 0.06 0.57 0.55 0.93 0.58 0.74 0.91 0.26 0.16 0.35 0.78 0.73 0.74 0.39 0.81 0.15 0.75 0.95 0.67 0.89 0.02 0.49 1.00 0.66 0.51 0.44 0.73 0.70 0.01 0.76 0.37 0.25 0.44 0.14 0.43 0.34 0.77 0.83 0.95 0.68 0.72 0.70 0.16 0.70 0.26 0.14 0.53 0.82 0.07 0.44 0.81 0.50 0.62 ]
[0.83 0.20 0.31 0.12 0.49 0.26 0.15 0.47 0.51 0.64 0.32 0.54 0.54 0.30 0.20 0.64 0.84 0.20 0.34 0.18 0.93 0.77 0.22 0.83 0.05 0.59 0.12 0.07 0.92 0.32 0.71 0.59 0.63 0.25 0.14 0.14 0.33 0.28 0.72 0.28 0.23 0.66 1.00 0.59 0.01 0.78 0.94 0.35 0.04 0.25 0.83 0.51 0.63 0.48 0.02 0.07 0.19 0.83 0.82 0.86 0.99 0.81 0.99 0.78 0.36 0.25 0.38 0.72 0.97 0.77 0.23 0.59 ]
[0.31 0.25 0.12 0.83 0.52 0.47 0.97 0.03 0.10 0.50 0.79 0.69 0.85 0.09 0.06 0.98 0.61 0.97 0.83 0.32 1.00 0.89 0.19 0.06 0.83 0.48 0.93 0.13 0.13 0.12 0.41 0.03 0.68 0.31 0.31 0.42 0.02 0.80 0.27 0.39 0.97 0.51 0.59 1.00 0.24 0.67 0.79 0.84 0.55 0.03 0.53 0.32 0.16 0.73 0.88 0.17 0.74 0.77 0.53 0.61 0.08 0.24 0.27 0.81 0.51 0.85 0.08 0.81 0.67 0.45 0.06 0.46 ]
[0.11 0.47 0.49 0.72 0.53 0.96 0.47 0.56 0.27 0.38 0.38 0.97 0.67 0.46 0.37 0.72 0.55 0.06 0.13 0.69 0.69 0.97 0.40 0.67 0.47 0.30 0.48 0.86 0.56 0.08 0.94 0.27 0.54 0.68 0.40 0.32 0.93 0.38 0.83 0.84 0.39 0.44 0.01 0.24 1.00 0.86 0.30 0.18 0.52 0.88 0.40 0.35 0.05 0.03 0.39 0.90 0.17 0.12 0.70 0.86 0.66 0.42 0.51 0.68 0.28 0.15 0.78 0.09 0.14 0.21 0.71 0.29 ]
[0.69 0.94 0.42 0.63 0.10 0.24 0.76 0.74 0.92 0.05 0.11 0.52 0.56 0.73 0.61 0.54 0.97 0.06 0.75 0.77 0.06 0.10 0.35 0.49 0.45 0.04 0.94 1.00 0.67 0.65 0.81 0.88 0.59 0.51 0.74 0.48 0.15 0.61 0.25 0.13 0.33 0.73 0.78 0.67 0.86 1.00 0.54 0.80 0.77 0.34 0.78 0.14 0.55 0.10 0.58 0.49 0.74 0.69 0.52 0.56 0.83 0.38 0.87 0.36 0.31 0.64 0.43 1.00 0.51 0.78 0.19 0.10 ]
[0.49 0.30 0.88 0.71 0.70 0.12 0.40 0.61 0.07 0.17 0.23 0.24 0.65 0.57 0.18 0.20 0.46 0.23 0.75 0.97 0.18 0.97 0.49 0.43 0.96 0.14 0.03 0.54 0.55 0.27 0.91 0.07 0.04 0.42 0.74 0.66 0.75 0.03 0.24 0.61 0.49 0.70 0.94 0.79 0.30 0.54 1.00 0.83 0.10 0.58 0.76 0.80 0.66 0.37 0.91 0.37 0.97 0.85 0.81 0.21 0.46 0.40 0.96 0.23 0.95 0.88 0.87 0.99 0.80 0.39 0.20 0.07 ]
[0.76 0.50 0.01 0.13 0.66 0.17 0.58 0.87 0.85 0.97 0.44 0.85 0.05 0.89 0.90 0.67 0.49 0.92 0.62 0.12 0.99 0.27 0.73 0.73 0.03 0.19 0.68 0.28 0.52 0.22 0.64 0.52 0.70 0.60 0.09 0.09 0.07 0.08 0.45 0.35 0.55 0.01 0.35 0.84 0.18 0.80 0.83 1.00 0.17 0.98 0.86 0.82 0.79 0.93 0.73 0.95 0.28 0.21 0.81 0.36 0.65 0.99 0.45 0.09 0.00 0.35 0.27 0.89 0.29 0.18 0.84 0.82 ]
[0.59 0.04 0.77 0.89 0.52 0.85 0.34 0.19 0.71 0.98 0.33 0.23 0.54 0.08 0.98 0.68 0.13 0.73 0.74 0.48 0.26 0.42 0.77 0.82 0.64 0.39 0.91 0.01 0.31 0.86 0.70 0.51 0.84 0.88 0.85 0.73 0.95 0.77 0.46 0.28 0.97 0.76 0.04 0.55 0.52 0.77 0.10 0.17 1.00 0.14 0.35 0.71 0.33 0.52 0.13 0.16 0.47 0.75 0.14 0.60 0.92 0.35 0.93 0.33 0.21 0.56 0.30 0.60 0.66 0.13 0.21 0.36 ]
[0.00 0.57 0.81 0.00 0.49 0.95 0.01 0.49 0.33 0.74 0.26 0.40 0.15 0.92 0.86 0.74 0.63 0.41 0.78 0.11 0.74 0.23 0.48 0.97 0.60 0.77 0.92 0.27 0.50 0.10 0.22 0.03 0.40 0.57 0.76 0.34 0.73 0.13 0.39 0.73 0.75 0.37 0.25 0.03 0.88 0.34 0.58 0.98 0.14 1.00 0.14 0.42 0.67 0.15 0.48 0.81 0.24 0.57 0.52 0.78 0.07 0.56 0.68 0.85 0.73 0.51 0.26 0.96 0.13 0.73 0.30 0.86 ]
[0.88 0.82 0.30 0.09 0.46 0.81 0.24 0.18 0.13 0.65 0.55 0.65 0.89 0.92 0.31 0.02 0.37 0.65 0.81 0.63 0.02 0.94 0.84 0.79 0.53 0.30 0.34 0.08 0.98 0.84 0.78 0.98 0.20 0.29 0.49 0.21 0.57 0.42 0.18 0.37 0.27 0.25 0.83 0.53 0.40 0.78 0.76 0.86 0.35 0.14 1.00 0.74 0.38 0.45 0.13 0.79 0.21 0.79 0.54 0.97 0.78 0.47 0.16 0.52 0.38 0.57 1.00 0.08 0.76 0.55 0.92 0.08 ]
[0.17 0.23 0.49 0.20 0.90 0.89 0.75 0.29 0.48 0.11 0.44 0.53 0.78 0.95 0.55 0.22 0.18 0.69 0.00 0.68 0.47 0.27 0.17 0.67 0.84 0.81 0.33 0.40 0.79 0.90 0.46 0.57 1.00 0.29 0.43 0.59 0.10 0.46 0.25 0.45 0.42 0.44 0.51 0.32 0.35 0.14 0.80 0.82 0.71 0.42 0.74 1.00 0.36 0.84 0.48 0.45 0.19 0.61 0.19 0.41 0.25 0.47 0.25 0.22 0.44 0.80 0.19 0.10 0.96 0.94 0.71 1.00 ]
[0.64 0.28 0.75 0.85 0.93 0.98 0.34 0.00 0.35 0.85 0.96 0.14 0.47 0.41 0.38 0.99 0.47 0.71 0.95 0.50 0.64 0.99 0.36 0.97 0.47 0.66 0.05 0.81 0.44 0.80 0.19 0.63 0.16 0.12 0.78 0.07 0.71 0.14 0.90 0.29 0.54 0.14 0.63 0.16 0.05 0.55 0.66 0.79 0.33 0.67 0.38 0.36 1.00 0.89 0.69 0.55 0.39 0.61 0.32 0.36 0.42 0.97 0.14 0.34 0.18 0.72 0.48 0.31 0.55 0.22 0.44 0.87 ]
[0.14 0.70 0.90 0.29 0.06 0.91 0.96 0.44 0.85 0.19 0.00 0.74 0.09 0.24 0.84 0.86 0.49 0.90 0.82 0.50 0.61 0.32 0.99 0.85 0.13 0.53 0.95 0.25 0.73 0.68 0.61 0.17 0.91 0.98 0.79 0.15 0.37 0.21 0.88 0.41 0.71 0.43 0.48 0.73 0.03 0.10 0.37 0.93 0.52 0.15 0.45 0.84 0.89 1.00 0.68 0.84 0.89 0.21 0.49 0.63 0.37 0.33 0.50 0.44 0.89 0.17 0.83 0.10 0.22 0.74 0.90 0.05 ]
[0.09 0.19 0.59 0.53 0.09 1.00 0.68 0.86 0.78 0.56 0.87 0.45 0.57 0.82 0.50 0.98 0.19 0.95 0.30 0.15 0.00 0.09 0.83 0.55 0.94 0.69 0.97 0.66 0.11 0.19 0.34 0.94 0.92 0.33 0.78 0.20 0.50 0.21 0.68 0.47 0.12 0.34 0.02 0.88 0.39 0.58 0.91 0.73 0.13 0.48 0.13 0.48 0.69 0.68 1.00 0.53 0.40 0.78 0.09 0.03 0.27 0.51 0.54 0.09 0.26 0.51 0.89 0.14 0.39 0.02 0.42 0.68 ]
[0.19 0.51 0.31 0.42 0.96 0.87 0.46 0.04 0.19 0.95 0.34 0.42 0.41 0.19 0.93 0.05 0.23 0.73 0.17 0.72 0.07 0.58 0.91 0.60 0.98 0.82 0.58 0.09 0.66 0.88 0.57 0.81 0.18 0.57 0.90 0.07 0.05 0.53 0.04 0.52 0.59 0.77 0.07 0.17 0.90 0.49 0.37 0.95 0.16 0.81 0.79 0.45 0.55 0.84 0.53 1.00 0.61 0.70 0.07 0.83 0.51 0.81 0.23 0.05 0.32 0.96 0.57 0.14 0.16 0.68 0.24 0.72 ]
[0.61 0.88 0.54 0.81 0.63 0.76 0.33 0.45 0.87 0.92 0.06 0.80 0.94 0.89 0.55 0.91 0.36 0.69 0.90 0.08 0.36 0.85 0.57 0.45 0.73 0.42 0.42 0.85 0.31 0.47 0.74 0.03 0.64 0.50 0.03 0.37 0.97 0.70 0.11 0.20 0.71 0.83 0.19 0.74 0.17 0.74 0.97 0.28 0.47 0.24 0.21 0.19 0.39 0.89 0.40 0.61 1.00 0.99 0.37 0.51 0.55 0.57 0.74 0.25 0.09 0.13 0.23 0.73 0.64 0.19 0.79 0.68 ]
[0.47 0.62 1.00 0.95 0.83 0.86 0.10 0.89 0.36 0.21 0.97 0.70 0.73 0.69 0.45 0.71 0.95 0.63 0.93 0.18 0.86 0.68 0.70 0.42 0.46 0.69 0.32 0.11 0.66 0.54 0.16 0.65 0.33 0.56 0.40 0.58 0.03 0.28 0.43 0.75 0.48 0.95 0.83 0.77 0.12 0.69 0.85 0.21 0.75 0.57 0.79 0.61 0.61 0.21 0.78 0.70 0.99 1.00 0.97 0.63 0.86 0.84 0.10 0.49 0.67 0.18 0.25 0.67 0.76 0.08 0.77 0.99 ]
[0.46 0.19 0.20 0.48 0.17 0.54 0.39 0.66 0.69 0.15 0.69 0.92 0.65 0.19 0.77 0.70 0.05 0.21 0.32 0.31 0.31 0.60 0.92 0.35 0.04 0.90 0.05 0.81 0.86 0.67 0.21 0.47 0.81 0.94 0.43 0.08 0.85 0.77 0.57 0.35 0.56 0.68 0.82 0.53 0.70 0.52 0.81 0.81 0.14 0.52 0.54 0.19 0.32 0.49 0.09 0.07 0.37 0.97 1.00 0.29 0.12 0.80 0.63 0.19 0.09 0.04 0.60 0.84 0.82 0.54 0.90 0.14 ]
[0.27 0.78 0.38 0.65 0.51 0.02 0.02 0.04 0.78 0.53 0.12 0.26 0.88 0.46 0.14 0.90 0.42 0.25 0.22 0.79 0.90 0.05 0.22 0.13 0.58 0.07 0.19 0.85 0.19 0.26 0.73 0.57 0.27 0.21 0.30 0.40 0.70 0.83 0.81 0.78 0.70 0.72 0.86 0.61 0.86 0.56 0.21 0.36 0.60 0.78 0.97 0.41 0.36 0.63 0.03 0.83 0.51 0.63 0.29 1.00 0.32 0.21 0.82 0.56 0.89 0.37 0.38 0.10 0.64 0.08 0.19 0.17 ]
[0.12 0.36 0.96 0.42 0.31 0.43 0.11 0.98 0.81 0.48 0.88 0.75 0.30 0.90 0.15 0.58 0.77 0.89 0.35 0.64 0.86 0.32 0.99 0.44 0.11 0.05 0.76 0.54 0.69 0.06 0.46 0.34 0.60 0.40 0.06 0.76 0.78 0.36 0.41 0.22 0.95 0.70 0.99 0.08 0.66 0.83 0.46 0.65 0.92 0.07 0.78 0.25 0.42 0.37 0.27 0.51 0.55 0.86 0.12 0.32 1.00 0.18 0.23 0.40 0.60 0.08 0.31 0.30 0.76 0.25 0.15 0.89 ]
[0.10 0.32 0.81 0.85 0.83 0.83 0.64 0.53 0.09 0.84 0.13 0.71 0.16 0.61 0.18 0.38 0.62 0.70 0.22 0.12 0.96 1.00 0.45 0.06 0.28 0.85 0.33 0.78 0.69 0.67 0.65 0.80 0.51 0.07 0.68 0.61 0.83 0.54 0.80 0.31 0.22 0.16 0.81 0.24 0.42 0.38 0.40 0.99 0.35 0.56 0.47 0.47 0.97 0.33 0.51 0.81 0.57 0.84 0.80 0.21 0.18 1.00 0.36 0.07 0.42 0.10 0.57 0.83 0.50 0.78 0.61 0.69 ]
[0.95 0.95 0.09 0.34 0.51 0.84 0.70 0.44 0.77 0.57 0.49 0.35 0.30 0.27 0.18 0.54 0.63 0.13 0.80 0.42 0.47 0.72 0.62 0.92 0.37 0.41 0.58 0.47 0.17 0.86 1.00 0.26 0.36 0.30 0.74 0.12 0.59 0.92 0.67 0.54 0.83 0.70 0.99 0.27 0.51 0.87 0.96 0.45 0.93 0.68 0.16 0.25 0.14 0.50 0.54 0.23 0.74 0.10 0.63 0.82 0.23 0.36 1.00 0.34 0.01 0.56 0.90 0.85 0.47 0.48 0.21 0.38 ]
[0.12 0.81 0.43 0.69 0.66 0.54 0.57 0.34 0.52 0.65 0.87 0.75 0.81 0.66 0.13 0.06 0.60 0.72 0.34 0.75 0.28 0.95 0.19 0.93 0.95 0.93 0.51 0.77 0.71 0.76 0.85 0.09 0.21 0.81 0.47 0.03 0.72 0.78 0.53 0.65 0.70 0.26 0.78 0.81 0.68 0.36 0.23 0.09 0.33 0.85 0.52 0.22 0.34 0.44 0.09 0.05 0.25 0.49 0.19 0.56 0.40 0.07 0.34 1.00 0.25 0.39 0.93 0.22 0.07 0.14 0.27 0.94 ]
[0.96 0.40 0.13 0.01 0.11 0.34 0.10 0.89 0.70 0.99 0.33 0.96 0.70 0.29 0.20 0.86 0.09 0.79 0.25 0.27 0.59 0.28 0.32 0.83 0.50 0.72 0.78 0.88 0.02 0.15 0.40 0.10 0.33 0.34 0.23 0.60 0.46 0.33 0.06 0.74 0.47 0.14 0.36 0.51 0.28 0.31 0.95 0.00 0.21 0.73 0.38 0.44 0.18 0.89 0.26 0.32 0.09 0.67 0.09 0.89 0.60 0.42 0.01 0.25 1.00 0.79 0.92 0.65 0.07 0.54 0.13 0.29 ]
[0.26 0.49 0.65 0.26 0.40 0.09 0.74 0.94 0.24 0.94 0.36 0.96 0.56 0.81 0.06 0.14 0.18 0.29 0.37 0.06 0.75 0.16 0.22 0.04 0.76 0.51 0.12 0.69 0.48 0.91 0.88 0.02 0.60 0.05 0.19 0.16 0.01 0.30 0.92 0.61 0.76 0.53 0.25 0.85 0.15 0.64 0.88 0.35 0.56 0.51 0.57 0.80 0.72 0.17 0.51 0.96 0.13 0.18 0.04 0.37 0.08 0.10 0.56 0.39 0.79 1.00 0.28 0.81 0.66 0.26 0.86 0.27 ]
[0.06 0.02 0.34 0.82 0.94 0.44 0.90 0.10 0.04 0.67 0.73 0.70 0.61 0.59 0.15 0.39 0.30 0.05 0.94 0.84 0.25 0.51 0.33 0.13 0.65 0.65 0.96 0.62 0.96 0.08 0.21 0.15 0.14 0.71 0.76 0.29 0.61 0.20 0.68 0.58 1.00 0.82 0.38 0.08 0.78 0.43 0.87 0.27 0.30 0.26 1.00 0.19 0.48 0.83 0.89 0.57 0.23 0.25 0.60 0.38 0.31 0.57 0.90 0.93 0.92 0.28 1.00 0.40 0.10 0.17 0.79 0.51 ]
[0.18 0.29 0.80 0.27 0.88 0.37 0.81 0.83 0.80 0.71 0.26 0.80 0.78 0.97 0.07 1.00 0.83 0.17 0.81 0.05 0.42 1.00 0.11 0.78 1.00 0.03 0.57 0.17 0.14 0.24 0.71 0.49 0.43 0.37 0.05 0.96 0.13 0.48 0.46 0.57 0.94 0.07 0.72 0.81 0.09 1.00 0.99 0.89 0.60 0.96 0.08 0.10 0.31 0.10 0.14 0.14 0.73 0.67 0.84 0.10 0.30 0.83 0.85 0.22 0.65 0.81 0.40 1.00 0.80 0.06 0.71 0.94 ]
[0.54 0.69 0.91 0.37 0.65 0.47 0.33 0.36 0.29 0.97 0.67 0.52 0.61 0.65 0.78 0.03 0.79 0.09 0.59 0.63 0.96 0.25 0.83 0.19 0.06 0.65 0.70 0.75 0.58 0.61 0.37 0.11 0.45 0.85 0.91 0.48 0.87 0.59 0.84 0.88 0.00 0.44 0.97 0.67 0.14 0.51 0.80 0.29 0.66 0.13 0.76 0.96 0.55 0.22 0.39 0.16 0.64 0.76 0.82 0.64 0.76 0.50 0.47 0.07 0.07 0.66 0.10 0.80 1.00 0.98 0.76 0.29 ]
[0.96 0.67 0.14 0.99 0.14 0.41 0.17 0.84 0.05 0.30 0.41 0.27 0.44 0.69 0.96 0.80 0.59 0.44 0.31 0.32 0.42 0.14 0.02 0.97 0.31 0.65 0.96 0.17 0.46 0.82 0.17 0.45 0.80 0.20 0.40 0.67 0.69 0.99 0.33 0.84 0.46 0.81 0.77 0.45 0.21 0.78 0.39 0.18 0.13 0.73 0.55 0.94 0.22 0.74 0.02 0.68 0.19 0.08 0.54 0.08 0.25 0.78 0.48 0.14 0.54 0.26 0.17 0.06 0.98 1.00 0.02 0.13 ]
[0.76 0.81 0.14 0.75 0.73 0.16 0.57 0.25 0.44 0.13 0.68 0.95 0.97 0.34 0.33 0.94 0.44 0.05 0.45 0.33 0.13 0.69 0.52 0.57 0.24 0.64 0.03 0.66 0.59 0.43 0.68 0.84 0.91 0.97 0.29 0.90 1.00 0.23 0.09 0.70 0.50 0.50 0.23 0.06 0.71 0.19 0.20 0.84 0.21 0.30 0.92 0.71 0.44 0.90 0.42 0.24 0.79 0.77 0.90 0.19 0.15 0.61 0.21 0.27 0.13 0.86 0.79 0.71 0.76 0.02 1.00 0.63 ]
[0.92 0.10 0.41 0.70 0.60 0.46 0.82 0.66 0.30 0.81 0.91 0.65 0.87 0.34 0.94 0.10 0.59 0.84 0.48 0.96 1.00 0.76 0.71 0.29 1.00 0.29 0.06 0.27 0.80 0.88 0.93 0.16 0.07 0.68 0.31 0.14 0.01 0.85 0.66 0.25 0.66 0.62 0.59 0.46 0.29 0.10 0.07 0.82 0.36 0.86 0.08 1.00 0.87 0.05 0.68 0.72 0.68 0.99 0.14 0.17 0.89 0.69 0.38 0.94 0.29 0.27 0.51 0.94 0.29 0.13 0.63 1.00 ]
];
