D = 8;
n = [ 3 3 3 3 3 3 3 3 ];
N = 81;
d = [1 1 1 1 1 1 1 1 1 1 2 2 2 2 2 2 2 2 2 2 3 3 3 3 3 3 3 3 3 3 4 4 4 4 4 4 4 4 4 4 5 5 5 5 5 5 5 5 5 5 6 6 6 6 6 6 6 6 6 6 7 7 7 7 7 7 7 7 7 7 8 8 8 8 8 8 8 8 8 8 8 ];
m = [
[1.00 0.20 0.15 0.09 0.38 0.27 0.52 0.68 0.19 0.26 0.72 0.38 0.04 0.88 0.59 0.31 0.33 0.26 0.53 0.91 0.92 0.43 0.78 0.51 0.71 0.71 0.35 0.22 0.67 0.99 0.37 0.10 0.60 0.60 0.85 0.06 0.82 0.38 0.21 0.41 0.91 0.64 0.21 0.25 0.77 0.73 0.70 0.92 0.70 0.35 0.27 0.57 0.54 0.74 0.32 0.40 0.74 0.14 0.39 0.78 0.92 0.30 0.80 0.53 0.41 0.78 0.21 0.91 0.66 0.67 0.97 0.28 0.95 0.89 0.37 0.35 1.00 0.16 0.14 0.18 0.19 ]
[0.20 1.00 0.12 0.76 0.91 0.58 0.76 0.13 0.51 0.28 0.04 0.19 0.83 0.45 0.64 0.51 0.74 0.59 0.13 0.75 0.76 0.10 0.57 0.01 0.18 0.21 0.78 0.78 0.54 0.94 0.14 0.95 0.12 0.88 0.52 0.79 0.63 0.18 0.01 1.00 0.23 0.49 0.08 0.79 0.09 0.30 0.47 0.17 0.19 0.36 0.46 0.27 0.70 0.31 0.38 0.78 0.26 0.26 0.97 0.02 0.54 0.43 0.19 0.31 0.39 0.49 0.45 0.60 0.70 0.64 0.17 0.98 0.86 0.74 0.86 0.64 0.27 0.83 0.38 0.65 0.53 ]
[0.15 0.12 1.00 0.53 0.96 0.41 0.23 0.97 0.58 0.02 0.86 0.90 0.26 0.51 0.39 0.89 0.17 0.40 0.62 0.72 0.40 0.71 0.73 0.78 0.13 0.56 0.19 0.12 0.07 0.37 0.28 0.76 0.16 0.20 0.57 0.71 0.24 0.23 0.78 0.42 0.20 0.63 0.13 0.45 0.23 0.13 0.44 0.83 0.49 0.33 0.35 0.77 0.79 0.89 0.19 0.44 0.67 0.17 0.83 0.59 0.07 0.71 0.08 0.23 0.09 0.86 0.02 0.34 0.83 1.00 0.01 0.54 0.26 0.06 0.34 0.05 0.15 0.46 0.82 0.65 0.23 ]
[0.09 0.76 0.53 1.00 0.30 0.63 0.79 0.51 0.78 0.32 0.85 0.45 0.49 0.45 0.35 0.72 0.08 0.10 0.83 0.83 0.19 0.30 0.08 0.98 0.47 0.47 0.27 0.20 0.27 0.33 0.20 0.11 0.55 0.24 0.11 0.84 0.40 0.60 0.08 0.48 0.01 0.24 0.10 0.52 0.07 0.08 0.76 0.96 0.54 0.77 0.36 0.66 0.50 0.65 0.97 0.12 0.61 0.78 0.45 0.96 0.38 0.68 0.32 0.01 0.61 0.25 0.41 0.56 0.35 0.12 0.82 0.42 0.96 0.18 0.35 0.87 0.90 0.51 0.88 0.88 0.55 ]
[0.38 0.91 0.96 0.30 1.00 0.99 0.88 0.49 0.81 0.87 0.50 0.66 0.75 0.72 0.90 0.82 0.68 0.15 0.07 0.65 0.82 0.08 0.62 0.66 0.42 0.98 0.46 0.69 0.82 0.01 0.37 0.24 0.23 0.33 0.82 0.01 0.51 0.11 0.11 0.87 0.62 0.10 0.35 0.54 0.13 0.57 0.67 0.91 0.88 0.61 0.81 0.74 0.77 0.98 0.69 0.42 0.34 0.84 0.22 0.71 0.32 0.66 0.59 0.77 0.08 0.73 1.00 0.37 0.28 0.35 0.73 0.08 0.77 0.22 0.37 0.46 0.27 0.85 0.36 0.84 0.50 ]
[0.27 0.58 0.41 0.63 0.99 1.00 0.80 0.77 0.31 0.65 0.90 0.67 0.75 0.61 0.71 0.70 0.56 0.13 0.63 0.49 0.50 0.95 0.53 0.31 0.31 0.19 0.22 0.35 0.60 0.92 0.19 0.28 0.17 0.20 0.53 0.02 0.75 0.74 0.35 0.93 0.47 0.42 0.79 0.51 0.86 0.75 0.50 0.01 0.58 0.08 0.68 0.09 0.96 0.94 0.62 0.57 0.32 0.64 0.42 0.85 0.07 0.39 0.22 0.69 0.01 0.14 0.23 0.86 0.65 0.49 0.53 0.66 0.73 0.46 0.62 0.86 0.83 0.89 0.51 0.90 0.28 ]
[0.52 0.76 0.23 0.79 0.88 0.80 1.00 0.13 0.52 0.42 0.57 0.07 0.29 0.09 0.42 0.40 0.18 0.75 0.76 0.75 0.52 0.01 0.50 0.99 0.27 0.68 0.07 0.10 0.17 0.57 0.22 0.01 0.78 0.25 0.48 0.63 0.09 0.87 0.60 0.18 0.99 0.56 0.21 0.87 0.52 0.15 0.15 0.40 0.31 0.39 0.32 0.11 0.16 0.42 0.76 0.16 0.08 0.45 0.79 0.39 0.13 0.43 0.52 0.12 0.38 0.55 0.42 0.70 0.03 0.07 0.92 0.17 0.05 0.54 0.71 0.91 0.20 0.26 0.79 0.96 0.79 ]
[0.68 0.13 0.97 0.51 0.49 0.77 0.13 1.00 0.47 0.86 0.50 0.10 0.17 0.08 0.31 0.61 0.69 0.78 0.87 0.51 0.39 0.78 0.82 0.65 0.93 0.48 0.14 0.03 0.39 0.10 0.96 0.24 0.38 0.73 0.13 0.99 0.63 0.57 0.87 0.07 0.56 0.14 0.78 0.93 0.19 0.54 0.61 0.99 0.71 0.34 0.98 0.58 0.23 0.56 0.80 0.25 0.62 0.28 0.10 0.38 0.61 0.09 0.07 0.91 0.21 0.24 0.29 0.42 0.27 0.97 0.44 0.67 0.09 0.32 0.55 0.63 0.49 0.24 0.29 0.58 0.05 ]
[0.19 0.51 0.58 0.78 0.81 0.31 0.52 0.47 1.00 0.56 0.61 0.73 0.06 0.08 0.93 0.13 0.99 0.37 0.88 0.57 0.73 0.46 0.22 0.11 0.04 0.39 0.49 0.43 0.06 0.49 0.32 0.11 0.39 0.14 0.84 0.74 0.45 0.25 0.85 0.30 0.34 0.47 0.13 0.42 0.64 0.24 0.06 0.96 0.09 0.38 0.25 0.46 0.11 0.19 0.34 0.89 0.82 0.26 0.25 0.76 0.81 0.09 0.99 0.86 0.06 0.94 0.18 0.02 0.90 0.84 0.63 0.74 0.45 0.33 0.60 0.81 0.17 0.66 0.55 0.36 0.61 ]
[0.26 0.28 0.02 0.32 0.87 0.65 0.42 0.86 0.56 1.00 0.26 0.89 0.11 0.07 0.34 0.83 0.73 0.48 0.01 0.80 0.98 0.39 0.26 0.52 0.36 0.07 0.11 0.61 0.39 0.24 0.92 0.01 0.85 0.60 0.36 0.54 0.74 0.82 0.57 0.52 0.72 0.12 0.83 0.64 0.88 0.57 0.05 0.07 0.45 0.93 0.62 0.93 0.20 0.15 0.66 0.29 0.84 0.93 0.04 0.70 0.15 0.87 0.70 0.76 0.37 0.42 0.26 0.66 0.02 0.87 0.98 0.11 0.98 0.26 0.39 0.84 0.93 0.62 0.43 0.83 0.96 ]
[0.72 0.04 0.86 0.85 0.50 0.90 0.57 0.50 0.61 0.26 1.00 0.29 0.92 0.31 0.34 0.27 0.11 0.25 0.79 0.40 0.09 0.15 0.94 0.45 0.85 0.62 0.64 0.28 0.02 0.13 0.26 0.11 0.31 0.70 0.95 0.91 0.15 0.43 0.94 0.47 0.66 0.88 0.82 0.75 0.40 0.78 0.26 0.12 0.13 0.84 0.32 0.93 0.70 0.80 0.14 0.91 0.79 0.59 0.45 0.95 0.13 0.28 0.75 0.45 0.28 0.69 0.38 0.32 0.56 0.54 0.46 0.34 0.07 0.77 0.89 0.53 0.55 0.97 0.22 0.78 0.24 ]
[0.38 0.19 0.90 0.45 0.66 0.67 0.07 0.10 0.73 0.89 0.29 1.00 0.70 0.39 0.71 0.81 0.09 0.27 0.64 0.91 0.69 0.53 0.62 0.40 0.11 0.33 0.51 0.49 0.76 0.79 0.96 0.00 0.39 0.03 0.34 0.33 0.02 0.21 0.61 0.28 0.47 0.28 0.72 0.95 0.35 0.70 0.76 0.83 0.11 0.16 0.22 0.46 0.20 0.31 0.58 0.05 0.86 0.81 0.87 0.08 0.45 0.29 0.59 0.08 0.53 0.70 0.81 0.76 0.99 0.72 0.68 0.89 0.97 0.51 0.52 0.89 0.93 0.07 0.92 0.50 0.97 ]
[0.04 0.83 0.26 0.49 0.75 0.75 0.29 0.17 0.06 0.11 0.92 0.70 1.00 0.35 0.88 0.99 0.69 0.81 0.96 0.76 0.72 0.04 0.15 0.50 0.64 0.80 0.23 0.93 0.27 0.28 0.84 0.63 0.19 0.27 0.66 0.33 0.43 0.13 0.15 0.11 0.27 0.72 0.31 0.49 0.51 0.96 0.63 0.04 0.27 0.78 0.74 0.87 0.08 0.98 0.28 0.98 0.03 0.20 0.34 0.06 0.84 0.82 0.82 0.57 0.51 0.60 0.85 0.23 0.62 0.13 0.56 0.94 0.15 0.64 0.69 0.92 0.56 0.32 0.36 0.63 0.67 ]
[0.88 0.45 0.51 0.45 0.72 0.61 0.09 0.08 0.08 0.07 0.31 0.39 0.35 1.00 0.05 0.66 0.77 0.46 0.65 0.51 0.50 0.46 0.69 0.63 0.48 0.46 0.62 0.11 0.10 0.66 0.93 0.07 0.46 0.43 0.15 0.53 0.74 0.99 0.76 0.38 0.82 0.65 0.62 0.22 0.20 0.88 0.84 0.96 0.71 0.23 0.38 0.38 0.84 0.77 0.83 0.21 0.77 0.37 0.69 0.28 0.81 0.82 0.17 0.85 0.25 0.30 0.53 0.37 0.38 0.99 0.77 0.25 0.96 0.57 0.97 0.96 0.69 0.18 0.23 0.73 0.28 ]
[0.59 0.64 0.39 0.35 0.90 0.71 0.42 0.31 0.93 0.34 0.34 0.71 0.88 0.05 1.00 0.70 0.15 0.93 0.29 0.47 0.60 0.51 0.04 0.79 0.16 0.53 0.05 0.07 0.00 0.97 0.83 0.84 0.25 0.23 0.49 0.31 0.24 0.23 0.27 0.61 0.09 0.13 0.80 0.35 0.68 0.02 0.55 0.43 0.72 0.98 0.76 0.33 0.39 0.38 0.83 0.39 0.06 0.44 0.17 0.28 0.56 0.49 0.10 0.44 0.51 0.64 0.06 0.49 0.81 0.85 0.86 0.93 0.65 0.29 0.07 0.12 0.35 0.92 0.31 0.63 0.38 ]
[0.31 0.51 0.89 0.72 0.82 0.70 0.40 0.61 0.13 0.83 0.27 0.81 0.99 0.66 0.70 1.00 0.38 0.77 0.76 0.90 0.77 0.36 0.69 0.14 0.10 0.93 0.87 0.07 0.83 0.70 0.77 0.07 0.29 0.44 0.76 0.28 0.32 0.66 0.80 0.94 0.28 0.49 0.75 0.07 0.32 0.61 0.77 0.41 0.90 0.66 0.54 0.01 0.88 0.40 0.97 0.81 0.23 0.98 0.20 0.31 0.79 0.81 0.63 0.13 0.71 0.53 0.65 0.50 0.83 0.44 0.56 0.01 0.17 0.10 0.78 0.55 0.01 0.81 0.17 0.42 0.18 ]
[0.33 0.74 0.17 0.08 0.68 0.56 0.18 0.69 0.99 0.73 0.11 0.09 0.69 0.77 0.15 0.38 1.00 0.89 0.02 0.21 0.36 0.53 0.47 0.14 0.58 0.86 0.37 0.63 0.31 0.47 0.26 0.14 0.84 0.14 0.98 0.91 0.74 0.64 0.13 0.57 0.17 0.76 0.17 0.37 0.07 0.24 0.10 0.86 0.90 0.54 0.69 0.60 0.58 0.82 0.52 0.07 0.73 0.17 0.03 0.31 0.48 0.58 0.08 0.48 0.21 0.45 0.31 0.98 0.77 0.77 0.66 0.61 0.56 0.53 0.22 0.26 0.27 0.93 0.98 0.67 0.82 ]
[0.26 0.59 0.40 0.10 0.15 0.13 0.75 0.78 0.37 0.48 0.25 0.27 0.81 0.46 0.93 0.77 0.89 1.00 0.83 0.84 0.12 0.22 0.86 0.82 0.34 0.27 0.16 0.39 0.32 0.10 0.19 0.24 0.14 0.11 0.54 0.39 0.59 0.04 0.66 0.64 0.40 0.03 0.07 0.39 0.02 0.06 0.29 0.55 0.17 0.13 0.89 0.81 0.05 0.74 0.24 0.11 0.69 0.67 0.36 0.54 0.05 0.70 0.74 0.45 0.90 0.26 0.75 0.36 0.65 0.74 0.79 0.57 0.99 0.70 0.02 0.63 0.32 0.71 0.72 0.64 0.17 ]
[0.53 0.13 0.62 0.83 0.07 0.63 0.76 0.87 0.88 0.01 0.79 0.64 0.96 0.65 0.29 0.76 0.02 0.83 1.00 0.85 0.13 0.32 0.06 0.73 0.75 0.76 0.91 0.16 0.50 0.42 0.81 0.75 0.13 0.35 0.15 0.90 0.19 0.23 0.18 0.04 0.09 0.45 0.98 0.34 0.22 0.67 0.29 0.68 0.16 0.23 0.85 0.20 0.10 0.99 0.78 0.38 0.18 0.40 0.39 0.26 0.38 0.29 0.19 0.26 0.88 0.59 0.68 0.60 0.66 0.58 0.84 0.37 0.10 0.94 0.00 0.49 0.47 0.03 0.31 0.18 0.93 ]
[0.91 0.75 0.72 0.83 0.65 0.49 0.75 0.51 0.57 0.80 0.40 0.91 0.76 0.51 0.47 0.90 0.21 0.84 0.85 1.00 0.73 0.58 0.39 0.67 0.88 0.24 0.13 0.18 0.44 0.19 0.20 0.49 0.12 0.04 0.73 0.11 0.04 0.55 0.07 0.40 0.48 0.36 0.77 0.14 0.55 0.37 0.15 0.60 0.90 0.03 0.17 0.02 0.38 0.43 0.74 0.30 0.00 0.56 0.96 0.02 0.08 0.05 0.31 0.17 0.93 0.48 0.42 0.41 0.42 0.43 0.75 0.61 0.76 0.42 0.41 0.17 0.41 0.21 0.97 0.61 0.99 ]
[0.92 0.76 0.40 0.19 0.82 0.50 0.52 0.39 0.73 0.98 0.09 0.69 0.72 0.50 0.60 0.77 0.36 0.12 0.13 0.73 1.00 0.36 0.24 0.30 0.85 0.76 0.77 0.07 0.85 0.55 0.41 0.51 0.79 0.75 0.24 0.49 0.33 0.78 0.36 0.40 0.27 0.68 0.94 0.79 0.34 0.25 0.10 0.99 0.72 0.93 0.75 0.10 0.01 0.61 0.07 0.92 0.80 0.10 0.09 0.45 0.23 0.93 0.20 0.29 0.35 0.04 0.71 0.08 0.74 0.68 0.55 0.98 0.58 0.99 0.63 0.23 0.42 0.29 0.25 0.34 0.72 ]
[0.43 0.10 0.71 0.30 0.08 0.95 0.01 0.78 0.46 0.39 0.15 0.53 0.04 0.46 0.51 0.36 0.53 0.22 0.32 0.58 0.36 1.00 0.12 0.03 0.38 0.80 0.84 0.50 0.47 0.42 0.84 0.79 0.75 0.09 0.10 0.99 0.22 0.30 0.77 0.88 0.66 0.23 0.97 0.28 0.95 0.31 0.79 0.67 0.50 0.32 0.84 0.91 0.83 0.61 0.36 0.94 0.26 0.95 0.05 0.30 0.44 0.45 0.39 0.94 0.45 0.98 0.17 0.59 0.53 0.60 0.99 0.70 1.00 0.53 0.09 0.29 0.01 0.30 0.60 0.97 0.39 ]
[0.78 0.57 0.73 0.08 0.62 0.53 0.50 0.82 0.22 0.26 0.94 0.62 0.15 0.69 0.04 0.69 0.47 0.86 0.06 0.39 0.24 0.12 1.00 0.51 0.28 0.58 0.67 0.92 0.89 0.62 0.77 0.11 0.13 0.27 0.49 0.55 0.81 0.53 0.02 0.17 0.82 0.09 0.72 0.74 0.88 0.72 0.07 0.22 0.15 0.97 0.11 0.07 0.50 0.95 0.33 0.48 0.27 0.17 0.12 0.81 0.65 0.88 0.18 0.69 0.76 0.41 0.46 0.68 0.90 0.10 0.03 0.61 0.14 0.12 0.84 0.08 0.33 0.81 0.35 0.65 0.46 ]
[0.51 0.01 0.78 0.98 0.66 0.31 0.99 0.65 0.11 0.52 0.45 0.40 0.50 0.63 0.79 0.14 0.14 0.82 0.73 0.67 0.30 0.03 0.51 1.00 0.54 0.43 0.42 0.86 0.19 0.76 0.16 0.56 0.95 0.97 0.54 0.23 0.00 0.79 0.26 0.86 0.92 0.77 0.17 0.82 0.64 0.86 0.07 0.49 0.60 0.24 0.48 0.86 0.63 0.40 0.88 0.75 0.05 0.84 0.53 0.66 0.13 0.87 0.61 0.49 0.80 0.08 0.89 0.83 0.55 0.96 0.22 0.54 0.23 0.03 0.58 0.56 0.23 0.89 0.54 0.69 0.67 ]
[0.71 0.18 0.13 0.47 0.42 0.31 0.27 0.93 0.04 0.36 0.85 0.11 0.64 0.48 0.16 0.10 0.58 0.34 0.75 0.88 0.85 0.38 0.28 0.54 1.00 0.59 0.18 0.32 0.65 0.82 0.15 0.50 0.92 0.85 0.45 0.95 0.71 0.45 0.50 0.90 0.66 0.27 0.90 0.51 0.06 0.86 0.59 0.10 0.62 0.99 0.14 0.54 0.01 0.10 0.59 0.52 0.70 0.26 0.44 0.50 0.01 0.49 0.84 0.07 0.88 0.60 0.73 0.14 0.11 0.36 0.66 0.13 0.99 0.97 0.89 0.34 0.22 0.58 0.22 0.19 0.95 ]
[0.71 0.21 0.56 0.47 0.98 0.19 0.68 0.48 0.39 0.07 0.62 0.33 0.80 0.46 0.53 0.93 0.86 0.27 0.76 0.24 0.76 0.80 0.58 0.43 0.59 1.00 0.81 0.34 0.91 0.79 0.69 0.20 0.09 0.81 0.41 0.56 0.04 0.22 0.08 0.64 0.96 0.69 0.23 0.07 0.85 0.10 0.86 0.51 0.32 0.07 0.43 0.96 0.93 0.09 0.77 0.76 0.32 0.13 0.44 0.73 0.08 0.95 0.43 0.57 0.55 0.02 0.12 0.32 0.97 0.13 0.84 0.12 0.49 0.43 0.34 0.76 1.00 0.06 0.33 0.70 0.93 ]
[0.35 0.78 0.19 0.27 0.46 0.22 0.07 0.14 0.49 0.11 0.64 0.51 0.23 0.62 0.05 0.87 0.37 0.16 0.91 0.13 0.77 0.84 0.67 0.42 0.18 0.81 1.00 0.22 0.75 0.41 0.67 0.94 0.67 0.09 0.16 0.20 0.92 0.24 0.63 0.73 0.50 0.58 0.45 0.88 0.71 0.29 0.66 0.95 0.48 0.46 0.35 0.26 0.67 0.60 0.16 0.50 0.96 0.41 0.97 0.68 0.39 0.13 0.76 0.16 0.76 0.45 0.44 0.29 0.83 0.05 0.39 0.65 0.39 0.04 0.42 0.83 0.76 0.70 0.23 0.29 0.67 ]
[0.22 0.78 0.12 0.20 0.69 0.35 0.10 0.03 0.43 0.61 0.28 0.49 0.93 0.11 0.07 0.07 0.63 0.39 0.16 0.18 0.07 0.50 0.92 0.86 0.32 0.34 0.22 1.00 0.88 0.39 0.13 0.98 0.54 0.90 0.99 0.32 0.89 0.72 0.50 0.47 0.89 0.25 0.38 0.74 0.61 0.65 0.71 0.46 0.45 0.61 0.23 0.85 0.77 0.72 0.18 0.08 0.21 0.60 0.77 0.72 0.12 0.76 0.18 0.24 0.64 0.40 0.41 0.48 0.25 0.23 0.52 0.71 0.83 0.96 0.97 0.22 0.21 0.26 0.19 0.73 0.62 ]
[0.67 0.54 0.07 0.27 0.82 0.60 0.17 0.39 0.06 0.39 0.02 0.76 0.27 0.10 0.00 0.83 0.31 0.32 0.50 0.44 0.85 0.47 0.89 0.19 0.65 0.91 0.75 0.88 1.00 0.24 0.30 0.79 0.79 0.42 0.90 0.39 0.49 0.83 0.44 0.02 0.01 0.11 0.29 0.98 0.52 0.23 0.31 0.80 0.65 0.57 0.65 0.90 0.82 0.74 0.28 0.19 0.20 0.30 0.28 0.72 0.40 0.69 0.34 0.95 0.06 0.57 0.61 0.88 0.76 0.25 0.16 0.79 0.21 0.39 0.76 0.76 0.98 0.93 0.85 0.85 0.48 ]
[0.99 0.94 0.37 0.33 0.01 0.92 0.57 0.10 0.49 0.24 0.13 0.79 0.28 0.66 0.97 0.70 0.47 0.10 0.42 0.19 0.55 0.42 0.62 0.76 0.82 0.79 0.41 0.39 0.24 1.00 0.78 0.81 0.64 0.38 0.58 0.77 0.06 0.95 0.46 0.65 0.50 0.23 0.68 0.75 0.56 0.05 0.56 0.93 0.54 0.96 0.98 0.92 0.50 0.43 0.20 0.93 0.02 0.61 0.08 0.97 0.66 0.69 0.63 0.22 0.07 0.04 0.05 0.52 0.72 0.10 0.32 0.23 0.32 0.29 0.60 0.66 0.65 0.86 0.73 0.80 0.75 ]
[0.37 0.14 0.28 0.20 0.37 0.19 0.22 0.96 0.32 0.92 0.26 0.96 0.84 0.93 0.83 0.77 0.26 0.19 0.81 0.20 0.41 0.84 0.77 0.16 0.15 0.69 0.67 0.13 0.30 0.78 1.00 0.65 0.99 0.56 0.37 0.18 0.50 0.32 0.83 0.57 0.64 0.71 0.55 0.22 0.96 0.85 0.15 0.31 0.74 0.33 1.00 0.74 0.05 0.26 0.95 0.07 0.08 0.93 0.26 0.29 0.04 0.89 0.39 0.68 0.30 0.15 0.18 0.91 0.60 0.48 0.59 0.16 0.19 0.42 0.80 0.19 0.05 0.74 0.17 0.52 0.17 ]
[0.10 0.95 0.76 0.11 0.24 0.28 0.01 0.24 0.11 0.01 0.11 0.00 0.63 0.07 0.84 0.07 0.14 0.24 0.75 0.49 0.51 0.79 0.11 0.56 0.50 0.20 0.94 0.98 0.79 0.81 0.65 1.00 0.43 0.15 0.08 0.77 0.05 0.45 0.42 0.25 1.00 0.51 0.50 0.36 0.81 0.78 0.36 1.00 0.47 0.22 0.34 0.27 0.30 0.61 0.23 0.50 0.51 0.79 0.43 0.20 0.02 0.42 0.36 0.59 0.19 0.94 0.22 0.93 0.67 0.10 0.84 0.51 0.32 0.22 0.64 0.30 0.07 0.94 0.54 0.25 0.77 ]
[0.60 0.12 0.16 0.55 0.23 0.17 0.78 0.38 0.39 0.85 0.31 0.39 0.19 0.46 0.25 0.29 0.84 0.14 0.13 0.12 0.79 0.75 0.13 0.95 0.92 0.09 0.67 0.54 0.79 0.64 0.99 0.43 1.00 0.20 0.98 0.96 0.25 0.68 0.87 0.59 0.34 0.93 0.88 0.06 0.01 0.83 0.24 0.32 0.74 0.26 0.66 0.37 0.43 0.80 0.30 0.01 0.51 0.39 0.16 0.71 0.37 0.36 0.11 0.07 0.80 0.33 0.19 0.48 0.28 0.30 0.91 0.37 0.46 0.51 0.51 0.30 0.68 0.66 0.18 0.44 0.78 ]
[0.60 0.88 0.20 0.24 0.33 0.20 0.25 0.73 0.14 0.60 0.70 0.03 0.27 0.43 0.23 0.44 0.14 0.11 0.35 0.04 0.75 0.09 0.27 0.97 0.85 0.81 0.09 0.90 0.42 0.38 0.56 0.15 0.20 1.00 0.90 0.22 0.82 0.11 0.65 0.53 0.75 0.19 0.84 0.46 0.38 0.11 0.39 0.93 0.49 0.01 0.30 0.35 0.56 0.27 0.50 0.52 0.47 0.52 0.32 0.43 0.18 0.14 0.18 0.93 0.35 0.33 0.36 0.68 0.29 0.97 0.85 0.20 0.96 0.08 0.34 0.57 0.16 0.01 0.34 0.64 0.20 ]
[0.85 0.52 0.57 0.11 0.82 0.53 0.48 0.13 0.84 0.36 0.95 0.34 0.66 0.15 0.49 0.76 0.98 0.54 0.15 0.73 0.24 0.10 0.49 0.54 0.45 0.41 0.16 0.99 0.90 0.58 0.37 0.08 0.98 0.90 1.00 0.74 0.37 0.13 0.70 0.63 0.18 0.80 0.84 0.65 0.71 0.17 0.68 0.68 0.91 0.15 0.71 0.63 0.60 0.04 0.85 0.66 0.66 0.56 0.12 0.23 0.94 0.60 0.60 0.77 0.43 0.12 0.46 0.43 0.93 0.24 0.28 0.54 0.65 0.99 0.89 0.06 0.24 0.92 0.04 0.27 0.88 ]
[0.06 0.79 0.71 0.84 0.01 0.02 0.63 0.99 0.74 0.54 0.91 0.33 0.33 0.53 0.31 0.28 0.91 0.39 0.90 0.11 0.49 0.99 0.55 0.23 0.95 0.56 0.20 0.32 0.39 0.77 0.18 0.77 0.96 0.22 0.74 1.00 0.55 0.55 0.18 0.43 0.26 0.39 0.89 0.08 0.04 0.24 0.64 0.89 0.19 0.51 0.20 0.59 0.05 0.71 0.97 0.98 0.86 0.36 0.36 0.94 0.54 0.23 0.01 0.27 0.47 0.06 0.17 0.44 0.51 0.63 0.29 0.86 0.84 0.50 0.72 0.63 0.62 0.83 0.88 0.65 0.50 ]
[0.82 0.63 0.24 0.40 0.51 0.75 0.09 0.63 0.45 0.74 0.15 0.02 0.43 0.74 0.24 0.32 0.74 0.59 0.19 0.04 0.33 0.22 0.81 0.00 0.71 0.04 0.92 0.89 0.49 0.06 0.50 0.05 0.25 0.82 0.37 0.55 1.00 0.28 0.94 0.53 0.84 0.83 0.68 0.40 0.92 0.69 0.58 0.31 0.89 0.97 0.94 0.01 0.43 0.21 0.06 1.00 0.90 0.05 0.03 0.32 0.42 0.60 0.67 0.47 0.15 0.60 0.59 0.57 0.46 0.14 0.34 0.97 0.64 0.67 0.07 0.64 0.27 0.80 0.75 0.34 0.92 ]
[0.38 0.18 0.23 0.60 0.11 0.74 0.87 0.57 0.25 0.82 0.43 0.21 0.13 0.99 0.23 0.66 0.64 0.04 0.23 0.55 0.78 0.30 0.53 0.79 0.45 0.22 0.24 0.72 0.83 0.95 0.32 0.45 0.68 0.11 0.13 0.55 0.28 1.00 0.06 0.78 0.94 0.57 0.10 0.03 0.66 0.65 0.32 0.18 0.75 0.20 0.62 0.83 0.93 0.91 0.61 0.03 0.97 0.56 0.16 0.04 0.32 0.64 0.24 0.48 0.32 0.94 0.90 0.15 0.31 0.84 0.72 0.10 0.88 0.90 0.93 0.77 0.43 0.63 0.40 0.85 0.18 ]
[0.21 0.01 0.78 0.08 0.11 0.35 0.60 0.87 0.85 0.57 0.94 0.61 0.15 0.76 0.27 0.80 0.13 0.66 0.18 0.07 0.36 0.77 0.02 0.26 0.50 0.08 0.63 0.50 0.44 0.46 0.83 0.42 0.87 0.65 0.70 0.18 0.94 0.06 1.00 0.97 0.36 0.14 0.39 0.68 0.96 0.85 0.51 0.70 0.96 0.74 0.65 0.52 0.28 0.38 0.14 0.38 0.51 0.76 0.91 0.70 0.23 0.40 0.73 0.68 0.56 0.38 0.71 0.91 0.92 0.45 0.59 0.51 0.43 0.73 0.23 0.48 0.90 0.05 0.21 0.10 0.73 ]
[0.41 1.00 0.42 0.48 0.87 0.93 0.18 0.07 0.30 0.52 0.47 0.28 0.11 0.38 0.61 0.94 0.57 0.64 0.04 0.40 0.40 0.88 0.17 0.86 0.90 0.64 0.73 0.47 0.02 0.65 0.57 0.25 0.59 0.53 0.63 0.43 0.53 0.78 0.97 1.00 0.65 0.69 0.75 0.90 0.23 0.91 0.86 0.75 0.94 0.84 0.59 0.48 0.59 0.62 0.75 0.09 0.32 0.47 0.68 0.04 0.57 0.89 0.89 0.45 0.76 0.21 0.54 0.16 0.55 0.25 0.39 0.72 0.02 0.07 0.19 0.46 0.15 0.11 0.28 0.12 0.91 ]
[0.91 0.23 0.20 0.01 0.62 0.47 0.99 0.56 0.34 0.72 0.66 0.47 0.27 0.82 0.09 0.28 0.17 0.40 0.09 0.48 0.27 0.66 0.82 0.92 0.66 0.96 0.50 0.89 0.01 0.50 0.64 1.00 0.34 0.75 0.18 0.26 0.84 0.94 0.36 0.65 1.00 0.96 0.36 0.29 0.72 0.43 0.91 0.27 0.02 0.64 0.60 0.00 0.24 0.03 0.63 0.12 0.15 0.68 0.52 0.52 0.46 0.12 0.86 0.62 0.03 0.47 0.69 0.82 0.94 0.96 0.22 0.16 0.28 0.40 0.65 0.30 0.01 0.34 0.88 0.47 0.93 ]
[0.64 0.49 0.63 0.24 0.10 0.42 0.56 0.14 0.47 0.12 0.88 0.28 0.72 0.65 0.13 0.49 0.76 0.03 0.45 0.36 0.68 0.23 0.09 0.77 0.27 0.69 0.58 0.25 0.11 0.23 0.71 0.51 0.93 0.19 0.80 0.39 0.83 0.57 0.14 0.69 0.96 1.00 0.82 0.36 0.85 0.18 0.96 0.31 0.96 0.66 0.41 0.08 0.80 0.25 0.95 0.71 0.77 0.50 0.07 0.51 0.40 0.10 0.98 0.24 0.20 0.53 0.70 0.83 0.42 0.10 0.56 0.21 0.44 0.46 0.32 0.40 0.84 0.38 0.32 0.01 0.80 ]
[0.21 0.08 0.13 0.10 0.35 0.79 0.21 0.78 0.13 0.83 0.82 0.72 0.31 0.62 0.80 0.75 0.17 0.07 0.98 0.77 0.94 0.97 0.72 0.17 0.90 0.23 0.45 0.38 0.29 0.68 0.55 0.50 0.88 0.84 0.84 0.89 0.68 0.10 0.39 0.75 0.36 0.82 1.00 0.58 0.75 0.56 0.22 0.89 0.29 0.66 0.05 0.37 0.49 0.50 0.53 0.14 0.82 0.88 0.99 0.49 0.63 0.86 0.59 0.86 0.94 0.22 0.03 0.38 0.24 0.37 0.23 0.04 0.92 0.05 0.16 0.02 0.18 0.37 0.79 0.70 0.56 ]
[0.25 0.79 0.45 0.52 0.54 0.51 0.87 0.93 0.42 0.64 0.75 0.95 0.49 0.22 0.35 0.07 0.37 0.39 0.34 0.14 0.79 0.28 0.74 0.82 0.51 0.07 0.88 0.74 0.98 0.75 0.22 0.36 0.06 0.46 0.65 0.08 0.40 0.03 0.68 0.90 0.29 0.36 0.58 1.00 0.74 0.17 0.84 0.94 0.73 0.35 0.05 0.90 0.56 0.63 0.09 0.44 0.40 0.09 0.82 0.13 0.31 0.97 0.42 0.34 0.68 0.72 0.29 0.22 0.34 0.75 0.16 0.26 0.85 0.90 0.45 0.55 0.15 0.15 0.31 0.68 0.89 ]
[0.77 0.09 0.23 0.07 0.13 0.86 0.52 0.19 0.64 0.88 0.40 0.35 0.51 0.20 0.68 0.32 0.07 0.02 0.22 0.55 0.34 0.95 0.88 0.64 0.06 0.85 0.71 0.61 0.52 0.56 0.96 0.81 0.01 0.38 0.71 0.04 0.92 0.66 0.96 0.23 0.72 0.85 0.75 0.74 1.00 0.89 0.69 0.75 0.78 0.12 0.78 0.56 0.49 0.60 0.94 0.08 0.29 0.81 0.90 0.45 0.70 0.02 0.46 0.25 0.31 0.12 0.29 0.62 0.69 0.29 0.39 0.54 0.65 0.24 0.97 0.48 0.46 0.93 0.29 0.47 0.14 ]
[0.73 0.30 0.13 0.08 0.57 0.75 0.15 0.54 0.24 0.57 0.78 0.70 0.96 0.88 0.02 0.61 0.24 0.06 0.67 0.37 0.25 0.31 0.72 0.86 0.86 0.10 0.29 0.65 0.23 0.05 0.85 0.78 0.83 0.11 0.17 0.24 0.69 0.65 0.85 0.91 0.43 0.18 0.56 0.17 0.89 1.00 0.27 0.57 0.36 0.52 0.72 0.33 0.30 0.92 0.53 0.62 0.04 0.79 0.39 0.73 0.43 0.62 0.83 0.34 0.45 0.09 0.53 0.36 0.24 0.49 0.31 0.73 0.90 0.60 0.21 0.12 0.75 0.31 0.62 0.27 0.76 ]
[0.70 0.47 0.44 0.76 0.67 0.50 0.15 0.61 0.06 0.05 0.26 0.76 0.63 0.84 0.55 0.77 0.10 0.29 0.29 0.15 0.10 0.79 0.07 0.07 0.59 0.86 0.66 0.71 0.31 0.56 0.15 0.36 0.24 0.39 0.68 0.64 0.58 0.32 0.51 0.86 0.91 0.96 0.22 0.84 0.69 0.27 1.00 0.94 0.98 0.07 0.69 0.83 0.60 0.85 0.28 0.11 0.82 0.21 0.35 0.48 0.89 0.42 0.72 0.99 0.25 0.30 0.49 0.70 0.54 0.16 0.06 0.23 0.39 0.19 0.67 0.93 0.64 0.79 0.45 0.50 0.02 ]
[0.92 0.17 0.83 0.96 0.91 0.01 0.40 0.99 0.96 0.07 0.12 0.83 0.04 0.96 0.43 0.41 0.86 0.55 0.68 0.60 0.99 0.67 0.22 0.49 0.10 0.51 0.95 0.46 0.80 0.93 0.31 1.00 0.32 0.93 0.68 0.89 0.31 0.18 0.70 0.75 0.27 0.31 0.89 0.94 0.75 0.57 0.94 1.00 0.31 0.45 0.66 0.49 1.00 0.73 0.95 0.95 0.02 0.02 0.52 0.87 0.16 0.20 0.23 0.21 0.11 0.81 0.10 0.73 0.02 0.34 0.02 0.86 0.54 0.33 0.80 0.82 0.32 0.26 0.24 0.69 0.65 ]
[0.70 0.19 0.49 0.54 0.88 0.58 0.31 0.71 0.09 0.45 0.13 0.11 0.27 0.71 0.72 0.90 0.90 0.17 0.16 0.90 0.72 0.50 0.15 0.60 0.62 0.32 0.48 0.45 0.65 0.54 0.74 0.47 0.74 0.49 0.91 0.19 0.89 0.75 0.96 0.94 0.02 0.96 0.29 0.73 0.78 0.36 0.98 0.31 1.00 0.96 0.23 0.20 0.98 0.18 0.52 0.07 0.88 0.80 0.72 0.86 0.82 0.91 0.73 0.29 0.88 0.15 0.07 0.43 0.16 0.63 0.79 0.71 0.39 0.94 0.61 0.52 0.79 0.75 0.89 0.43 0.38 ]
[0.35 0.36 0.33 0.77 0.61 0.08 0.39 0.34 0.38 0.93 0.84 0.16 0.78 0.23 0.98 0.66 0.54 0.13 0.23 0.03 0.93 0.32 0.97 0.24 0.99 0.07 0.46 0.61 0.57 0.96 0.33 0.22 0.26 0.01 0.15 0.51 0.97 0.20 0.74 0.84 0.64 0.66 0.66 0.35 0.12 0.52 0.07 0.45 0.96 1.00 0.16 0.37 0.74 0.46 0.34 0.40 0.00 0.44 0.98 0.39 0.14 0.21 0.22 0.47 0.52 0.03 0.95 0.58 0.90 0.74 0.14 0.50 0.80 0.13 0.24 0.61 0.79 0.81 0.91 0.06 0.33 ]
[0.27 0.46 0.35 0.36 0.81 0.68 0.32 0.98 0.25 0.62 0.32 0.22 0.74 0.38 0.76 0.54 0.69 0.89 0.85 0.17 0.75 0.84 0.11 0.48 0.14 0.43 0.35 0.23 0.65 0.98 1.00 0.34 0.66 0.30 0.71 0.20 0.94 0.62 0.65 0.59 0.60 0.41 0.05 0.05 0.78 0.72 0.69 0.66 0.23 0.16 1.00 0.07 0.92 0.96 0.03 0.80 0.60 0.45 0.58 0.85 0.74 0.93 0.53 0.25 0.62 0.24 0.57 0.02 0.29 0.30 0.84 0.04 0.52 0.04 0.52 0.07 0.50 0.14 0.14 0.20 0.59 ]
[0.57 0.27 0.77 0.66 0.74 0.09 0.11 0.58 0.46 0.93 0.93 0.46 0.87 0.38 0.33 0.01 0.60 0.81 0.20 0.02 0.10 0.91 0.07 0.86 0.54 0.96 0.26 0.85 0.90 0.92 0.74 0.27 0.37 0.35 0.63 0.59 0.01 0.83 0.52 0.48 0.00 0.08 0.37 0.90 0.56 0.33 0.83 0.49 0.20 0.37 0.07 1.00 0.85 0.83 0.39 0.83 0.02 0.17 0.33 0.68 0.63 0.20 0.11 0.98 0.63 0.03 0.76 0.92 0.79 0.06 0.55 0.79 0.52 0.33 0.86 0.65 0.02 0.17 0.39 0.80 0.88 ]
[0.54 0.70 0.79 0.50 0.77 0.96 0.16 0.23 0.11 0.20 0.70 0.20 0.08 0.84 0.39 0.88 0.58 0.05 0.10 0.38 0.01 0.83 0.50 0.63 0.01 0.93 0.67 0.77 0.82 0.50 0.05 0.30 0.43 0.56 0.60 0.05 0.43 0.93 0.28 0.59 0.24 0.80 0.49 0.56 0.49 0.30 0.60 1.00 0.98 0.74 0.92 0.85 1.00 0.94 0.65 0.52 0.71 0.98 0.23 0.34 0.25 0.07 0.21 0.42 0.33 0.65 0.52 0.13 0.07 0.20 0.57 0.93 0.55 0.73 0.88 0.80 0.09 0.02 0.42 0.99 0.30 ]
[0.74 0.31 0.89 0.65 0.98 0.94 0.42 0.56 0.19 0.15 0.80 0.31 0.98 0.77 0.38 0.40 0.82 0.74 0.99 0.43 0.61 0.61 0.95 0.40 0.10 0.09 0.60 0.72 0.74 0.43 0.26 0.61 0.80 0.27 0.04 0.71 0.21 0.91 0.38 0.62 0.03 0.25 0.50 0.63 0.60 0.92 0.85 0.73 0.18 0.46 0.96 0.83 0.94 1.00 0.40 0.36 0.57 0.28 0.16 0.48 0.10 0.40 0.51 0.13 0.20 0.42 0.32 0.17 0.16 0.51 0.37 0.03 0.26 0.21 0.22 0.90 0.32 0.77 0.20 0.99 0.25 ]
[0.32 0.38 0.19 0.97 0.69 0.62 0.76 0.80 0.34 0.66 0.14 0.58 0.28 0.83 0.83 0.97 0.52 0.24 0.78 0.74 0.07 0.36 0.33 0.88 0.59 0.77 0.16 0.18 0.28 0.20 0.95 0.23 0.30 0.50 0.85 0.97 0.06 0.61 0.14 0.75 0.63 0.95 0.53 0.09 0.94 0.53 0.28 0.95 0.52 0.34 0.03 0.39 0.65 0.40 1.00 0.03 0.12 0.36 0.65 0.60 0.73 0.65 0.21 0.94 0.26 0.61 0.05 0.40 0.08 0.17 0.19 0.70 0.48 0.57 0.49 0.75 0.98 0.09 0.31 0.32 0.30 ]
[0.40 0.78 0.44 0.12 0.42 0.57 0.16 0.25 0.89 0.29 0.91 0.05 0.98 0.21 0.39 0.81 0.07 0.11 0.38 0.30 0.92 0.94 0.48 0.75 0.52 0.76 0.50 0.08 0.19 0.93 0.07 0.50 0.01 0.52 0.66 0.98 1.00 0.03 0.38 0.09 0.12 0.71 0.14 0.44 0.08 0.62 0.11 0.95 0.07 0.40 0.80 0.83 0.52 0.36 0.03 1.00 0.09 0.62 0.85 0.01 0.27 0.85 0.93 0.97 0.85 0.22 0.87 0.70 0.08 0.20 0.58 0.84 0.10 0.11 0.30 0.57 0.21 0.79 0.55 0.59 0.51 ]
[0.74 0.26 0.67 0.61 0.34 0.32 0.08 0.62 0.82 0.84 0.79 0.86 0.03 0.77 0.06 0.23 0.73 0.69 0.18 0.00 0.80 0.26 0.27 0.05 0.70 0.32 0.96 0.21 0.20 0.02 0.08 0.51 0.51 0.47 0.66 0.86 0.90 0.97 0.51 0.32 0.15 0.77 0.82 0.40 0.29 0.04 0.82 0.02 0.88 0.00 0.60 0.02 0.71 0.57 0.12 0.09 1.00 0.96 0.99 0.32 0.79 0.55 0.14 0.73 0.66 0.12 0.05 0.40 0.72 0.76 0.43 0.22 0.62 0.15 0.99 0.42 0.48 0.18 0.50 0.65 0.11 ]
[0.14 0.26 0.17 0.78 0.84 0.64 0.45 0.28 0.26 0.93 0.59 0.81 0.20 0.37 0.44 0.98 0.17 0.67 0.40 0.56 0.10 0.95 0.17 0.84 0.26 0.13 0.41 0.60 0.30 0.61 0.93 0.79 0.39 0.52 0.56 0.36 0.05 0.56 0.76 0.47 0.68 0.50 0.88 0.09 0.81 0.79 0.21 0.02 0.80 0.44 0.45 0.17 0.98 0.28 0.36 0.62 0.96 1.00 0.24 0.29 0.77 0.06 0.91 0.92 0.72 0.24 0.58 0.60 0.91 0.18 0.73 0.71 0.49 0.68 0.42 0.21 0.65 0.94 0.31 0.75 0.31 ]
[0.39 0.97 0.83 0.45 0.22 0.42 0.79 0.10 0.25 0.04 0.45 0.87 0.34 0.69 0.17 0.20 0.03 0.36 0.39 0.96 0.09 0.05 0.12 0.53 0.44 0.44 0.97 0.77 0.28 0.08 0.26 0.43 0.16 0.32 0.12 0.36 0.03 0.16 0.91 0.68 0.52 0.07 0.99 0.82 0.90 0.39 0.35 0.52 0.72 0.98 0.58 0.33 0.23 0.16 0.65 0.85 0.99 0.24 1.00 0.38 0.30 0.72 0.63 0.45 0.68 0.36 0.68 0.31 0.87 0.20 0.12 0.77 0.15 0.07 0.92 0.01 0.32 0.15 0.09 0.62 0.54 ]
[0.78 0.02 0.59 0.96 0.71 0.85 0.39 0.38 0.76 0.70 0.95 0.08 0.06 0.28 0.28 0.31 0.31 0.54 0.26 0.02 0.45 0.30 0.81 0.66 0.50 0.73 0.68 0.72 0.72 0.97 0.29 0.20 0.71 0.43 0.23 0.94 0.32 0.04 0.70 0.04 0.52 0.51 0.49 0.13 0.45 0.73 0.48 0.87 0.86 0.39 0.85 0.68 0.34 0.48 0.60 0.01 0.32 0.29 0.38 1.00 0.78 0.75 0.56 0.77 0.09 0.44 0.65 0.21 0.47 0.40 0.75 0.23 0.70 0.09 0.37 0.67 0.04 0.10 0.13 0.81 0.62 ]
[0.92 0.54 0.07 0.38 0.32 0.07 0.13 0.61 0.81 0.15 0.13 0.45 0.84 0.81 0.56 0.79 0.48 0.05 0.38 0.08 0.23 0.44 0.65 0.13 0.01 0.08 0.39 0.12 0.40 0.66 0.04 0.02 0.37 0.18 0.94 0.54 0.42 0.32 0.23 0.57 0.46 0.40 0.63 0.31 0.70 0.43 0.89 0.16 0.82 0.14 0.74 0.63 0.25 0.10 0.73 0.27 0.79 0.77 0.30 0.78 1.00 0.89 0.48 0.40 0.39 0.82 0.37 0.74 0.26 0.21 0.93 0.44 0.07 0.95 0.71 0.06 0.14 0.29 0.29 0.96 0.11 ]
[0.30 0.43 0.71 0.68 0.66 0.39 0.43 0.09 0.09 0.87 0.28 0.29 0.82 0.82 0.49 0.81 0.58 0.70 0.29 0.05 0.93 0.45 0.88 0.87 0.49 0.95 0.13 0.76 0.69 0.69 0.89 0.42 0.36 0.14 0.60 0.23 0.60 0.64 0.40 0.89 0.12 0.10 0.86 0.97 0.02 0.62 0.42 0.20 0.91 0.21 0.93 0.20 0.07 0.40 0.65 0.85 0.55 0.06 0.72 0.75 0.89 1.00 0.67 0.87 0.66 0.12 0.05 0.75 0.27 0.97 0.81 0.31 0.24 0.03 0.06 0.94 0.38 0.19 0.94 0.40 0.46 ]
[0.80 0.19 0.08 0.32 0.59 0.22 0.52 0.07 0.99 0.70 0.75 0.59 0.82 0.17 0.10 0.63 0.08 0.74 0.19 0.31 0.20 0.39 0.18 0.61 0.84 0.43 0.76 0.18 0.34 0.63 0.39 0.36 0.11 0.18 0.60 0.01 0.67 0.24 0.73 0.89 0.86 0.98 0.59 0.42 0.46 0.83 0.72 0.23 0.73 0.22 0.53 0.11 0.21 0.51 0.21 0.93 0.14 0.91 0.63 0.56 0.48 0.67 1.00 0.03 0.56 0.36 0.79 0.17 0.68 0.97 0.88 0.13 0.40 0.69 0.08 0.14 0.35 0.67 0.34 0.91 0.30 ]
[0.53 0.31 0.23 0.01 0.77 0.69 0.12 0.91 0.86 0.76 0.45 0.08 0.57 0.85 0.44 0.13 0.48 0.45 0.26 0.17 0.29 0.94 0.69 0.49 0.07 0.57 0.16 0.24 0.95 0.22 0.68 0.59 0.07 0.93 0.77 0.27 0.47 0.48 0.68 0.45 0.62 0.24 0.86 0.34 0.25 0.34 0.99 0.21 0.29 0.47 0.25 0.98 0.42 0.13 0.94 0.97 0.73 0.92 0.45 0.77 0.40 0.87 0.03 1.00 0.67 0.01 0.80 0.05 0.93 0.32 0.46 0.55 0.58 0.74 0.15 0.80 0.85 0.92 0.78 0.34 0.60 ]
[0.41 0.39 0.09 0.61 0.08 0.01 0.38 0.21 0.06 0.37 0.28 0.53 0.51 0.25 0.51 0.71 0.21 0.90 0.88 0.93 0.35 0.45 0.76 0.80 0.88 0.55 0.76 0.64 0.06 0.07 0.30 0.19 0.80 0.35 0.43 0.47 0.15 0.32 0.56 0.76 0.03 0.20 0.94 0.68 0.31 0.45 0.25 0.11 0.88 0.52 0.62 0.63 0.33 0.20 0.26 0.85 0.66 0.72 0.68 0.09 0.39 0.66 0.56 0.67 1.00 0.64 0.96 0.05 0.03 0.17 0.44 0.24 0.01 0.42 0.72 0.06 0.31 0.28 0.64 0.79 0.18 ]
[0.78 0.49 0.86 0.25 0.73 0.14 0.55 0.24 0.94 0.42 0.69 0.70 0.60 0.30 0.64 0.53 0.45 0.26 0.59 0.48 0.04 0.98 0.41 0.08 0.60 0.02 0.45 0.40 0.57 0.04 0.15 0.94 0.33 0.33 0.12 0.06 0.60 0.94 0.38 0.21 0.47 0.53 0.22 0.72 0.12 0.09 0.30 0.81 0.15 0.03 0.24 0.03 0.65 0.42 0.61 0.22 0.12 0.24 0.36 0.44 0.82 0.12 0.36 0.01 0.64 1.00 0.73 0.35 0.36 0.06 0.22 0.25 0.93 0.21 0.44 0.67 0.25 0.59 0.49 0.29 0.86 ]
[0.21 0.45 0.02 0.41 1.00 0.23 0.42 0.29 0.18 0.26 0.38 0.81 0.85 0.53 0.06 0.65 0.31 0.75 0.68 0.42 0.71 0.17 0.46 0.89 0.73 0.12 0.44 0.41 0.61 0.05 0.18 0.22 0.19 0.36 0.46 0.17 0.59 0.90 0.71 0.54 0.69 0.70 0.03 0.29 0.29 0.53 0.49 0.10 0.07 0.95 0.57 0.76 0.52 0.32 0.05 0.87 0.05 0.58 0.68 0.65 0.37 0.05 0.79 0.80 0.96 0.73 1.00 0.78 0.39 0.14 0.55 0.38 0.08 0.99 0.54 0.62 0.73 0.29 0.65 0.63 0.39 ]
[0.91 0.60 0.34 0.56 0.37 0.86 0.70 0.42 0.02 0.66 0.32 0.76 0.23 0.37 0.49 0.50 0.98 0.36 0.60 0.41 0.08 0.59 0.68 0.83 0.14 0.32 0.29 0.48 0.88 0.52 0.91 0.93 0.48 0.68 0.43 0.44 0.57 0.15 0.91 0.16 0.82 0.83 0.38 0.22 0.62 0.36 0.70 0.73 0.43 0.58 0.02 0.92 0.13 0.17 0.40 0.70 0.40 0.60 0.31 0.21 0.74 0.75 0.17 0.05 0.05 0.35 0.78 1.00 0.13 0.03 0.03 0.23 0.53 0.99 0.57 0.72 0.44 0.78 0.30 0.44 0.67 ]
[0.66 0.70 0.83 0.35 0.28 0.65 0.03 0.27 0.90 0.02 0.56 0.99 0.62 0.38 0.81 0.83 0.77 0.65 0.66 0.42 0.74 0.53 0.90 0.55 0.11 0.97 0.83 0.25 0.76 0.72 0.60 0.67 0.28 0.29 0.93 0.51 0.46 0.31 0.92 0.55 0.94 0.42 0.24 0.34 0.69 0.24 0.54 0.02 0.16 0.90 0.29 0.79 0.07 0.16 0.08 0.08 0.72 0.91 0.87 0.47 0.26 0.27 0.68 0.93 0.03 0.36 0.39 0.13 1.00 0.72 0.13 0.39 0.07 0.04 0.65 0.30 0.46 0.25 0.66 0.39 0.48 ]
[0.67 0.64 1.00 0.12 0.35 0.49 0.07 0.97 0.84 0.87 0.54 0.72 0.13 0.99 0.85 0.44 0.77 0.74 0.58 0.43 0.68 0.60 0.10 0.96 0.36 0.13 0.05 0.23 0.25 0.10 0.48 0.10 0.30 0.97 0.24 0.63 0.14 0.84 0.45 0.25 0.96 0.10 0.37 0.75 0.29 0.49 0.16 0.34 0.63 0.74 0.30 0.06 0.20 0.51 0.17 0.20 0.76 0.18 0.20 0.40 0.21 0.97 0.97 0.32 0.17 0.06 0.14 0.03 0.72 1.00 0.11 0.03 0.61 0.05 0.84 0.23 0.81 0.07 0.20 0.84 0.54 ]
[0.97 0.17 0.01 0.82 0.73 0.53 0.92 0.44 0.63 0.98 0.46 0.68 0.56 0.77 0.86 0.56 0.66 0.79 0.84 0.75 0.55 0.99 0.03 0.22 0.66 0.84 0.39 0.52 0.16 0.32 0.59 0.84 0.91 0.85 0.28 0.29 0.34 0.72 0.59 0.39 0.22 0.56 0.23 0.16 0.39 0.31 0.06 0.02 0.79 0.14 0.84 0.55 0.57 0.37 0.19 0.58 0.43 0.73 0.12 0.75 0.93 0.81 0.88 0.46 0.44 0.22 0.55 0.03 0.13 0.11 1.00 0.97 0.33 0.98 0.82 0.56 0.31 0.94 0.15 0.56 0.24 ]
[0.28 0.98 0.54 0.42 0.08 0.66 0.17 0.67 0.74 0.11 0.34 0.89 0.94 0.25 0.93 0.01 0.61 0.57 0.37 0.61 0.98 0.70 0.61 0.54 0.13 0.12 0.65 0.71 0.79 0.23 0.16 0.51 0.37 0.20 0.54 0.86 0.97 0.10 0.51 0.72 0.16 0.21 0.04 0.26 0.54 0.73 0.23 0.86 0.71 0.50 0.04 0.79 0.93 0.03 0.70 0.84 0.22 0.71 0.77 0.23 0.44 0.31 0.13 0.55 0.24 0.25 0.38 0.23 0.39 0.03 0.97 1.00 0.08 0.99 0.59 0.31 0.74 0.63 0.48 0.97 0.56 ]
[0.95 0.86 0.26 0.96 0.77 0.73 0.05 0.09 0.45 0.98 0.07 0.97 0.15 0.96 0.65 0.17 0.56 0.99 0.10 0.76 0.58 1.00 0.14 0.23 0.99 0.49 0.39 0.83 0.21 0.32 0.19 0.32 0.46 0.96 0.65 0.84 0.64 0.88 0.43 0.02 0.28 0.44 0.92 0.85 0.65 0.90 0.39 0.54 0.39 0.80 0.52 0.52 0.55 0.26 0.48 0.10 0.62 0.49 0.15 0.70 0.07 0.24 0.40 0.58 0.01 0.93 0.08 0.53 0.07 0.61 0.33 0.08 1.00 0.47 0.18 0.08 0.94 0.34 0.59 0.66 0.19 ]
[0.89 0.74 0.06 0.18 0.22 0.46 0.54 0.32 0.33 0.26 0.77 0.51 0.64 0.57 0.29 0.10 0.53 0.70 0.94 0.42 0.99 0.53 0.12 0.03 0.97 0.43 0.04 0.96 0.39 0.29 0.42 0.22 0.51 0.08 0.99 0.50 0.67 0.90 0.73 0.07 0.40 0.46 0.05 0.90 0.24 0.60 0.19 0.33 0.94 0.13 0.04 0.33 0.73 0.21 0.57 0.11 0.15 0.68 0.07 0.09 0.95 0.03 0.69 0.74 0.42 0.21 0.99 0.99 0.04 0.05 0.98 0.99 0.47 1.00 0.66 0.20 0.83 0.66 0.81 0.53 0.88 ]
[0.37 0.86 0.34 0.35 0.37 0.62 0.71 0.55 0.60 0.39 0.89 0.52 0.69 0.97 0.07 0.78 0.22 0.02 0.00 0.41 0.63 0.09 0.84 0.58 0.89 0.34 0.42 0.97 0.76 0.60 0.80 0.64 0.51 0.34 0.89 0.72 0.07 0.93 0.23 0.19 0.65 0.32 0.16 0.45 0.97 0.21 0.67 0.80 0.61 0.24 0.52 0.86 0.88 0.22 0.49 0.30 0.99 0.42 0.92 0.37 0.71 0.06 0.08 0.15 0.72 0.44 0.54 0.57 0.65 0.84 0.82 0.59 0.18 0.66 1.00 0.33 0.48 0.64 0.85 0.77 0.84 ]
[0.35 0.64 0.05 0.87 0.46 0.86 0.91 0.63 0.81 0.84 0.53 0.89 0.92 0.96 0.12 0.55 0.26 0.63 0.49 0.17 0.23 0.29 0.08 0.56 0.34 0.76 0.83 0.22 0.76 0.66 0.19 0.30 0.30 0.57 0.06 0.63 0.64 0.77 0.48 0.46 0.30 0.40 0.02 0.55 0.48 0.12 0.93 0.82 0.52 0.61 0.07 0.65 0.80 0.90 0.75 0.57 0.42 0.21 0.01 0.67 0.06 0.94 0.14 0.80 0.06 0.67 0.62 0.72 0.30 0.23 0.56 0.31 0.08 0.20 0.33 1.00 0.52 0.85 0.91 0.23 0.76 ]
[1.00 0.27 0.15 0.90 0.27 0.83 0.20 0.49 0.17 0.93 0.55 0.93 0.56 0.69 0.35 0.01 0.27 0.32 0.47 0.41 0.42 0.01 0.33 0.23 0.22 1.00 0.76 0.21 0.98 0.65 0.05 0.07 0.68 0.16 0.24 0.62 0.27 0.43 0.90 0.15 0.01 0.84 0.18 0.15 0.46 0.75 0.64 0.32 0.79 0.79 0.50 0.02 0.09 0.32 0.98 0.21 0.48 0.65 0.32 0.04 0.14 0.38 0.35 0.85 0.31 0.25 0.73 0.44 0.46 0.81 0.31 0.74 0.94 0.83 0.48 0.52 1.00 0.47 0.11 0.84 0.67 ]
[0.16 0.83 0.46 0.51 0.85 0.89 0.26 0.24 0.66 0.62 0.97 0.07 0.32 0.18 0.92 0.81 0.93 0.71 0.03 0.21 0.29 0.30 0.81 0.89 0.58 0.06 0.70 0.26 0.93 0.86 0.74 0.94 0.66 0.01 0.92 0.83 0.80 0.63 0.05 0.11 0.34 0.38 0.37 0.15 0.93 0.31 0.79 0.26 0.75 0.81 0.14 0.17 0.02 0.77 0.09 0.79 0.18 0.94 0.15 0.10 0.29 0.19 0.67 0.92 0.28 0.59 0.29 0.78 0.25 0.07 0.94 0.63 0.34 0.66 0.64 0.85 0.47 1.00 0.86 0.60 0.78 ]
[0.14 0.38 0.82 0.88 0.36 0.51 0.79 0.29 0.55 0.43 0.22 0.92 0.36 0.23 0.31 0.17 0.98 0.72 0.31 0.97 0.25 0.60 0.35 0.54 0.22 0.33 0.23 0.19 0.85 0.73 0.17 0.54 0.18 0.34 0.04 0.88 0.75 0.40 0.21 0.28 0.88 0.32 0.79 0.31 0.29 0.62 0.45 0.24 0.89 0.91 0.14 0.39 0.42 0.20 0.31 0.55 0.50 0.31 0.09 0.13 0.29 0.94 0.34 0.78 0.64 0.49 0.65 0.30 0.66 0.20 0.15 0.48 0.59 0.81 0.85 0.91 0.11 0.86 1.00 0.61 0.42 ]
[0.18 0.65 0.65 0.88 0.84 0.90 0.96 0.58 0.36 0.83 0.78 0.50 0.63 0.73 0.63 0.42 0.67 0.64 0.18 0.61 0.34 0.97 0.65 0.69 0.19 0.70 0.29 0.73 0.85 0.80 0.52 0.25 0.44 0.64 0.27 0.65 0.34 0.85 0.10 0.12 0.47 0.01 0.70 0.68 0.47 0.27 0.50 0.69 0.43 0.06 0.20 0.80 0.99 0.99 0.32 0.59 0.65 0.75 0.62 0.81 0.96 0.40 0.91 0.34 0.79 0.29 0.63 0.44 0.39 0.84 0.56 0.97 0.66 0.53 0.77 0.23 0.84 0.60 0.61 1.00 0.04 ]
[0.19 0.53 0.23 0.55 0.50 0.28 0.79 0.05 0.61 0.96 0.24 0.97 0.67 0.28 0.38 0.18 0.82 0.17 0.93 0.99 0.72 0.39 0.46 0.67 0.95 0.93 0.67 0.62 0.48 0.75 0.17 0.77 0.78 0.20 0.88 0.50 0.92 0.18 0.73 0.91 0.93 0.80 0.56 0.89 0.14 0.76 0.02 0.65 0.38 0.33 0.59 0.88 0.30 0.25 0.30 0.51 0.11 0.31 0.54 0.62 0.11 0.46 0.30 0.60 0.18 0.86 0.39 0.67 0.48 0.54 0.24 0.56 0.19 0.88 0.84 0.76 0.67 0.78 0.42 0.04 1.00 ]
];
