2
4 4 
17
1 1 1 1 1 1 2 2 2 2 2 2 2 2 2 2 2 
1.00 0.30 0.60 0.75 0.25 0.60 0.65 0.40 0.95 0.60 0.70 0.25 0.55 0.90 0.10 0.45 0.65 
0.30 1.00 0.40 0.30 0.70 0.75 0.25 0.50 0.25 0.90 0.45 0.15 0.00 0.00 0.10 0.25 0.85 
0.60 0.40 1.00 0.60 0.75 0.05 1.00 0.25 0.35 0.50 0.55 0.75 0.05 0.50 0.95 0.45 0.65 
0.75 0.30 0.60 1.00 0.80 0.30 0.95 1.00 0.30 0.45 1.00 0.55 0.55 0.25 0.70 0.45 0.70 
0.25 0.70 0.75 0.80 1.00 0.70 0.80 0.15 0.90 0.60 0.40 0.55 0.70 0.15 0.90 0.05 0.80 
0.60 0.75 0.05 0.30 0.70 1.00 0.25 0.35 0.00 0.20 0.50 0.50 0.75 0.65 0.05 0.65 0.95 
0.65 0.25 1.00 0.95 0.80 0.25 1.00 0.65 0.65 0.10 0.10 0.55 0.60 0.95 0.60 0.65 0.70 
0.40 0.50 0.25 1.00 0.15 0.35 0.65 1.00 0.55 0.45 0.05 0.00 0.40 0.80 0.50 0.75 0.70 
0.95 0.25 0.35 0.30 0.90 0.00 0.65 0.55 1.00 0.90 0.90 0.30 0.10 0.95 0.70 0.10 0.30 
0.60 0.90 0.50 0.45 0.60 0.20 0.10 0.45 0.90 1.00 0.25 0.50 0.75 0.35 0.65 0.30 0.60 
0.70 0.45 0.55 1.00 0.40 0.50 0.10 0.05 0.90 0.25 1.00 1.00 0.25 0.60 0.60 0.50 0.20 
0.25 0.15 0.75 0.55 0.55 0.50 0.55 0.00 0.30 0.50 1.00 1.00 0.45 0.55 0.30 0.35 0.80 
0.55 0.00 0.05 0.55 0.70 0.75 0.60 0.40 0.10 0.75 0.25 0.45 1.00 0.40 0.80 0.70 0.45 
0.90 0.00 0.50 0.25 0.15 0.65 0.95 0.80 0.95 0.35 0.60 0.55 0.40 1.00 0.65 0.20 1.00 
0.10 0.10 0.95 0.70 0.90 0.05 0.60 0.50 0.70 0.65 0.60 0.30 0.80 0.65 1.00 0.90 0.95 
0.45 0.25 0.45 0.45 0.05 0.65 0.65 0.75 0.10 0.30 0.50 0.35 0.70 0.20 0.90 1.00 0.50 
0.65 0.85 0.65 0.70 0.80 0.95 0.70 0.70 0.30 0.60 0.20 0.80 0.45 1.00 0.95 0.50 1.00 

